1.00000000000000005551e-01	9.97323160922889383195e-03
1.04712854805089961019e-01	1.02326338321684605359e-02
1.09647819614318520198e-01	1.04970411322105258711e-02
1.14815362149688293680e-01	1.07664927720118024784e-02
1.20226443461741300256e-01	1.10410307945759487286e-02
1.25892541179416728170e-01	1.13207006871383856345e-02
1.31825673855640701504e-01	1.16055520933721102728e-02
1.38038426460288493614e-01	1.18956395983306900677e-02
1.44543977074592738807e-01	1.21910235216820712900e-02
1.51356124843620820641e-01	1.24917707564407998860e-02
1.58489319246111343142e-01	1.27979553701013590294e-02
1.65958690743756076547e-01	1.31096595564858722088e-02
1.73780082874937569226e-01	1.34269746429228307993e-02
1.81970085860998359584e-01	1.37500019080981136094e-02
1.90546071796324739678e-01	1.40788533231061621653e-02
1.99526231496887973549e-01	1.44136505737028283725e-02
2.08929613085403975692e-01	1.47545264749650364977e-02
2.18776162394955259183e-01	1.51016245474019494138e-02
2.29086765276777321043e-01	1.54550985766052535741e-02
2.39883291901949097236e-01	1.58151123805129883992e-02
2.51188643150958013095e-01	1.61818392660408455486e-02
2.63026799189538251778e-01	1.65554605716590648445e-02
2.75422870333816627308e-01	1.69361638336280283246e-02
2.88403150312660561116e-01	1.73241402626253503116e-02
3.01995172040201653729e-01	1.77195815172397283521e-02
3.16227766016837941176e-01	1.81226757632899672379e-02
3.31131121482591161964e-01	1.85336029514779898619e-02
3.46736850452531664146e-01	1.89525290464577118865e-02
3.63078054770101354976e-01	1.93795991428990198313e-02
3.80189396320561201481e-01	1.98149295568475665441e-02
3.98107170553497313747e-01	2.02585984693792013622e-02
4.16869383470335419517e-01	2.07106351909406329048e-02
4.36515832240166046230e-01	2.11710068365479897601e-02
4.57088189614875073374e-01	2.16396048488049566605e-02
4.78630092322638311941e-01	2.21162327808267257512e-02
5.01187233627272354930e-01	2.26005903317363816829e-02
5.24807460249772539385e-01	2.30922605732823763014e-02
5.49540873857624623255e-01	2.35906926812004813510e-02
5.75439937337157036978e-01	2.40951833840779491847e-02
6.02559586074357778074e-01	2.46048675316291286241e-02
6.30957344480193249581e-01	2.51186886229111325242e-02
6.60693448007595995897e-01	2.56353535382502703555e-02
6.91830970918936638547e-01	2.61533162633542440312e-02
7.24435960074990226154e-01	2.66707963222059078745e-02
7.58577575029183770461e-01	2.71857587968797782818e-02
7.94328234724281490031e-01	2.76959142529636485885e-02
8.31763771102670967927e-01	2.81987119160611483804e-02
8.70963589956080697085e-01	2.86913419762522131640e-02
9.12010839355909874726e-01	2.91707432484300567543e-02
9.54992586021435885257e-01	2.96336171019927763215e-02
9.99999999999999888978e-01	3.00764503464866841953e-02
1.04712854805089983223e+00	3.04955418690183235886e-02
1.09647819614318531301e+00	3.08870288679151776268e-02
1.14815362149688282578e+00	3.12469279676390356004e-02
1.20226443461741272500e+00	3.15711928325249080451e-02
1.25892541179416705965e+00	3.18557650283907006772e-02
1.31825673855640723708e+00	3.20966104988290520938e-02
1.38038426460288499165e+00	3.22896827182543935675e-02
1.44543977074592744358e+00	3.24310586602663125655e-02
1.51356124843620798437e+00	3.25170489856911604232e-02
1.58489319246111382000e+00	3.25442628880251647039e-02
1.65958690743756065444e+00	3.25096843990084760634e-02
1.73780082874937535919e+00	3.24107412650447082592e-02
1.81970085860998342930e+00	3.22453730503827265541e-02
1.90546071796324767433e+00	3.20120862943848172311e-02
1.99526231496887973549e+00	3.17099828001907654840e-02
2.08929613085403964590e+00	3.13387579572506763670e-02
2.18776162394955253632e+00	3.08987137306957274085e-02
2.29086765276777271083e+00	3.03908433033525694766e-02
2.39883291901949080582e+00	2.98168440122508690560e-02
2.51188643150958057504e+00	2.91791034385591070699e-02
2.63026799189538174062e+00	2.84806780355282042339e-02
2.75422870333816627308e+00	2.77252566531804821304e-02
2.88403150312660683241e+00	2.69171133073079216214e-02
3.01995172040201653729e+00	2.60610494050494724549e-02
3.16227766016837952279e+00	2.51623221850581155201e-02
3.31131121482591206373e+00	2.42265723168676831711e-02
3.46736850452531619737e+00	2.32597319792637730052e-02
3.63078054770101443793e+00	2.22679379344537763108e-02
3.80189396320561057152e+00	2.12574385407920327107e-02
3.98107170553497224930e+00	2.02345021241106121090e-02
4.16869383470335552744e+00	1.92053292803181473170e-02
4.36515832240165835287e+00	1.81759675878257753734e-02
4.57088189614875073374e+00	1.71522331712388211022e-02
4.78630092322638489577e+00	1.61396350588290486694e-02
5.01187233627272288317e+00	1.51433143711885657284e-02
5.24807460249772717020e+00	1.41679913747212397196e-02
5.49540873857624490029e+00	1.32179231399502175592e-02
5.75439937337156948161e+00	1.22968750542414139576e-02
6.02559586074357955710e+00	1.14081134305180232485e-02
6.30957344480193160763e+00	1.05544030033825429055e-02
6.60693448007596106919e+00	9.73798469695902509102e-03
6.91830970918936305480e+00	8.96058877337264393648e-03
7.24435960074990159541e+00	8.22345304551066504095e-03
7.58577575029184103528e+00	7.52734554975433012292e-03
7.94328234724281401213e+00	6.87259805019889424837e-03
8.31763771102671078950e+00	6.25913969825849132722e-03
8.70963589956080319610e+00	5.68653760452757662397e-03
9.12010839355909830317e+00	5.15403795012202032427e-03
9.54992586021436196120e+00	4.66060829165923333484e-03
9.99999999999999822364e+00	4.20498076776845263608e-03
1.04712854805089961019e+01	3.78569524683844763069e-03
1.09647819614318535741e+01	3.40114103475125297699e-03
1.14815362149688269255e+01	3.04958175903273032495e-03
1.20226443461741325791e+01	2.72913802555576441231e-03
1.25892541179416692643e+01	2.43788616307240042086e-03
1.31825673855640701504e+01	2.17390370618138466935e-03
1.38038426460288530251e+01	1.93529132789336784717e-03
1.44543977074592735477e+01	1.72019288086047044718e-03
1.51356124843620847287e+01	1.52680967231248699775e-03
1.58489319246111293182e+01	1.35341507192866718906e-03
1.65958690743756065444e+01	1.19836752836156379756e-03
1.73780082874937598092e+01	1.06012239378173089496e-03
1.81970085860998302962e+01	9.37242125092319446934e-04
1.90546071796324731906e+01	8.28315686756775295015e-04
1.99526231496888044603e+01	7.31772789451582339124e-04
2.08929613085403929063e+01	6.46137258533116543013e-04
2.18776162394955306922e+01	5.70198052866547678598e-04
2.29086765276777271083e+01	5.02874582984531794290e-04
2.39883291901949036173e+01	4.43205276977731179016e-04
2.51188643150958093031e+01	3.90350914045909519468e-04
2.63026799189538174062e+01	3.43577321436407568268e-04
2.75422870333816689481e+01	3.02203438253587086670e-04
2.88403150312660514487e+01	2.65630719450061689689e-04
3.01995172040201644847e+01	2.33340691957275561588e-04
3.16227766016838032215e+01	2.04852851489942787162e-04
3.31131121482591055383e+01	1.79738925639364750938e-04
3.46736850452531655264e+01	1.57628259690116079902e-04
3.63078054770101488202e+01	1.38185344659596306277e-04
3.80189396320561172615e+01	1.21062897354767248824e-04
3.98107170553497340393e+01	1.05999505630916435357e-04
4.16869383470335321817e+01	9.27609269360317418652e-05
4.36515832240166048450e+01	8.11312491565817117982e-05
4.57088189614875233246e+01	7.09221465181155482239e-05
4.78630092322638347468e+01	6.19722020801122827974e-05
5.01187233627272377134e+01	5.41319036599910343582e-05
5.24807460249772503857e+01	4.72611031473761726259e-05
5.49540873857624561083e+01	4.12498646641116297482e-05
5.75439937337157090269e+01	3.59966838095979608505e-05
6.02559586074357653729e+01	3.14085917284198318038e-05
6.30957344480193356162e+01	2.74071738375459413256e-05
6.60693448007595804938e+01	2.39245305540089530294e-05
6.91830970918936571934e+01	2.08985374735932353911e-05
7.24435960074990248359e+01	1.82750112885376607462e-05
7.58577575029183606148e+01	1.60003666844284834765e-05
7.94328234724281543322e+01	1.40272083349544867894e-05
8.31763771102671398694e+01	1.23142358150554567152e-05
8.70963589956080568300e+01	1.08218502213508430013e-05
9.12010839355909865844e+01	9.50950357857187284015e-06
9.54992586021435698740e+01	8.33556356137670914576e-06
1.00000000000000000000e+02	7.29278564091242249184e-06
1.04712854805089918386e+02	6.37334015207522456778e-06
1.09647819614318564163e+02	5.56585272556088136683e-06
1.14815362149688283466e+02	4.85865677746954591155e-06
1.20226443461741254737e+02	4.24069061234250639555e-06
1.25892541179416824093e+02	3.70116589269887308935e-06
1.31825673855640758347e+02	3.23004581772706053918e-06
1.38038426460288462749e+02	2.81910573396759302840e-06
1.44543977074592675081e+02	2.46071003765324185897e-06
1.51356124843620875708e+02	2.14797087763280617980e-06
1.58489319246111335815e+02	1.87503119836592324281e-06
1.65958690743755965968e+02	1.63702584219133573624e-06
1.73780082874937647830e+02	1.42962985568914073930e-06
1.81970085860998352700e+02	1.24919196414601017139e-06
1.90546071796324639536e+02	1.09129884047648722632e-06
1.99526231496888101447e+02	9.52984045600879623983e-07
2.08929613085403985906e+02	8.31883043334680434700e-07
2.18776162394955207446e+02	7.25884326764419079140e-07
2.29086765276777498457e+02	6.33190311060077331082e-07
2.39883291901949149860e+02	5.52184406034628990113e-07
2.51188643150958000660e+02	4.81406966657917727362e-07
2.63026799189537996426e+02	4.19515562670441541740e-07
2.75422870333816774746e+02	3.65437889635778682535e-07
2.88403150312660613963e+02	3.18218623200060322515e-07
3.01995172040201453001e+02	2.76974116825301760852e-07
3.16227766016838131691e+02	2.40958664159077955063e-07
3.31131121482591140648e+02	2.09571692100686210791e-07
3.46736850452531541578e+02	1.82170987158929641908e-07
3.63078054770101573467e+02	1.58266950227807738630e-07
3.80189396320561286302e+02	1.37463946892199849501e-07
3.98107170553497155652e+02	1.19388666267047509044e-07
4.16869383470335776565e+02	1.03674837464362782553e-07
4.36515832240166162137e+02	9.00085580422255257119e-08
4.57088189614874977451e+02	7.81597567676421717673e-08
4.78630092322638063251e+02	6.78749612465150904233e-08
5.01187233627272519243e+02	5.89111466983480568081e-08
5.24807460249772589123e+02	5.10481099049055865510e-08
5.49540873857624205812e+02	4.39951145526619074147e-08
5.75439937337157289221e+02	3.76017249512736784602e-08
6.02559586074357753205e+02	3.26556664355493748366e-08
6.30957344480193114578e+02	2.84867168254661990534e-08
6.60693448007596543903e+02	2.48790578772641608951e-08
6.91830970918936600356e+02	2.17337238223428788097e-08
7.24435960074989907298e+02	1.89845191593944282009e-08
7.58577575029183208244e+02	1.65748547971810358656e-08
7.94328234724281742274e+02	1.44554471257310821510e-08
8.31763771102670943947e+02	1.26117643353535984783e-08
8.70963589956080113552e+02	1.10108729314862951548e-08
9.12010839355910206905e+02	9.61579237680418625198e-09
9.54992586021436068222e+02	8.39779768498943320155e-09
9.99999999999999545253e+02	7.33404901180771663924e-09
1.04712854805090023547e+03	6.40501719106432416254e-09
1.09647819614318518688e+03	5.59367637174195326542e-09
1.14815362149688235149e+03	4.88514778431548383450e-09
1.20226443461741359897e+03	4.26647600980939374841e-09
1.25892541179416753039e+03	3.72628822863654096655e-09
1.31825673855640684451e+03	3.25464318879010875266e-09
1.38038426460288383169e+03	2.84284306396849169599e-09
1.44543977074592817189e+03	2.48323515601228070509e-09
1.51356124843620818865e+03	2.16890332957371244342e-09
1.58489319246111244865e+03	1.89261294095184501148e-09
1.65958690743756142183e+03	1.65143555802167980324e-09
1.73780082874937556880e+03	1.44133783899246589219e-09
1.81970085860998278804e+03	1.25789291615858198912e-09
1.90546071796324849856e+03	1.09738345032841619341e-09
1.99526231496887999128e+03	9.57442633875255851503e-10
2.08929613085403889272e+03	8.36479814425640517320e-10
2.18776162394955417767e+03	7.31055223178608865920e-10
2.29086765276777396139e+03	6.38975327507136624234e-10
2.39883291901948996383e+03	5.58498124678719127889e-10
2.51188643150957841499e+03	4.88140799973884955113e-10
2.63026799189538314749e+03	4.26613766201066930775e-10
2.75422870333816626953e+03	3.72792282144001777490e-10
2.88403150312660454802e+03	3.25689810570677044179e-10
3.01995172040201759955e+03	2.84464310339018099177e-10
3.16227766016837949792e+03	2.48380766181646447795e-10
3.31131121482590970118e+03	2.16797863055434934716e-10
3.46736850452531871269e+03	1.89155834189745779796e-10
3.63078054770101380200e+03	1.64966205038705383579e-10
3.80189396320561081666e+03	1.43801391202195814468e-10
3.98107170553497599030e+03	1.25293432178798609713e-10
4.16869383470335560560e+03	1.09112135699561142249e-10
4.36515832240165855183e+03	9.49020877144633594968e-11
4.57088189614874772815e+03	8.21771990691804616065e-11
4.78630092322638574842e+03	7.07505212871189642375e-11
5.01187233627272235026e+03	6.08408763312351140357e-11
5.24807460249772339012e+03	5.22651483931227315154e-11
5.49540873857624865195e+03	4.48485210613727865140e-11
5.75439937337156970898e+03	3.84382456227423167606e-11
6.02559586074357503094e+03	3.29013856213572049484e-11
6.30957344480193660274e+03	2.81222886713382000307e-11
6.60693448007596180105e+03	2.40003581875304181698e-11
6.91830970918936236558e+03	2.04481160699799378690e-11
7.24435960074990634894e+03	1.73895061144876322759e-11
7.58577575029183935840e+03	1.47584219298814338556e-11
7.94328234724281355739e+03	1.24974194825411144106e-11
8.31763771102670398250e+03	1.05565960981216390752e-11
8.70963589956080977572e+03	8.89261405698603093316e-12
9.12010839355909774895e+03	7.46784954281642961268e-12
9.54992586021435454313e+03	6.24965002093652304835e-12
1.00000000000000072760e+04	5.20968848963765495163e-12
1.04712854805089955335e+04	4.32340010789275868046e-12
1.09647819614318468666e+04	3.56949192302674557387e-12
1.14815362149688353384e+04	2.92951501359785261788e-12
1.20226443461741309875e+04	2.38749333862411044830e-12
1.25892541179416693922e+04	1.92959891857524331206e-12
1.31825673855640816328e+04	1.54387012984541262417e-12
1.38038426460288537783e+04	1.21996606718325030150e-12
1.44543977074592730787e+04	9.48952855064434040295e-13
1.51356124843620727916e+04	7.23117668446872757618e-13
1.58489319246111408575e+04	5.35806960236109636321e-13
1.65958690743756051234e+04	3.81285623577612078858e-13
1.73780082874937470478e+04	2.54614796661842013364e-13
1.81970085860998442513e+04	1.51545319810793900433e-13
1.90546071796324758907e+04	6.84252956205788880101e-14
1.99526231496887921821e+04	2.11974363424162752657e-15
2.08929613085404125741e+04	-5.00592159051521540041e-14
2.18776162394955317723e+04	-9.04129799186097333963e-14
2.29086765276777259714e+04	-1.20909093426137730674e-13
2.39883291901948869054e+04	-1.43226908180267881755e-13
2.51188643150958087062e+04	-1.58797193803668906479e-13
2.63026799189538178325e+04	-1.68836500447027042430e-13
2.75422870333816463244e+04	-1.74376915704712056219e-13
2.88403150312660727650e+04	-1.76291862511790543648e-13
3.01995172040201614436e+04	-1.75318420790582172841e-13
3.16227766016837813368e+04	-1.72076660975266394899e-13
3.31131121482591261156e+04	-1.67086351040016280593e-13
3.46736850452531652991e+04	-1.60781419734199257116e-13
3.63078054770101225586e+04	-1.53522378853351987810e-13
3.80189396320561500033e+04	-1.45607180223175288525e-13
3.98107170553497344372e+04	-1.37280415342751787416e-13
4.16869383470335305901e+04	-1.28741373873739196978e-13
4.36515832240165618714e+04	-1.20150924868919970793e-13
4.57088189614875227562e+04	-1.11637438897970944151e-13
4.78630092322638301994e+04	-1.03301873703607479215e-13
5.01187233627271998557e+04	-9.52221413254730125762e-14
5.24807460249772921088e+04	-8.74569065136869375281e-14
5.49540873857624610537e+04	-8.00487120329006513010e-14
5.75439937337156661670e+04	-7.30267826168782384595e-14
6.02559586074358085170e+04	-6.64093355561374128583e-14
6.30957344480193351046e+04	-6.02055926150224057250e-14
6.60693448007595725358e+04	-5.44174694218871710571e-14
6.91830970918937091483e+04	-4.90409760007797159553e-14
7.24435960074990143767e+04	-4.40675628251215015486e-14
7.58577575029183499282e+04	-3.94849261155652408830e-14
7.94328234724280919181e+04	-3.52781180362185859689e-14
8.31763771102671307744e+04	-3.14301123495992699167e-14
8.70963589956080541015e+04	-2.79224662642301721280e-14
9.12010839355909265578e+04	-2.47358534076994488712e-14
9.54992586021436436567e+04	-2.18507850142092784983e-14
1.00000000000000000000e+05	-1.92748747530387370709e-14
