1.00000000000000005551e-01	1.01023720293189640113e-02
1.04712854805089961019e-01	1.03649244672699442776e-02
1.09647819614318520198e-01	1.06325376711979349698e-02
1.14815362149688293680e-01	1.09052502634840592366e-02
1.20226443461741300256e-01	1.11831035680816578970e-02
1.25892541179416728170e-01	1.14661422734636773979e-02
1.31825673855640701504e-01	1.17544151442177339378e-02
1.38038426460288493614e-01	1.20479758057100670710e-02
1.44543977074592738807e-01	1.23468835373714783815e-02
1.51356124843620820641e-01	1.26512041118026045960e-02
1.58489319246111343142e-01	1.29610103965812004101e-02
1.65958690743756076547e-01	1.32763833070535085951e-02
1.73780082874937569226e-01	1.35974128146777537701e-02
1.81970085860998359584e-01	1.39241987661968651124e-02
1.90546071796324739678e-01	1.42568516260828514336e-02
1.99526231496887973549e-01	1.45954915001488862158e-02
2.08929613085403975692e-01	1.49402495514140594424e-02
2.18776162394955259183e-01	1.52912675771054232254e-02
2.29086765276777321043e-01	1.56486975687032368876e-02
2.39883291901949097236e-01	1.60127014788928080657e-02
2.51188643150958013095e-01	1.63834506769270915605e-02
2.63026799189538251778e-01	1.67611244886930153830e-02
2.75422870333816627308e-01	1.71459083588772244477e-02
2.88403150312660561116e-01	1.75379913216116810337e-02
3.01995172040201653729e-01	1.79375627656879720051e-02
3.16227766016837941176e-01	1.83448084828817595260e-02
3.31131121482591161964e-01	1.87599059314523981812e-02
3.46736850452531664146e-01	1.91830184474303874764e-02
3.63078054770101354976e-01	1.96142883387935250405e-02
3.80189396320561201481e-01	2.00538289503518762924e-02
3.98107170553497313747e-01	2.05017152758701047544e-02
4.16869383470335419517e-01	2.09579731853826063681e-02
4.36515832240166046230e-01	2.14225660574921400459e-02
4.57088189614875073374e-01	2.18953812533416065922e-02
4.78630092322638311941e-01	2.23762178441653594718e-02
5.01187233627272354930e-01	2.28647705849676328993e-02
5.24807460249772539385e-01	2.33606170729844866973e-02
5.49540873857624623255e-01	2.38632004047264444091e-02
5.75439937337157036978e-01	2.43718105448581003059e-02
6.02559586074357778074e-01	2.48855748096226091215e-02
6.30957344480193249581e-01	2.54034283060681001509e-02
6.60693448007595995897e-01	2.59240685727146862039e-02
6.91830970918936638547e-01	2.64459392133718565465e-02
7.24435960074990226154e-01	2.69672482433890442488e-02
7.58577575029183770461e-01	2.74859480278138203213e-02
7.94328234724281490031e-01	2.79997351336695454727e-02
8.31763771102670967927e-01	2.85060434448844400579e-02
8.70963589956080697085e-01	2.90020464206696276799e-02
9.12010839355909874726e-01	2.94846647291884290942e-02
9.54992586021435885257e-01	2.99505801740321958571e-02
9.99999999999999888978e-01	3.03962586041033391848e-02
1.04712854805089983223e+00	3.08179766063258510356e-02
1.09647819614318531301e+00	3.12118478291421447279e-02
1.14815362149688282578e+00	3.15738642254798848596e-02
1.20226443461741272500e+00	3.18999538351211336940e-02
1.25892541179416705965e+00	3.21860318558391811372e-02
1.31825673855640723708e+00	3.24280373704586427630e-02
1.38038426460288499165e+00	3.26218967935311410233e-02
1.44543977074592744358e+00	3.27636601870379545742e-02
1.51356124843620798437e+00	3.28496118402004516623e-02
1.58489319246111382000e+00	3.28763355415171085183e-02
1.65958690743756065444e+00	3.28407913399141743183e-02
1.73780082874937535919e+00	3.27403848964983174019e-02
1.81970085860998342930e+00	3.25730360726057752152e-02
1.90546071796324767433e+00	3.23372345689981049999e-02
1.99526231496887973549e+00	3.20320686809079380186e-02
2.08929613085403964590e+00	3.16572240617441560961e-02
2.18776162394955253632e+00	3.12129971238268091871e-02
2.29086765276777271083e+00	3.07003800543692029201e-02
2.39883291901949080582e+00	3.01210740633094248286e-02
2.51188643150958057504e+00	2.94774757079943605653e-02
2.63026799189538174062e+00	2.87726556698982977034e-02
2.75422870333816627308e+00	2.80103223333574014031e-02
2.88403150312660683241e+00	2.71947745080070579782e-02
3.01995172040201653729e+00	2.63308435035952449754e-02
3.16227766016837952279e+00	2.54238213142183935855e-02
3.31131121482591206373e+00	2.44793878598341223263e-02
3.46736850452531619737e+00	2.35035186087535451216e-02
3.63078054770101443793e+00	2.25023971091009543366e-02
3.80189396320561057152e+00	2.14823213829975906419e-02
3.98107170553497224930e+00	2.04496116183311808789e-02
4.16869383470335552744e+00	1.94105217471406549246e-02
4.36515832240165835287e+00	1.83711534062163672765e-02
4.57088189614875073374e+00	1.73373767398715371291e-02
4.78630092322638489577e+00	1.63147540056930127894e-02
5.01187233627272288317e+00	1.53084780409344367591e-02
5.24807460249772717020e+00	1.43233186396958013520e-02
5.49540873857624490029e+00	1.33635795967555447150e-02
5.75439937337156948161e+00	1.24330696815593277904e-02
6.02559586074357955710e+00	1.15350947936718011000e-02
6.30957344480193160763e+00	1.06724550910127346376e-02
6.60693448007596106919e+00	9.84742247394659528381e-03
6.91830970918936305480e+00	9.06175354991226901513e-03
7.24435960074990159541e+00	8.31670775861609659629e-03
7.58577575029184103528e+00	7.61307004911524268231e-03
7.94328234724281401213e+00	6.95118447570250517359e-03
8.31763771102671078950e+00	6.33098802602552555158e-03
8.70963589956080319610e+00	5.75205142991342104758e-03
9.12010839355909830317e+00	5.21362056366137405911e-03
9.54992586021436196120e+00	4.71465909214606807009e-03
9.99999999999999822364e+00	4.25389204450564353127e-03
1.04712854805089961019e+01	3.82984935008280451274e-03
1.09647819614318535741e+01	3.44090793954387672016e-03
1.14815362149688269255e+01	3.08531701339146606847e-03
1.20226443461741325791e+01	2.76118107778533386845e-03
1.25892541179416692643e+01	2.46655912369443154619e-03
1.31825673855640701504e+01	2.19951051863322361371e-03
1.38038426460288530251e+01	1.95811729834565947939e-03
1.44543977074592735477e+01	1.74050451928169330577e-03
1.51356124843620847287e+01	1.54485475938234673686e-03
1.58489319246111293182e+01	1.36942293835950936604e-03
1.65958690743756065444e+01	1.21254950336756599401e-03
1.73780082874937598092e+01	1.07267236052324189434e-03
1.81970085860998302962e+01	9.48337105312019356188e-04
1.90546071796324731906e+01	8.38116349323786012822e-04
1.99526231496888044603e+01	7.40423914597623258026e-04
2.08929613085403929063e+01	6.53768584537697534757e-04
2.18776162394955306922e+01	5.76925493953741349955e-04
2.29086765276777271083e+01	5.08801478780881283846e-04
2.39883291901949036173e+01	4.48423624789659122647e-04
2.51188643150958093031e+01	3.94942554116198361186e-04
2.63026799189538174062e+01	3.47615021564846003472e-04
2.75422870333816689481e+01	3.05751841229214428152e-04
2.88403150312660514487e+01	2.68747228346196667583e-04
3.01995172040201644847e+01	2.36076272184113051611e-04
3.16227766016838032215e+01	2.07252711154582949142e-04
3.31131121482591055383e+01	1.81843135407776327608e-04
3.46736850452531655264e+01	1.59472313518730989890e-04
3.63078054770101488202e+01	1.39800625579646769798e-04
3.80189396320561172615e+01	1.22477062029514947167e-04
3.98107170553497340393e+01	1.07236958256921500088e-04
4.16869383470335321817e+01	9.38432062795621326412e-05
4.36515832240166048450e+01	8.20773516460779182678e-05
4.57088189614875233246e+01	7.17488251471174408574e-05
4.78630092322638347468e+01	6.26942324956487163174e-05
5.01187233627272377134e+01	5.47622978247676707540e-05
5.24807460249772503857e+01	4.78113014322814386240e-05
5.49540873857624561083e+01	4.17299435171952947028e-05
5.75439937337157090269e+01	3.64155137054408728123e-05
6.02559586074357653729e+01	3.17739736354857949603e-05
6.30957344480193356162e+01	2.77259731592461493646e-05
6.60693448007595804938e+01	2.42027905598002266677e-05
6.91830970918936571934e+01	2.11415676709596535852e-05
7.24435960074990248359e+01	1.84874627805933784534e-05
7.58577575029183606148e+01	1.61862845713420060428e-05
7.94328234724281543322e+01	1.41900891921745316276e-05
8.31763771102671398694e+01	1.24570812715914560600e-05
8.70963589956080568300e+01	1.09472051226718967428e-05
9.12010839355909865844e+01	9.61949126634613434943e-06
9.54992586021435698740e+01	8.43195145862468404922e-06
1.00000000000000000000e+02	7.37714050109969442064e-06
1.04712854805089918386e+02	6.44708332218874173488e-06
1.09647819614318564163e+02	5.63026863399719594880e-06
1.14815362149688283466e+02	4.91489705130485451034e-06
1.20226443461741254737e+02	4.28977996701535401586e-06
1.25892541179416824093e+02	3.74400840024191519634e-06
1.31825673855640758347e+02	3.26743444416715078543e-06
1.38038426460288462749e+02	2.85173593686519848795e-06
1.44543977074592675081e+02	2.48918961499443832562e-06
1.51356124843620875708e+02	2.17282957628467285035e-06
1.58489319246111335815e+02	1.89673122669200746014e-06
1.65958690743755965968e+02	1.65597163958340054761e-06
1.73780082874937647830e+02	1.44617510572902519198e-06
1.81970085860998352700e+02	1.26364500193207223688e-06
1.90546071796324639536e+02	1.10392329283437057736e-06
1.99526231496888101447e+02	9.64008141350509850987e-07
2.08929613085403985906e+02	8.41506353245855523079e-07
2.18776162394955207446e+02	7.34281835155943497685e-07
2.29086765276777498457e+02	6.40515813274986731258e-07
2.39883291901949149860e+02	5.58572895296596922421e-07
2.51188643150958000660e+02	4.86976582287974604939e-07
2.63026799189537996426e+02	4.24369363100177633469e-07
2.75422870333816774746e+02	3.69666237560796012324e-07
2.88403150312660613963e+02	3.21900722591770584508e-07
3.01995172040201453001e+02	2.80179151336955426083e-07
3.16227766016838131691e+02	2.43747215042622543560e-07
3.31131121482591140648e+02	2.11997029759715432596e-07
3.46736850452531541578e+02	1.84279381220486286930e-07
3.63078054770101573467e+02	1.60098950342050975983e-07
3.80189396320561286302e+02	1.39055349259716572772e-07
3.98107170553497155652e+02	1.20770907492258461559e-07
4.16869383470335776565e+02	1.04875239634130869709e-07
4.36515832240166162137e+02	9.10508850597001979155e-08
4.57088189614874977451e+02	7.90649020780008309903e-08
4.78630092322638063251e+02	6.86609206268375438018e-08
5.01187233627272519243e+02	5.95931251350630891605e-08
5.24807460249772589123e+02	5.16386921580963548401e-08
5.49540873857624205812e+02	4.45041639146281567357e-08
5.75439937337157289221e+02	3.80384921466393340093e-08
6.02559586074357753205e+02	3.30345399259636128166e-08
6.30957344480193114578e+02	2.88170200537975330866e-08
6.60693448007596543903e+02	2.51674860616718293552e-08
6.91830970918936600356e+02	2.19856872313708465859e-08
7.24435960074989907298e+02	1.92046124135670767089e-08
7.58577575029183208244e+02	1.67670163835031292006e-08
7.94328234724281742274e+02	1.46230849916743298043e-08
8.31763771102670943947e+02	1.27580453464641928686e-08
8.70963589956080113552e+02	1.11385927013730293741e-08
9.12010839355910206905e+02	9.72733727623013792033e-09
9.54992586021436068222e+02	8.49522212672698376318e-09
9.99999999999999545253e+02	7.41914071947841711416e-09
1.04712854805090023547e+03	6.47933708476780773837e-09
1.09647819614318518688e+03	5.65858813614421336457e-09
1.14815362149688235149e+03	4.94184286579918862488e-09
1.20226443461741359897e+03	4.31599571249636295277e-09
1.25892541179416753039e+03	3.76954218459786191237e-09
1.31825673855640684451e+03	3.29242586738584082333e-09
1.38038426460288383169e+03	2.87584808613314624248e-09
1.44543977074592817189e+03	2.51206715807280871369e-09
1.51356124843620818865e+03	2.19408605228705947627e-09
1.58489319246111244865e+03	1.91459088695162451754e-09
1.65958690743756142183e+03	1.67061501510202878876e-09
1.73780082874937556880e+03	1.45807834926957231073e-09
1.81970085860998278804e+03	1.27250366153782271458e-09
1.90546071796324849856e+03	1.11013136972393578469e-09
1.99526231496887999128e+03	9.68566929481884328492e-10
2.08929613085403889272e+03	8.46199040901757353280e-10
2.18776162394955417767e+03	7.39550037606434266859e-10
2.29086765276777396139e+03	6.46400702669465875299e-10
2.39883291901948996383e+03	5.64988749928145141148e-10
2.51188643150957841499e+03	4.93814145039816371542e-10
2.63026799189538314749e+03	4.31572338868017725772e-10
2.75422870333816626953e+03	3.77125538759954626589e-10
2.88403150312660454802e+03	3.29475778310998831675e-10
3.01995172040201759955e+03	2.87771237340526724154e-10
3.16227766016837949792e+03	2.51268370785512401762e-10
3.31131121482590970118e+03	2.19318420427188810627e-10
3.46736850452531871269e+03	1.91355122254172866775e-10
3.63078054770101380200e+03	1.66884330708958410082e-10
3.80189396320561081666e+03	1.45473500690427540475e-10
3.98107170553497599030e+03	1.26750389512160495681e-10
4.16869383470335560560e+03	1.10380928155421489182e-10
4.36515832240165855183e+03	9.60055017961468580512e-11
4.57088189614874772815e+03	8.31325733204331291305e-11
4.78630092322638574842e+03	7.15731590054552684257e-11
5.01187233627272235026e+03	6.15483207634133976831e-11
5.24807460249772339012e+03	5.28728958125590365999e-11
5.49540873857624865195e+03	4.53700419655765742235e-11
5.75439937337156970898e+03	3.88852362897503217263e-11
6.02559586074357503094e+03	3.32839979389464335101e-11
6.30957344480193660274e+03	2.84493308244953939555e-11
6.60693448007596180105e+03	2.42794694978781103309e-11
6.91830970918936236558e+03	2.06859193468870414735e-11
7.24435960074990634894e+03	1.75917403179373830012e-11
7.58577575029183935840e+03	1.49300577424080973741e-11
7.94328234724281355739e+03	1.26427599359455080150e-11
8.31763771102670398250e+03	1.06793641851721463814e-11
8.70963589956080977572e+03	8.99602900560516305377e-12
9.12010839355909774895e+03	7.55469320724741626661e-12
9.54992586021435454313e+03	6.32232464911347960176e-12
1.00000000000000072760e+04	5.27026699019283417615e-12
1.04712854805089955335e+04	4.37366977360653646141e-12
1.09647819614318468666e+04	3.61099245881786038544e-12
1.14815362149688353384e+04	2.96357159447225870338e-12
1.20226443461741309875e+04	2.41524535490718433469e-12
1.25892541179416693922e+04	1.95202494745657716293e-12
1.31825673855640816328e+04	1.56180963328792561779e-12
1.38038426460288537783e+04	1.23413823534165558332e-12
1.44543977074592730787e+04	9.59972966234306564020e-13
1.51356124843620727916e+04	7.31511287441492537990e-13
1.58489319246111408575e+04	5.42022256364667242560e-13
1.65958690743756051234e+04	3.85704051545475325110e-13
1.73780082874937470478e+04	2.57560356850804612806e-13
1.81970085860998442513e+04	1.53292579945574263307e-13
1.90546071796324758907e+04	6.92063376528855056572e-14
1.99526231496887921821e+04	2.13017641020767521651e-15
2.08929613085404125741e+04	-5.06550558119827363544e-14
2.18776162394955317723e+04	-9.14775322960608810927e-14
2.29086765276777259714e+04	-1.22327690586586916293e-13
2.39883291901948869054e+04	-1.44904422148121388069e-13
2.51188643150958087062e+04	-1.60655144220445132584e-13
2.63026799189538178325e+04	-1.70810562164256914033e-13
2.75422870333816463244e+04	-1.76414772518968670115e-13
2.88403150312660727650e+04	-1.78351360999137370836e-13
3.01995172040201614436e+04	-1.77365983820141780130e-13
3.16227766016837813368e+04	-1.74085926146059762262e-13
3.31131121482591261156e+04	-1.69037003498971506707e-13
3.46736850452531652991e+04	-1.62658193264223748960e-13
3.63078054770101225586e+04	-1.55314201519512279443e-13
3.80189396320561500033e+04	-1.47306446329266580174e-13
3.98107170553497344372e+04	-1.38882364455241140644e-13
4.16869383470335305901e+04	-1.30243563615300024650e-13
4.36515832240165618714e+04	-1.21552783790768567384e-13
4.57088189614875227562e+04	-1.12939888271879337173e-13
4.78630092322638301994e+04	-1.04507008501259949703e-13
5.01187233627271998557e+04	-9.63329620303310720883e-14
5.24807460249772921088e+04	-8.84770951284505032638e-14
5.49540873857624610537e+04	-8.09824444744307691456e-14
5.75439937337156661670e+04	-7.38785737406496974259e-14
6.02559586074358085170e+04	-6.71839110775821162271e-14
6.30957344480193351046e+04	-6.09077844474881113211e-14
6.60693448007595725358e+04	-5.50521306753018388228e-14
6.91830970918937091483e+04	-4.96129122961483635318e-14
7.24435960074990143767e+04	-4.45814792510424273634e-14
7.58577575029183499282e+04	-3.99453835884583535961e-14
7.94328234724280919181e+04	-3.56895025619069404381e-14
8.31763771102671307744e+04	-3.17966108761928109608e-14
8.70963589956080541015e+04	-2.82480502417859372290e-14
9.12010839355909265578e+04	-2.50242685928866157253e-14
9.54992586021436436567e+04	-2.21055525461564842652e-14
1.00000000000000000000e+05	-1.94997369583677069254e-14
