1.00000000000000005551e-01	6.45717439313385835331e-03
1.04712854805089961019e-01	6.62520377324806852143e-03
1.09647819614318520198e-01	6.79647693365705886370e-03
1.14815362149688293680e-01	6.97101942323024963144e-03
1.20226443461741300256e-01	7.14885852119425020679e-03
1.25892541179416728170e-01	7.33002363234283409177e-03
1.31825673855640701504e-01	7.51454670179457079326e-03
1.38038426460288493614e-01	7.70246266153240197183e-03
1.44543977074592738807e-01	7.89380986749880358966e-03
1.51356124843620820641e-01	8.08863054533703711158e-03
1.58489319246111343142e-01	8.28697169228342564451e-03
1.65958690743756076547e-01	8.48888538653301029380e-03
1.73780082874937569226e-01	8.69442916859015230147e-03
1.81970085860998359584e-01	8.90366642643318148553e-03
1.90546071796324739678e-01	9.11666676783703250342e-03
1.99526231496887973549e-01	9.33350623758292044507e-03
2.08929613085403975692e-01	9.55426739262891372428e-03
2.18776162394955259183e-01	9.77903934753367523602e-03
2.29086765276777321043e-01	1.00079174939631324048e-02
2.39883291901949097236e-01	1.02410031524334879660e-02
2.51188643150958013095e-01	1.04784029126242708013e-02
2.63026799189538251778e-01	1.07202275337837573538e-02
2.75422870333816627308e-01	1.09665905719772294874e-02
2.88403150312660561116e-01	1.12176065531949548798e-02
3.01995172040201653729e-01	1.14733886360615534167e-02
3.16227766016837941176e-01	1.17340457851130113009e-02
3.31131121482591161964e-01	1.19996793986140038585e-02
3.46736850452531664146e-01	1.22703792017882212101e-02
3.63078054770101354976e-01	1.25462183660429958676e-02
3.80189396320561201481e-01	1.28272478323561422986e-02
3.98107170553497313747e-01	1.31134909583897826812e-02
4.16869383470335419517e-01	1.34049373749087694097e-02
4.36515832240166046230e-01	1.37015334420413983918e-02
4.57088189614875073374e-01	1.40031719342801844880e-02
4.78630092322638311941e-01	1.43096835749177610925e-02
5.01187233627272354930e-01	1.46208258523033169524e-02
5.24807460249772539385e-01	1.49362739566668203256e-02
5.49540873857624623255e-01	1.52556086004011146051e-02
5.75439937337157036978e-01	1.55783029063209822740e-02
6.02559586074357778074e-01	1.59037152492184086228e-02
6.30957344480193249581e-01	1.62310745044910754997e-02
6.60693448007595995897e-01	1.65594686456650361239e-02
6.91830970918936638547e-01	1.68878364612596344740e-02
7.24435960074990226154e-01	1.72149610582774913181e-02
7.58577575029183770461e-01	1.75394564493727249388e-02
7.94328234724281490031e-01	1.78597671926167787804e-02
8.31763771102670967927e-01	1.81742018328199285426e-02
8.70963589956080697085e-01	1.84809820520950816858e-02
9.12010839355909874726e-01	1.87781810093862640276e-02
9.54992586021435885257e-01	1.90637263293013739518e-02
9.99999999999999888978e-01	1.93354185731005601134e-02
1.04712854805089983223e+00	1.95909964276151371543e-02
1.09647819614318531301e+00	1.98281414788617112166e-02
1.14815362149688282578e+00	2.00444780052166648954e-02
1.20226443461741272500e+00	2.02376029803254947614e-02
1.25892541179416705965e+00	2.04051121425292275591e-02
1.31825673855640723708e+00	2.05446229203885312453e-02
1.38038426460288499165e+00	2.06538220802265810871e-02
1.44543977074592744358e+00	2.07304995572498360068e-02
1.51356124843620798437e+00	2.07725909706663082466e-02
1.58489319246111382000e+00	2.07782116653129171613e-02
1.65958690743756065444e+00	2.07456967422647541033e-02
1.73780082874937535919e+00	2.06736307851742226460e-02
1.81970085860998342930e+00	2.05608827335974388151e-02
1.90546071796324767433e+00	2.04066479113805404610e-02
1.99526231496887973549e+00	2.02104702672523464657e-02
2.08929613085403964590e+00	1.99722591909120422704e-02
2.18776162394955253632e+00	1.96923021521553318069e-02
2.29086765276777271083e+00	1.93712710235404809989e-02
2.39883291901949080582e+00	1.90102160354433911971e-02
2.51188643150958057504e+00	1.86105614980389480473e-02
2.63026799189538174062e+00	1.81740947473891766017e-02
2.75422870333816627308e+00	1.77029439948026383334e-02
2.88403150312660683241e+00	1.71995490655006827430e-02
3.01995172040201653729e+00	1.66666257627913518002e-02
3.16227766016837952279e+00	1.61071245746118099640e-02
3.31131121482591206373e+00	1.55241765392166875676e-02
3.46736850452531619737e+00	1.49210533503950793649e-02
3.63078054770101443793e+00	1.43011156018494605541e-02
3.80189396320561057152e+00	1.36677570044258806653e-02
3.98107170553497224930e+00	1.30243490536680241870e-02
4.16869383470335552744e+00	1.23749855466694855255e-02
4.36515832240165835287e+00	1.17296543180180120464e-02
4.57088189614875073374e+00	1.10911721505424117062e-02
4.78630092322638489577e+00	1.04619872077453875819e-02
5.01187233627272288317e+00	9.84448348855885418951e-03
5.24807460249772717020e+00	9.24088452319147581060e-03
5.49540873857624490029e+00	8.65325814258023455483e-03
5.75439937337156948161e+00	8.08359158995876174447e-03
6.02559586074357955710e+00	7.53343866068326237923e-03
6.30957344480193160763e+00	7.00397885456793909548e-03
6.60693448007596106919e+00	6.49610153502847356699e-03
6.91830970918936305480e+00	6.01052595312288190366e-03
7.24435960074990159541e+00	5.54783290553150301716e-03
7.58577575029184103528e+00	5.10840620773861820575e-03
7.94328234724281401213e+00	4.69233817804852633426e-03
8.31763771102671078950e+00	4.29964943410089065617e-03
8.70963589956080319610e+00	3.93013980950583565604e-03
9.12010839355909830317e+00	3.58354555092354901472e-03
9.54992586021436196120e+00	3.25961074121084055932e-03
9.99999999999999822364e+00	2.95801441955785169788e-03
1.04712854805089961019e+01	2.67824149189876568530e-03
1.09647819614318535741e+01	2.41961834663284840879e-03
1.14815362149688269255e+01	2.18134595002614966111e-03
1.20226443461741325791e+01	1.96252431048856736118e-03
1.25892541179416692643e+01	1.76217876962747968007e-03
1.31825673855640701504e+01	1.57928334878363447157e-03
1.38038426460288530251e+01	1.41278127341321079781e-03
1.44543977074592735477e+01	1.26160284329360954450e-03
1.51356124843620847287e+01	1.12468000305764362877e-03
1.58489319246111293182e+01	1.00095921514345561829e-03
1.65958690743756065444e+01	8.89409556227170302115e-04
1.73780082874937598092e+01	7.89031228309992698454e-04
1.81970085860998302962e+01	6.98861470815173471509e-04
1.90546071796324731906e+01	6.17981266074071823764e-04
1.99526231496888044603e+01	5.45528600246839847840e-04
2.08929613085403929063e+01	4.80773580054757142255e-04
2.18776162394955306922e+01	4.23034936489917056009e-04
2.29086765276777271083e+01	3.71692776431026912411e-04
2.39883291901949036173e+01	3.26161208734442812762e-04
2.51188643150958093031e+01	2.85878790470054527668e-04
2.63026799189538174062e+01	2.50315628358308396931e-04
2.75422870333816689481e+01	2.18977567718115113948e-04
2.88403150312660514487e+01	1.91407979554765879078e-04
3.01995172040201644847e+01	1.67188977519888275778e-04
3.16227766016838032215e+01	1.45940639667332938949e-04
3.31131121482591055383e+01	1.27319709412791130364e-04
3.46736850452531655264e+01	1.11017477877172631882e-04
3.63078054770101488202e+01	9.67574432735959116033e-05
3.80189396320561172615e+01	8.42928688054380320952e-05
3.98107170553497340393e+01	7.34038806296383997043e-05
4.16869383470335321817e+01	6.38984900131024045325e-05
4.36515832240166048450e+01	5.56069870060292236976e-05
4.57088189614875233246e+01	4.83793178545005854939e-05
4.78630092322638347468e+01	4.20826713922891032082e-05
5.01187233627272377134e+01	3.66001775751515048872e-05
5.24807460249772503857e+01	3.18291079045629666687e-05
5.49540873857624561083e+01	2.76794583567880548756e-05
5.75439937337157090269e+01	2.40727367290544198223e-05
6.02559586074357653729e+01	2.09395829249061741779e-05
6.30957344480193356162e+01	1.82203863741734104994e-05
6.60693448007595804938e+01	1.58622836811562412996e-05
6.91830970918936571934e+01	1.38199044456813579097e-05
7.24435960074990248359e+01	1.20527510942908811496e-05
7.58577575029183606148e+01	1.05256978858760638672e-05
7.94328234724281543322e+01	9.20642679639849497841e-06
8.31763771102671398694e+01	8.06562734558544789016e-06
8.70963589956080568300e+01	7.07499674802524802038e-06
9.12010839355909865844e+01	6.20602617779531221025e-06
9.54992586021435698740e+01	5.43091916581778481746e-06
1.00000000000000000000e+02	4.74341432204769583960e-06
1.04712854805089918386e+02	4.13818100696164874522e-06
1.09647819614318564163e+02	3.60771416519023663608e-06
1.14815362149688283466e+02	3.14392685113301485221e-06
1.20226443461741254737e+02	2.73891436605182355494e-06
1.25892541179416824093e+02	2.38524299436861809541e-06
1.31825673855640758347e+02	2.07603437203141334783e-06
1.38038426460288462749e+02	1.80481009918779457736e-06
1.44543977074592675081e+02	1.56712664966609527318e-06
1.51356124843620875708e+02	1.35953230661029904301e-06
1.58489319246111335815e+02	1.17881648851195320739e-06
1.65958690743755965968e+02	1.02178824474094167593e-06
1.73780082874937647830e+02	8.85491609979241750770e-07
1.81970085860998352700e+02	7.67260510142981014343e-07
1.90546071796324639536e+02	6.64736184840170004934e-07
1.99526231496888101447e+02	5.75853072166607977377e-07
2.08929613085403985906e+02	4.98809482558999054184e-07
2.18776162394955207446e+02	4.32037649254064876744e-07
2.29086765276777498457e+02	3.74175630837334535266e-07
2.39883291901949149860e+02	3.24041686137588177260e-07
2.51188643150958000660e+02	2.80604496712304484058e-07
2.63026799189537996426e+02	2.42969052904142992362e-07
2.75422870333816774746e+02	2.10359717543086759416e-07
2.88403150312660613963e+02	1.82103443008627022393e-07
3.01995172040201453001e+02	1.57614066283053051842e-07
3.16227766016838131691e+02	1.36381275323392494525e-07
3.31131121482591140648e+02	1.17975984152858244336e-07
3.46736850452531541578e+02	1.02008198271353409885e-07
3.63078054770101573467e+02	8.81630226395751831945e-08
3.80189396320561286302e+02	7.61671521891871300254e-08
3.98107170553497155652e+02	6.57779826985427736821e-08
4.16869383470335776565e+02	5.67816887855403123650e-08
4.36515832240166162137e+02	4.89930534629324448101e-08
4.57088189614874977451e+02	4.22508962832521574980e-08
4.78630092322638063251e+02	3.64151402001679181872e-08
5.01187233627272519243e+02	3.13639301514296184417e-08
5.24807460249772589123e+02	2.69896028338722863231e-08
5.49540873857624205812e+02	2.31926315872013847595e-08
5.75439937337157289221e+02	1.98868625048270642577e-08
6.02559586074357753205e+02	1.70261671799812333380e-08
6.30957344480193114578e+02	1.45604157702576800304e-08
6.60693448007596543903e+02	1.24387017912843045861e-08
6.91830970918936600356e+02	1.06155987038604320929e-08
7.24435960074989907298e+02	9.05050992171950672529e-09
7.58577575029183208244e+02	7.70574333499576894512e-09
7.94328234724281742274e+02	6.54694444777576955465e-09
8.31763771102670943947e+02	5.55341757400914732196e-09
8.70963589956080113552e+02	4.70739322654944785007e-09
9.12010839355910206905e+02	3.98887149341518960974e-09
9.54992586021436068222e+02	3.37960764182764264734e-09
9.99999999999999545253e+02	2.86366834893623930954e-09
1.04712854805090023547e+03	2.42731646263972172292e-09
1.09647819614318518688e+03	2.05890238572749642454e-09
1.14815362149688235149e+03	1.74824167292436506676e-09
1.20226443461741359897e+03	1.48599206681228711714e-09
1.25892541179416753039e+03	1.26457864779859649879e-09
1.31825673855640684451e+03	1.07762591958638007251e-09
1.38038426460288383169e+03	9.19730818360962833534e-10
1.44543977074592817189e+03	7.86319229480159597724e-10
1.51356124843620818865e+03	6.73560893949115271264e-10
1.58489319246111244865e+03	5.77505918339631816585e-10
1.65958690743756142183e+03	4.95446381020065156473e-10
1.73780082874937556880e+03	4.25551239675423153704e-10
1.81970085860998278804e+03	3.66119068804052568090e-10
1.90546071796324849856e+03	3.15571298458833972730e-10
1.99526231496887999128e+03	2.72582008093664167847e-10
2.08929613085403889272e+03	2.35977403698568893014e-10
2.18776162394955417767e+03	2.04625605422843366385e-10
2.29086765276777396139e+03	1.77661790041681730854e-10
2.39883291901948996383e+03	1.54386627605822732237e-10
2.51188643150957841499e+03	1.34220828476726484708e-10
2.63026799189538314749e+03	1.16683415158975135876e-10
2.75422870333816626953e+03	1.01372436059465838418e-10
2.88403150312660454802e+03	8.79414462490510704731e-11
3.01995172040201759955e+03	7.61352192159602054932e-11
3.16227766016837949792e+03	6.57430447174759744772e-11
3.31131121482590970118e+03	5.65914989259653136395e-11
3.46736850452531871269e+03	4.85368479832275600061e-11
3.63078054770101380200e+03	4.14581460343927488784e-11
3.80189396320561081666e+03	3.52476686024597760382e-11
3.98107170553497599030e+03	2.98238564377088344997e-11
4.16869383470335560560e+03	2.51174766740382613976e-11
4.36515832240165855183e+03	2.10401417676487209559e-11
4.57088189614874772815e+03	1.74735469164273814861e-11
4.78630092322638574842e+03	1.43569136421150653470e-11
5.01187233627272235026e+03	1.17092621847459297977e-11
5.24807460249772339012e+03	9.46808630372348666548e-12
5.49540873857624865195e+03	7.57605281323330391571e-12
5.75439937337156970898e+03	5.98346185893146155026e-12
6.02559586074357503094e+03	4.64736197731928724002e-12
6.30957344480193660274e+03	3.53066127904748253611e-12
6.60693448007596180105e+03	2.60134971651241106904e-12
6.91830970918936236558e+03	1.83182358382240125774e-12
7.24435960074990634894e+03	1.19829740288910172955e-12
7.58577575029183935840e+03	6.80293640593585416648e-13
7.94328234724281355739e+03	2.60198889774094195291e-13
8.31763771102670398250e+03	-7.71214607698636889108e-14
8.70963589956080977572e+03	-3.44657817316838776105e-13
9.12010839355909774895e+03	-5.53546902253228504604e-13
9.54992586021435454313e+03	-7.13323838387463750099e-13
1.00000000000000072760e+04	-8.32140875777172967031e-13
1.04712854805089955335e+04	-9.16957057084513237057e-13
1.09647819614318468666e+04	-9.73702703117945969364e-13
1.14815362149688353384e+04	-1.00742176928139323923e-12
1.20226443461741309875e+04	-1.02239551207575691613e-12
1.25892541179416693922e+04	-1.02224914384154615611e-12
1.31825673855640816328e+04	-1.01004441403538164215e-12
1.38038426460288537783e+04	-9.88359566284775385050e-13
1.44543977074592730787e+04	-9.59358492739961987460e-13
1.51356124843620727916e+04	-9.24850459992986115450e-13
1.58489319246111408575e+04	-8.86341707594322595323e-13
1.65958690743756051234e+04	-8.45079763772898720907e-13
1.73780082874937470478e+04	-8.02092065322756109598e-13
1.81970085860998442513e+04	-7.58218783149801805733e-13
1.90546071796324758907e+04	-7.14141267615064326012e-13
1.99526231496887921821e+04	-6.70406527347472522400e-13
2.08929613085404125741e+04	-6.27448201088790807653e-13
2.18776162394955317723e+04	-5.85604509231838307294e-13
2.29086765276777259714e+04	-5.45133755950879361508e-13
2.39883291901948869054e+04	-5.06227424847007213033e-13
2.51188643150958087062e+04	-4.69021475438711068627e-13
2.63026799189538178325e+04	-4.33605991471454026907e-13
2.75422870333816463244e+04	-4.00033309155971979402e-13
2.88403150312660727650e+04	-3.68324990961537294075e-13
3.01995172040201614436e+04	-3.38477694232551208058e-13
3.16227766016837813368e+04	-3.10468171220350203044e-13
3.31131121482591261156e+04	-2.84257453727990368533e-13
3.46736850452531652991e+04	-2.59794411161005795310e-13
3.63078054770101225586e+04	-2.37018614120835258198e-13
3.80189396320561500033e+04	-2.15862942811659605381e-13
3.98107170553497344372e+04	-1.96255491015949100442e-13
4.16869383470335305901e+04	-1.78121342335556943408e-13
4.36515832240165618714e+04	-1.61383939177961864374e-13
4.57088189614875227562e+04	-1.45966204152712273072e-13
4.78630092322638301994e+04	-1.31791442192388576179e-13
5.01187233627271998557e+04	-1.18784064022817214902e-13
5.24807460249772921088e+04	-1.06870222894294299226e-13
5.49540873857624610537e+04	-9.59781532606434387556e-14
5.75439937337156661670e+04	-8.60385827835213849508e-14
6.02559586074358085170e+04	-7.69849393195472107021e-14
6.30957344480193351046e+04	-6.87535412881468414254e-14
6.60693448007595725358e+04	-6.12836973001207197344e-14
6.91830970918937091483e+04	-5.45177204402196419841e-14
7.24435960074990143767e+04	-4.84010876085326041287e-14
7.58577575029183499282e+04	-4.28821744453848489414e-14
7.94328234724280919181e+04	-3.79124835696988938164e-14
8.31763771102671307744e+04	-3.34464039386837060992e-14
8.70963589956080541015e+04	-2.94411927676324045406e-14
9.12010839355909265578e+04	-2.58569146080926304570e-14
9.54992586021436436567e+04	-2.26566887981761137302e-14
1.00000000000000000000e+05	-1.98366526234305861915e-14
