# Dummy_column_1        Dummy_column_2          Dummy_column_3          Dummy_column_4
0.000000000           0.000000000             0.000000000             0.000000000
0.000000001           0.000000010             0.000000100             0.000001000
0.000000002           0.000000020             0.000000200             0.000002000
0.000000003           0.000000030             0.000000300             0.000003000
0.000000004           0.000000040             0.000000400             0.000004000
0.000000005           0.000000050             0.000000500             0.000005000
0.000000006           0.000000060             0.000000600             0.000006000
0.000000007           0.000000070             0.000000700             0.000007000
0.000000008           0.000000080             0.000000800             0.000008000
0.000000009           0.000000090             0.000000900             0.000009000
0.000000010           0.000000100             0.000001000             0.000010000
0.000000011           0.000000110             0.000001100             0.000011000
0.000000012           0.000000120             0.000001200             0.000012000
0.000000013           0.000000130             0.000001300             0.000013000
0.000000014           0.000000140             0.000001400             0.000014000
0.000000015           0.000000150             0.000001500             0.000015000
0.000000016           0.000000160             0.000001600             0.000016000
0.000000017           0.000000170             0.000001700             0.000017000
0.000000018           0.000000180             0.000001800             0.000018000
0.000000019           0.000000190             0.000001900             0.000019000