0.1  1.61798e-32  1.27735e-32  2.10116e-32
0.105559  1.92524e-32  1.52409e-32  2.47906e-32
0.111427  2.28856e-32  1.81672e-32  2.92175e-32
0.117621  2.71745e-32  2.16323e-32  3.43948e-32
0.124159  3.2229e-32  2.57284e-32  4.04393e-32
0.131061  3.81749e-32  3.05621e-32  4.7483e-32
0.138347  4.51566e-32  3.62557e-32  5.56763e-32
0.146037  5.33388e-32  4.29498e-32  6.51883e-32
0.181319  1.02227e-31  8.1586e-32  1.2142e-31
0.191398  1.19778e-31  9.5365e-32  1.41701e-31
0.202038  1.40092e-31  1.11277e-31  1.65076e-31
0.213269  1.63548e-31  1.29609e-31  1.92248e-31
0.225124  1.90567e-31  1.50679e-31  2.23665e-31
0.237639  2.21615e-31  1.74838e-31  2.59698e-31
0.250849  2.57195e-31  2.02466e-31  3.00913e-31
0.264793  2.97864e-31  2.33976e-31  3.47927e-31
0.279513  3.44209e-31  2.69814e-31  4.01405e-31
0.295051  3.96872e-31  3.10456e-31  4.62048e-31
0.311453  4.56525e-31  3.56401e-31  5.30598e-31
0.328766  5.23876e-31  4.08179e-31  6.07837e-31
0.347042  5.99656e-31  4.6633e-31  6.94563e-31
0.366333  6.84616e-31  5.31413e-31  7.9159e-31
0.386697  7.79514e-31  6.03771e-31  8.99735e-31
0.408194  8.85091e-31  6.83703e-31  1.0198e-30
0.430885  1.00207e-30  7.72057e-31  1.15254e-30
0.454837  1.13113e-30  8.69305e-31  1.29866e-30
0.480121  1.27287e-30  9.75883e-31  1.45879e-30
0.50681  1.4278e-30  1.09215e-30  1.63345e-30
0.534983  1.59633e-30  1.21839e-30  1.823e-30
0.564723  1.77871e-30  1.35477e-30  2.02766e-30
0.596115  1.97499e-30  1.50133e-30  2.24744e-30
0.629252  2.18506e-30  1.65799e-30  2.4856e-30
0.664232  2.40854e-30  1.82447e-30  2.7415e-30
0.701156  2.64479e-30  2.00033e-30  3.01207e-30
0.740132  2.89296e-30  2.18492e-30  3.29625e-30
0.781276  3.15181e-30  2.37733e-30  3.59267e-30
0.824706  3.4198e-30  2.56933e-30  3.89953e-30
0.870551  3.69518e-30  2.76595e-30  4.21473e-30
0.918944  3.97576e-30  2.96573e-30  4.53575e-30
0.970027  4.25914e-30  3.16697e-30  4.85983e-30
1.02395  4.54264e-30  3.36395e-30  5.1838e-30
1.08087  4.82335e-30  3.55795e-30  5.50433e-30
1.14095  5.09818e-30  3.74724e-30  5.81782e-30
1.20438  5.3639e-30  3.92973e-30  6.12055e-30
1.27133  5.61724e-30  4.10327e-30  6.40937e-30
1.342  5.85493e-30  4.26577e-30  6.68608e-30
1.4166  6.07379e-30  4.41521e-30  6.94112e-30
1.49535  6.27079e-30  4.54967e-30  7.171e-30
1.57847  6.44313e-30  4.6674e-30  7.37238e-30
1.66622  6.5884e-30  4.76679e-30  7.5423e-30
1.75884  6.70443e-30  4.84655e-30  7.6783e-30
1.85662  6.78958e-30  4.90529e-30  7.77835e-30
1.95982  6.84264e-30  4.9425e-30  7.84218e-30
2.06877  6.86295e-30  4.95783e-30  7.8711e-30
2.18377  6.85027e-30  4.95113e-30  7.86173e-30
2.30516  6.80496e-30  4.92259e-30  7.81435e-30
2.4333  6.72782e-30  4.87276e-30  7.72983e-30
2.56857  6.62014e-30  4.80241e-30  7.60957e-30
2.71135  6.48361e-30  4.71259e-30  7.45555e-30
2.86207  6.32035e-30  4.60463e-30  7.2701e-30
3.02117  6.13274e-30  4.48001e-30  7.05605e-30
3.18912  5.92347e-30  4.34043e-30  6.81647e-30
3.3664  5.69537e-30  4.18765e-30  6.55472e-30
3.55353  5.45153e-30  4.0236e-30  6.27435e-30
3.75107  5.19501e-30  3.85027e-30  5.97903e-30
3.95959  4.92901e-30  3.66965e-30  5.67245e-30
4.1797  4.65667e-30  3.37344e-30  5.35833e-30
4.41204  4.38106e-30  3.19429e-30  5.04027e-30
4.6573  4.10515e-30  3.01085e-30  4.7218e-30
4.9162  3.83173e-30  2.82761e-30  4.40615e-30
5.18948  3.56334e-30  2.64705e-30  4.09633e-30
5.47796  3.30229e-30  2.46775e-30  3.795e-30
5.78247  3.05341e-30  2.29883e-30  3.50755e-30
6.10392  2.81663e-30  2.13919e-30  3.23382e-30
6.44323  2.58959e-30  1.98557e-30  2.97148e-30
6.8014  2.37328e-30  1.83625e-30  2.72155e-30
7.17948  2.16831e-30  1.69245e-30  2.48483e-30
7.57858  1.97515e-30  1.55655e-30  2.26182e-30
7.99987  1.79405e-30  1.42635e-30  2.05284e-30
8.44457  1.62508e-30  1.30377e-30  1.85795e-30
8.914  1.46815e-30  1.1868e-30  1.67705e-30
9.40952  1.32304e-30  1.07503e-30  1.50989e-30
9.93258  1.1894e-30  9.71487e-31  1.35605e-30
10.4847  1.06681e-30  8.75916e-31  1.21503e-30
11.0676  9.54769e-31  7.88029e-31  1.08637e-30
11.6828  8.52716e-31  7.0748e-31  9.69995e-31
12.3322  7.6007e-31  6.33898e-31  8.6433e-31
13.0178  6.76218e-31  5.66884e-31  7.68695e-31
13.7414  6.00548e-31  5.06031e-31  6.82393e-31
14.5053  5.3245e-31  4.50925e-31  6.04732e-31
15.3116  4.71323e-31  4.0115e-31  5.3503e-31
16.1628  4.16588e-31  3.56307e-31  4.7263e-31
17.0612  3.67687e-31  3.15997e-31  4.16893e-31
18.0097  3.24095e-31  2.79846e-31  3.67222e-31
19.0108  2.85315e-31  2.47407e-31  3.25485e-31
20.0676  2.50882e-31  2.17844e-31  2.88803e-31
21.1831  2.20361e-31  1.91392e-31  2.55405e-31
22.3607  1.93354e-31  1.67671e-31  2.2577e-31
23.6037  1.69495e-31  1.46755e-31  1.99306e-31
24.9158  1.48448e-31  1.28338e-31  1.75578e-31
26.3008  1.29907e-31  1.12145e-31  1.54672e-31
27.7629  1.13594e-31  9.79245e-32  1.36087e-31
29.3062  9.92597e-32  8.54509e-32  1.1952e-31
30.9353  8.66773e-32  7.45214e-32  1.05013e-31
32.6549  7.56447e-32  6.49547e-32  9.20972e-32
34.4702  6.59803e-32  5.65883e-32  8.06842e-32
36.3864  5.75221e-32  4.9278e-32  7.08963e-32
38.409  5.01255e-32  4.28954e-32  6.2059e-32
40.5442  4.36625e-32  3.73096e-32  5.42957e-32
42.798  3.80195e-32  3.24412e-32  4.75125e-32
45.1771  3.30949e-32  2.82003e-32  4.1487e-32
47.6884  2.88004e-32  2.4508e-32  3.623e-32
50.3394  2.50569e-32  2.1295e-32  3.1657e-32
53.1377  2.17956e-32  1.85005e-32  2.75927e-32
56.0916  1.89555e-32  1.60706e-32  2.40622e-32
59.2096  1.64837e-32  1.39591e-32  2.09773e-32
62.501  1.43327e-32  1.21245e-32  1.82598e-32
65.9754  1.24614e-32  1.05306e-32  1.59034e-32
69.6429  1.08336e-32  9.14607e-33  1.38434e-32
73.5143  9.41804e-33  7.94365e-33  1.20732e-32
77.6009  8.18717e-33  6.89947e-33  1.05167e-32
81.9146  7.11707e-33  5.99275e-33  9.1539e-33
86.4682  6.18677e-33  5.20544e-33  7.96357e-33
91.2748  5.37811e-33  4.52182e-33  6.93225e-33
96.3487  4.67523e-33  3.92824e-33  6.03e-33
101.705  4.06435e-33  3.41288e-33  5.25063e-33
107.358  3.53347e-33  2.96552e-33  4.57227e-33
113.326  3.07225e-33  2.57714e-33  3.9791e-33
119.626  2.67166e-33  2.24018e-33  3.46493e-33
126.276  2.32394e-33  1.94787e-33  3.01907e-33
133.295  2.02184e-33  1.69408e-33  2.62945e-33
140.705  1.75938e-33  1.46804e-33  2.29185e-33
148.527  1.53135e-33  1.26955e-33  1.99864e-33
156.783  1.33323e-33  1.09795e-33  1.74234e-33
165.499  1.1611e-33  9.49616e-34  1.5197e-33
174.699  1.01151e-33  8.21413e-34  1.32598e-33
184.41  8.81489e-34  7.10617e-34  1.16069e-33
194.661  7.68448e-34  6.14865e-34  1.01373e-33
205.482  6.70137e-34  5.32108e-34  8.85447e-34
216.905  5.846e-34  4.60566e-34  7.72967e-34
228.962  5.10145e-34  3.98706e-34  6.7469e-34
241.69  4.45308e-34  3.45198e-34  5.88925e-34
255.125  3.8881e-34  2.98901e-34  5.14087e-34
269.307  3.39558e-34  2.58827e-34  4.48282e-34
284.278  2.96601e-34  2.24125e-34  3.9094e-34
300.081  2.59116e-34  1.94064e-34  3.40715e-34
316.762  2.26465e-34  1.68015e-34  2.96758e-34
334.37  1.97947e-34  1.45436e-34  2.58553e-34
352.957  1.73152e-34  1.25862e-34  2.25129e-34
372.578  1.51509e-34  1.08891e-34  1.95874e-34
393.289  1.32593e-34  9.41772e-35  1.70517e-34
415.152  1.1607e-34  8.14222e-35  1.48452e-34
438.23  1.01638e-34  7.03683e-35  1.29171e-34
462.59  8.90346e-35  6.07916e-35  1.12519e-34
488.305  7.80319e-35  5.24987e-35  9.8107e-35
515.45  6.84303e-35  4.53218e-35  8.55213e-35
544.103  6.00537e-35  3.91142e-35  7.46827e-35
574.349  5.27475e-35  3.36414e-35  6.28567e-35
606.277  4.63754e-35  2.89063e-35  5.53308e-35
639.979  4.08172e-35  2.48294e-35  4.87557e-35
675.555  3.59711e-35  2.1323e-35  4.30132e-35
713.108  3.17393e-35  1.8311e-35  3.799e-35
752.749  2.80404e-35  1.57264e-35  3.35923e-35
794.594  2.48715e-35  1.35107e-35  2.97385e-35
838.764  2.21289e-35  1.16129e-35  2.64325e-35
885.39  1.97149e-35  9.98878e-36  2.3558e-35
934.608  1.75855e-35  8.5995e-36  2.10199e-35
986.562  1.57028e-35  7.41157e-36  1.87738e-35
1041.4  1.40338e-35  6.39591e-36  1.67814e-35
1099.29  1.25505e-35  5.52737e-36  1.50099e-35
1160.4  1.12291e-35  4.78432e-36  1.34312e-35
1224.91  1.00487e-35  4.14817e-36  1.20209e-35
1293  8.99176e-36  3.60293e-36  1.07582e-35
1364.88  8.04328e-36  3.13501e-36  9.62538e-36
1440.75  7.19044e-36  2.73275e-36  8.60718e-36
1520.84  6.42238e-36  2.38631e-36  7.69067e-36
1605.38  5.74064e-36  2.08733e-36  6.8648e-36
1694.62  5.13657e-36  1.8287e-36  6.13595e-36
1788.82  4.59186e-36  1.60447e-36  5.4828e-36
1888.26  4.1001e-36  1.40958e-36  4.88888e-36
1993.23  3.65401e-36  1.23979e-36  4.35007e-36
2104.03  3.25068e-36  1.09153e-36  3.87192e-36
2220.99  2.88753e-36  9.61781e-37  3.4424e-36
2344.46  2.56213e-36  8.47999e-37  3.0573e-36
2474.78  2.27211e-36  7.48033e-37  2.71373e-36
2612.35  2.01517e-36  6.60059e-37  2.40889e-36
2757.57  1.78894e-36  5.82529e-37  2.13995e-36
2910.86  1.591e-36  5.14116e-37  1.90404e-36
3072.67  1.41887e-36  4.53688e-37  1.69823e-36
3243.48  1.27e-36  4.0027e-37  1.51958e-36
3423.78  1.14184e-36  3.5302e-37  1.36514e-36
3614.11  1.03188e-36  3.11207e-37  1.232e-36
3815.01  9.37701e-37  2.74193e-37  1.11739e-36
4027.08  8.5701e-37  2.41424e-37  1.01871e-36
4250.94  7.87727e-37  2.12415e-37  9.33545e-37
4487.25  7.28822e-37  1.86736e-37  8.59785e-37
4736.69  6.85559e-37  1.6401e-37  7.9577e-37
