1.00000000000000005551e-01	7.79963176365986148725e-03
1.04712854805089961019e-01	8.02764430676933260500e-03
1.09647819614318520198e-01	8.26055899858706664529e-03
1.14815362149688293680e-01	8.49841526059083932076e-03
1.20226443461741300256e-01	8.74125055610393449090e-03
1.25892541179416728170e-01	8.98910045808408095236e-03
1.31825673855640701504e-01	9.24199873585250172847e-03
1.38038426460288493614e-01	9.49997746723039993011e-03
1.44543977074592738807e-01	9.76306715868049089513e-03
1.51356124843620820641e-01	1.00312968817051675202e-02
1.58489319246111343142e-01	1.03046946320629502492e-02
1.65958690743756076547e-01	1.05832874365063417388e-02
1.73780082874937569226e-01	1.08671015021894242641e-02
1.81970085860998359584e-01	1.11561623777320251955e-02
1.90546071796324739678e-01	1.14504951169795386734e-02
1.99526231496887973549e-01	1.17501243747445294902e-02
2.08929613085403975692e-01	1.20550744343111936041e-02
2.18776162394955259183e-01	1.23653692151858441567e-02
2.29086765276777321043e-01	1.26810321093222440336e-02
2.39883291901949097236e-01	1.30020857616655449024e-02
2.51188643150958013095e-01	1.33285516641242912650e-02
2.63026799189538251778e-01	1.36604494814990852503e-02
2.75422870333816627308e-01	1.39977961750622353909e-02
2.88403150312660561116e-01	1.43406048123431145019e-02
3.01995172040201653729e-01	1.46888830096997442809e-02
3.16227766016837941176e-01	1.50426309920695180922e-02
3.31131121482591161964e-01	1.54018392122187465498e-02
3.46736850452531664146e-01	1.57664853958835761427e-02
3.63078054770101354976e-01	1.61365309531430016488e-02
3.80189396320561201481e-01	1.65119167035250036246e-02
3.98107170553497313747e-01	1.68925585020624734189e-02
4.16869383470335419517e-01	1.72783421289378971708e-02
4.36515832240166046230e-01	1.76691159028989873414e-02
4.57088189614875073374e-01	1.80646824104547035206e-02
4.78630092322638311941e-01	1.84647908466439615582e-02
5.01187233627272354930e-01	1.88691273168857601150e-02
5.24807460249772539385e-01	1.92773058920138427863e-02
5.49540873857624623255e-01	1.96888573210433730221e-02
5.75439937337157036978e-01	2.01032166265773595826e-02
6.02559586074357778074e-01	2.05197138160223037373e-02
6.30957344480193249581e-01	2.09375594795759220612e-02
6.60693448007595995897e-01	2.13558319325155114565e-02
6.91830970918936638547e-01	2.17734659229676524861e-02
7.24435960074990226154e-01	2.21892422158551580469e-02
7.58577575029183770461e-01	2.26017724995745024341e-02
7.94328234724281490031e-01	2.30094926262237320369e-02
8.31763771102670967927e-01	2.34106786708408246001e-02
8.70963589956080697085e-01	2.38034750126163707762e-02
9.12010839355909874726e-01	2.41858485901285946706e-02
9.54992586021435885257e-01	2.45555863633461907147e-02
9.99999999999999888978e-01	2.49103043996697949558e-02
1.04712854805089983223e+00	2.52474914974269125378e-02
1.09647819614318531301e+00	2.55645125999927128047e-02
1.14815362149688282578e+00	2.58586097682040050305e-02
1.20226443461741272500e+00	2.61269264983980988026e-02
1.25892541179416705965e+00	2.63665314505547414281e-02
1.31825673855640723708e+00	2.65744421186901204346e-02
1.38038426460288499165e+00	2.67476696234543384612e-02
1.44543977074592744358e+00	2.68832560456924891945e-02
1.51356124843620798437e+00	2.69783212506928063434e-02
1.58489319246111382000e+00	2.70301059860693637660e-02
1.65958690743756065444e+00	2.70360223587593449801e-02
1.73780082874937535919e+00	2.69936986078793197952e-02
1.81970085860998342930e+00	2.69010301964097732486e-02
1.90546071796324767433e+00	2.67562388551622343247e-02
1.99526231496887973549e+00	2.65579168435521352498e-02
2.08929613085403964590e+00	2.63050673859805128618e-02
2.18776162394955253632e+00	2.59971416961642699806e-02
2.29086765276777271083e+00	2.56340700666908526129e-02
2.39883291901949080582e+00	2.52162808893627646278e-02
2.51188643150958057504e+00	2.47447192925843405253e-02
2.63026799189538174062e+00	2.42208572080183995312e-02
2.75422870333816627308e+00	2.36466901068723076018e-02
2.88403150312660683241e+00	2.30247232525260490943e-02
3.01995172040201653729e+00	2.23579475516008201186e-02
3.16227766016837952279e+00	2.16498052147227545983e-02
3.31131121482591206373e+00	2.09041379182213944710e-02
3.46736850452531619737e+00	2.01251437953300672812e-02
3.63078054770101443793e+00	1.93173178418359278719e-02
3.80189396320561057152e+00	1.84853835611341436873e-02
3.98107170553497224930e+00	1.76342208443246231675e-02
4.16869383470335552744e+00	1.67696232904406931918e-02
4.36515832240165835287e+00	1.59037306966131400388e-02
4.57088189614875073374e+00	1.50409367041441349028e-02
4.78630092322638489577e+00	1.41852706770046466112e-02
5.01187233627272288317e+00	1.33407096708667571860e-02
5.24807460249772717020e+00	1.25110444874683580246e-02
5.49540873857624490029e+00	1.16998598461486753852e-02
5.75439937337156948161e+00	1.09105956567681992159e-02
6.02559586074357955710e+00	1.01461098608973745994e-02
6.30957344480193160763e+00	9.40873505727600305260e-03
6.60693448007596106919e+00	8.70036982085442729684e-03
6.91830970918936305480e+00	8.02261656217008629899e-03
7.24435960074990159541e+00	7.37681079578059954033e-03
7.58577575029184103528e+00	6.76393928968163984927e-03
7.94328234724281401213e+00	6.18451801070764133061e-03
8.31763771102671078950e+00	5.63888143540655379510e-03
8.70963589956080319610e+00	5.12698445212997518106e-03
9.12010839355909830317e+00	4.64861932303262809230e-03
9.54992586021436196120e+00	4.20350994755479094589e-03
9.99999999999999822364e+00	3.79120611992859145312e-03
1.04712854805089961019e+01	3.41090775793823726067e-03
1.09647819614318535741e+01	3.06153240424379084056e-03
1.14815362149688269255e+01	2.74177818245428025351e-03
1.20226443461741325791e+01	2.45017296244016665255e-03
1.25892541179416692643e+01	2.18512511356156640188e-03
1.31825673855640701504e+01	1.94496812947326635362e-03
1.38038426460288530251e+01	1.72799919745640043374e-03
1.44543977074592735477e+01	1.53251195376999166040e-03
1.51356124843620847287e+01	1.35682172782749079290e-03
1.58489319246111293182e+01	1.19928767979498294462e-03
1.65958690743756065444e+01	1.05832637426742353498e-03
1.73780082874937598092e+01	9.32425447842227784166e-04
1.81970085860998302962e+01	8.20152299074360211124e-04
1.90546071796324731906e+01	7.20163735927840053218e-04
1.99526231496888044603e+01	6.31225660776976228196e-04
2.08929613085403929063e+01	5.52332458798238329703e-04
2.18776162394955306922e+01	4.82540048466691487167e-04
2.29086765276777271083e+01	4.20992052113677980504e-04
2.39883291901949036173e+01	3.66870965585309072744e-04
2.51188643150958093031e+01	3.19388763819037843628e-04
2.63026799189538174062e+01	2.77807261373078919972e-04
2.75422870333816689481e+01	2.41447853688506815402e-04
2.88403150312660514487e+01	2.09694189273619958740e-04
3.01995172040201644847e+01	1.81992791234570635379e-04
3.16227766016838032215e+01	1.57849505706468101448e-04
3.31131121482591055383e+01	1.36825438194628184845e-04
3.46736850452531655264e+01	1.18531835909573501041e-04
3.63078054770101488202e+01	1.02625204795400202878e-04
3.80189396320561172615e+01	8.88027371338554415668e-05
3.98107170553497340393e+01	7.67972274339554341130e-05
4.16869383470335321817e+01	6.63800461464678841043e-05
4.36515832240166048450e+01	5.73493780915127518124e-05
4.57088189614875233246e+01	4.95271653196781896293e-05
4.78630092322638347468e+01	4.27561840308018705783e-05
5.01187233627272377134e+01	3.68991515868265739213e-05
5.24807460249772503857e+01	3.18361298332255556755e-05
5.49540873857624561083e+01	2.74627707840580384741e-05
5.75439937337157090269e+01	2.36888074721241488694e-05
6.02559586074357653729e+01	2.04340073544727618426e-05
6.30957344480193356162e+01	1.76310590655484331958e-05
6.60693448007595804938e+01	1.52192149352004338098e-05
6.91830970918936571934e+01	1.31477430754790860731e-05
7.24435960074990248359e+01	1.13703154836027983568e-05
7.58577575029183606148e+01	9.84784610909928353291e-06
7.94328234724281543322e+01	8.54310977683486393009e-06
8.31763771102671398694e+01	7.42305006860073763263e-06
8.70963589956080568300e+01	6.45469824208977404137e-06
9.12010839355909865844e+01	5.60391154648728703763e-06
9.54992586021435698740e+01	4.83781886515835514927e-06
1.00000000000000000000e+02	4.16762281457624803776e-06
1.04712854805089918386e+02	3.58879156008283911855e-06
1.09647819614318564163e+02	3.08972130656550146463e-06
1.14815362149688283466e+02	2.65950805490020279821e-06
1.20226443461741254737e+02	2.28858185114964818332e-06
1.25892541179416824093e+02	1.96847698962610107051e-06
1.31825673855640758347e+02	1.69160754284237624676e-06
1.38038426460288462749e+02	1.45071145549916676845e-06
1.44543977074592675081e+02	1.24222513933979951818e-06
1.51356124843620875708e+02	1.06289566747449036085e-06
1.58489319246111335815e+02	9.09186021987428892568e-07
1.65958690743755965968e+02	7.77487648271621920252e-07
1.73780082874937647830e+02	6.64700157270704110018e-07
1.81970085860998352700e+02	5.68133002913801566592e-07
1.90546071796324639536e+02	4.85475590889214467370e-07
1.99526231496888101447e+02	4.14745805797069128251e-07
2.08929613085403985906e+02	3.54239645344340449671e-07
2.18776162394955207446e+02	3.02493624968454453144e-07
2.29086765276777498457e+02	2.58252318154530855319e-07
2.39883291901949149860e+02	2.20440486863012061692e-07
2.51188643150958000660e+02	1.88126179913084934535e-07
2.63026799189537996426e+02	1.60514046997979312546e-07
2.75422870333816774746e+02	1.36923703509248275154e-07
2.88403150312660613963e+02	1.16771687532541443771e-07
3.01995172040201453001e+02	9.95547787465114139489e-08
3.16227766016838131691e+02	8.48390304484527257272e-08
3.31131121482591140648e+02	7.22750743398972561001e-08
3.46736850452531541578e+02	6.15274506304838227607e-08
3.63078054770101573467e+02	5.23511571777519257937e-08
3.80189396320561286302e+02	4.45237393370577048090e-08
3.98107170553497155652e+02	3.78492922851665894643e-08
4.16869383470335776565e+02	3.21585373367223293102e-08
4.36515832240166162137e+02	2.73084417628367278479e-08
4.57088189614874977451e+02	2.31758905486079071978e-08
4.78630092322638063251e+02	1.96556918803121420648e-08
5.01187233627272519243e+02	1.66580872918773633667e-08
5.24807460249772589123e+02	1.41052345910124410241e-08
5.49540873857624205812e+02	1.19243548699155126634e-08
5.75439937337157289221e+02	1.00518315383764329028e-08
6.02559586074357753205e+02	8.46276570328967496397e-09
6.30957344480193114578e+02	7.11771208481268071545e-09
6.60693448007596543903e+02	5.97997581684066952576e-09
6.91830970918936600356e+02	5.01909260866991562876e-09
7.24435960074989907298e+02	4.20853983096781196049e-09
7.58577575029183208244e+02	3.52398043862121105987e-09
7.94328234724281742274e+02	2.94286892416617077964e-09
8.31763771102670943947e+02	2.45360582617892725807e-09
8.70963589956080113552e+02	2.04483689332409078761e-09
9.12010839355910206905e+02	1.70359964796242324637e-09
9.54992586021436068222e+02	1.41910113521052013402e-09
9.99999999999999545253e+02	1.18218082558256262605e-09
1.04712854805090023547e+03	9.85098603531781844017e-10
1.09647819614318518688e+03	8.21451514591419532356e-10
1.14815362149688235149e+03	6.85752287676469822647e-10
1.20226443461741359897e+03	5.73001487888426587896e-10
1.25892541179416753039e+03	4.79336010717589656612e-10
1.31825673855640684451e+03	4.01514659186636063062e-10
1.38038426460288383169e+03	3.36835463818020797322e-10
1.44543977074592817189e+03	2.83051701153423431451e-10
1.51356124843620818865e+03	2.38362724646177041629e-10
1.58489319246111244865e+03	2.00860431600047635921e-10
1.65958690743756142183e+03	1.69324632879715165042e-10
1.73780082874937556880e+03	1.42914613795064725448e-10
1.81970085860998278804e+03	1.20826306822699295005e-10
1.90546071796324849856e+03	1.02337444925417528914e-10
1.99526231496887999128e+03	8.68634317235774631699e-11
2.08929613085403889272e+03	7.39004783533050369109e-11
2.18776162394955417767e+03	6.29704056015863174928e-11
2.29086765276777396139e+03	5.37222587020817338984e-11
2.39883291901948996383e+03	4.58716132913763607486e-11
2.51188643150957841499e+03	3.91850491128951164914e-11
2.63026799189538314749e+03	3.34711621091681182436e-11
2.75422870333816626953e+03	2.85722789869873585761e-11
2.88403150312660454802e+03	2.43532698273235810268e-11
3.01995172040201759955e+03	2.07148744946620661182e-11
3.16227766016837949792e+03	1.75740956532648377741e-11
3.31131121482590970118e+03	1.48626086765354978959e-11
3.46736850452531871269e+03	1.25236735672334018390e-11
3.63078054770101380200e+03	1.05096432242711192634e-11
3.80189396320561081666e+03	8.77826907856267435682e-12
3.98107170553497599030e+03	7.29681821507983716802e-12
4.16869383470335560560e+03	6.03779832160417218333e-12
4.36515832240165855183e+03	4.97024439661581241398e-12
4.57088189614874772815e+03	4.05587160225315989411e-12
4.78630092322638574842e+03	3.27308842978708609661e-12
5.01187233627272235026e+03	2.62299686875894756687e-12
5.24807460249772339012e+03	2.08416182840485929584e-12
5.49540873857624865195e+03	1.63889018804800029382e-12
5.75439937337156970898e+03	1.27218081078371695715e-12
6.02559586074357503094e+03	9.71333783568990773895e-13
6.30957344480193660274e+03	7.25606508961077366853e-13
6.60693448007596180105e+03	5.25920414588275698796e-13
6.91830970918936236558e+03	3.64611023652795447178e-13
7.24435960074990634894e+03	2.35214638094558598343e-13
7.58577575029183935840e+03	1.32286738349147114261e-13
7.94328234724281355739e+03	5.12471601112789875376e-14
8.31763771102670398250e+03	-1.17517043336013768726e-14
8.70963589956080977572e+03	-5.99370889661015314928e-14
9.12010839355909774895e+03	-9.60113097085432628268e-14
9.54992586021435454313e+03	-1.22232926356054973172e-13
1.00000000000000072760e+04	-1.40485728454023253944e-13
1.04712854805089955335e+04	-1.52337327256225725744e-13
1.09647819614318468666e+04	-1.59088906829258095259e-13
1.14815362149688353384e+04	-1.61817393739769946920e-13
1.20226443461741309875e+04	-1.61411273681921918873e-13
1.25892541179416693922e+04	-1.58600854587542300600e-13
1.31825673855640816328e+04	-1.53983934098436413694e-13
1.38038426460288537783e+04	-1.48047483875493448559e-13
1.44543977074592730787e+04	-1.41185976735733528647e-13
1.51356124843620727916e+04	-1.33716851624374977603e-13
1.58489319246111408575e+04	-1.25893558034489614565e-13
1.65958690743756051234e+04	-1.17916507316081414002e-13
1.73780082874937470478e+04	-1.09942347490328079230e-13
1.81970085860998442513e+04	-1.02091683469529206379e-13
1.90546071796324758907e+04	-9.44555799777207090926e-14
1.99526231496887921821e+04	-8.71010066942628618425e-14
2.08929613085404125741e+04	-8.00753793350753244622e-14
2.18776162394955317723e+04	-7.34103392235307885433e-14
2.29086765276777259714e+04	-6.71249130602930817583e-14
2.39883291901948869054e+04	-6.12281107710412387482e-14
2.51188643150958087062e+04	-5.57210880590257358152e-14
2.63026799189538178325e+04	-5.05989300980969838750e-14
2.75422870333816463244e+04	-4.58521049604584682305e-14
2.88403150312660727650e+04	-4.14676600330004409489e-14
3.01995172040201614436e+04	-3.74301895430524422445e-14
3.16227766016837813368e+04	-3.37226210879310011546e-14
3.31131121482591261156e+04	-3.03268431503803041142e-14
3.46736850452531652991e+04	-2.72242092697491304088e-14
3.63078054770101225586e+04	-2.43959220219984949464e-14
3.80189396320561500033e+04	-2.18233555419504559269e-14
3.98107170553497344372e+04	-1.94882744270763779793e-14
4.16869383470335305901e+04	-1.73730184819730723826e-14
4.36515832240165618714e+04	-1.54606280951085055323e-14
4.57088189614875227562e+04	-1.37349318369158242242e-14
4.78630092322638301994e+04	-1.21806026575894827373e-14
5.01187233627271998557e+04	-1.07831895358694383973e-14
5.24807460249772921088e+04	-9.52913589579933856989e-15
5.49540873857624610537e+04	-8.40576658696213840212e-15
5.75439937337156661670e+04	-7.40128016496159766551e-15
6.02559586074358085170e+04	-6.50472147131319490694e-15
6.30957344480193351046e+04	-5.70595294196177856508e-15
6.60693448007595725358e+04	-4.99561868757807390840e-15
6.91830970918937091483e+04	-4.36510244912105771146e-15
7.24435960074990143767e+04	-3.80649943145840574127e-15
7.58577575029183499282e+04	-3.31255467544431417379e-15
7.94328234724280919181e+04	-2.87664395847841768941e-15
8.31763771102671307744e+04	-2.49271878475917794987e-15
8.70963589956080541015e+04	-2.15527147909931702021e-15
9.12010839355909265578e+04	-1.85929845289620454319e-15
9.54992586021436436567e+04	-1.60025599218631875586e-15
1.00000000000000000000e+05	-1.37455407453646264692e-15
