1.00000000000000005551e-01	6.54064176774529163622e-03
1.04712854805089961019e-01	6.71070342138956575651e-03
1.09647819614318520198e-01	6.88404468969648977716e-03
1.14815362149688293680e-01	7.06069069504030449869e-03
1.20226443461741300256e-01	7.24066823821494474911e-03
1.25892541179416728170e-01	7.42400619293248631436e-03
1.31825673855640701504e-01	7.61073592006986966718e-03
1.38038426460288493614e-01	7.80089171390122276123e-03
1.44543977074592738807e-01	7.99451123908796398854e-03
1.51356124843620820641e-01	8.19163597651022083734e-03
1.58489319246111343142e-01	8.39231212543057117359e-03
1.65958690743756076547e-01	8.59659091328912085272e-03
1.73780082874937569226e-01	8.80452897760991559650e-03
1.81970085860998359584e-01	9.01618875180601811459e-03
1.90546071796324739678e-01	9.23163883817277979016e-03
1.99526231496887973549e-01	9.45095422572970154940e-03
2.08929613085403975692e-01	9.67421636590053493632e-03
2.18776162394955259183e-01	9.90151321822384938853e-03
2.29086765276777321043e-01	1.01329389698036256146e-02
2.39883291901949097236e-01	1.03685936865146634267e-02
2.51188643150958013095e-01	1.06085826521360830632e-02
2.63026799189538251778e-01	1.08530152667529640464e-02
2.75422870333816627308e-01	1.11020036709742440928e-02
2.88403150312660561116e-01	1.13556609147594713555e-02
3.01995172040201653729e-01	1.16140986143520377749e-02
3.16227766016837941176e-01	1.18774241180236057869e-02
3.31131121482591161964e-01	1.21457371243263445582e-02
3.46736850452531664146e-01	1.24191255634385020606e-02
3.63078054770101354976e-01	1.26976607018952063893e-02
3.80189396320561201481e-01	1.29813914485890913308e-02
3.98107170553497313747e-01	1.32703389813378959394e-02
4.16869383470335419517e-01	1.35644905793299904578e-02
4.36515832240166046230e-01	1.38637900517497025810e-02
4.57088189614875073374e-01	1.41681273913605645931e-02
4.78630092322638311941e-01	1.44773302737152571168e-02
5.01187233627272354930e-01	1.47911528343869953794e-02
5.24807460249772539385e-01	1.51092665631511538504e-02
5.49540873857624623255e-01	1.54312480782561965015e-02
5.75439937337157036978e-01	1.57565659657992601650e-02
6.02559586074357778074e-01	1.60845735702577520565e-02
6.30957344480193249581e-01	1.64144941906813300603e-02
6.60693448007595995897e-01	1.67454096256215538563e-02
6.91830970918936638547e-01	1.70762518386938233483e-02
7.24435960074990226154e-01	1.74057964136713899661e-02
7.58577575029183770461e-01	1.77326490980188600233e-02
7.94328234724281490031e-01	1.80552454063971183629e-02
8.31763771102670967927e-01	1.83718840354078691290e-02
8.70963589956080697085e-01	1.86807759976221864073e-02
9.12010839355909874726e-01	1.89799829534630024042e-02
9.54992586021435885257e-01	1.92674202075433301240e-02
9.99999999999999888978e-01	1.95408752053691167627e-02
1.04712854805089983223e+00	1.97980727682381014987e-02
1.09647819614318531301e+00	2.00366799309923369898e-02
1.14815362149688282578e+00	2.02543058197540495891e-02
1.20226443461741272500e+00	2.04485317629747101464e-02
1.25892541179416705965e+00	2.06169374930776291843e-02
1.31825673855640723708e+00	2.07571242289085328148e-02
1.38038426460288499165e+00	2.08667625057576237857e-02
1.44543977074592744358e+00	2.09436262120909558182e-02
1.51356124843620798437e+00	2.09856353318325673796e-02
1.58489319246111382000e+00	2.09908902312822588654e-02
1.65958690743756065444e+00	2.09577119500115836848e-02
1.73780082874937535919e+00	2.08846721976053278924e-02
1.81970085860998342930e+00	2.07706285032422388603e-02
1.90546071796324767433e+00	2.06147665201378942068e-02
1.99526231496887973549e+00	2.04166225333981786461e-02
2.08929613085403964590e+00	2.01761005279887141450e-02
2.18776162394955253632e+00	1.98934850578424554657e-02
2.29086765276777271083e+00	1.95694477699767596657e-02
2.39883291901949080582e+00	1.92050415262766185909e-02
2.51188643150958057504e+00	1.88016962533711293193e-02
2.63026799189538174062e+00	1.83612079728638771803e-02
2.75422870333816627308e+00	1.78857166871980444167e-02
2.88403150312660683241e+00	1.73776771059088071258e-02
3.01995172040201653729e+00	1.68398229493292757308e-02
3.16227766016837952279e+00	1.62751255499141503358e-02
3.31131121482591206373e+00	1.56867395740473147825e-02
3.46736850452531619737e+00	1.50779629568470064510e-02
3.63078054770101443793e+00	1.44521849594236740516e-02
3.80189396320561057152e+00	1.38128301989390873256e-02
3.98107170553497224930e+00	1.31633031514035974546e-02
4.16869383470335552744e+00	1.25077325536103386994e-02
4.36515832240165835287e+00	1.18561427385912073612e-02
4.57088189614875073374e+00	1.12113853098447634887e-02
4.78630092322638489577e+00	1.05759413812461094961e-02
5.01187233627272288317e+00	9.95222595295234928325e-03
5.24807460249772717020e+00	9.34249148416527522287e-03
5.49540873857624490029e+00	8.74883253429398557999e-03
5.75439937337156948161e+00	8.17326072949324175521e-03
6.02559586074357955710e+00	7.61735168102192859024e-03
6.30957344480193160763e+00	7.08230404946354284018e-03
6.60693448007596106919e+00	6.56902372837266275429e-03
6.91830970918936305480e+00	6.07824396454926651340e-03
7.24435960074990159541e+00	5.61055710810899003343e-03
7.58577575029184103528e+00	5.16635615043371972110e-03
7.94328234724281401213e+00	4.74574029241494037973e-03
8.31763771102671078950e+00	4.34873493610636509960e-03
8.70963589956080319610e+00	3.97514273578572496781e-03
9.12010839355909830317e+00	3.62470101081476805613e-03
9.54992586021436196120e+00	3.29715333602687747996e-03
9.99999999999999822364e+00	2.99217670821609127776e-03
1.04712854805089961019e+01	2.70925244498020556180e-03
1.09647819614318535741e+01	2.44770186932260179480e-03
1.14815362149688269255e+01	2.20671953032076191212e-03
1.20226443461741325791e+01	1.98539782786596877631e-03
1.25892541179416692643e+01	1.78275348858670753573e-03
1.31825673855640701504e+01	1.59775110872172748655e-03
1.38038426460288530251e+01	1.42932387635541437339e-03
1.44543977074592735477e+01	1.27639163363718263766e-03
1.51356124843620847287e+01	1.13787560128140660676e-03
1.58489319246111293182e+01	1.01271141481779720570e-03
1.65958690743756065444e+01	8.99857372864926326715e-04
1.73780082874937598092e+01	7.98303084880215042818e-04
1.81970085860998302962e+01	7.07075507457780808723e-04
1.90546071796324731906e+01	6.25245768145515044834e-04
1.99526231496888044603e+01	5.51942544267616363313e-04
2.08929613085403929063e+01	4.86427289547920467354e-04
2.18776162394955306922e+01	4.28010690598116280529e-04
2.29086765276777271083e+01	3.76065378882075912383e-04
2.39883291901949036173e+01	3.29998485938006380289e-04
2.51188643150958093031e+01	2.89242037497557189906e-04
2.63026799189538174062e+01	2.53260037224067576043e-04
2.75422870333816689481e+01	2.21552652577136665376e-04
2.88403150312660514487e+01	1.93658002265724481575e-04
3.01995172040201644847e+01	1.69153372165273762316e-04
3.16227766016838032215e+01	1.47654430398831693072e-04
3.31131121482591055383e+01	1.28813916067433987525e-04
3.46736850452531655264e+01	1.12319504049401412997e-04
3.63078054770101488202e+01	9.78914431434844067251e-05
3.80189396320561172615e+01	8.52800905335483332452e-05
3.98107170553497340393e+01	7.42629855284771738053e-05
4.16869383470335321817e+01	6.46458499512959921954e-05
4.36515832240166048450e+01	5.62569504758997254550e-05
4.57088189614875233246e+01	4.89444470140963904794e-05
4.78630092322638347468e+01	4.25739530966401310023e-05
5.01187233627272377134e+01	3.70272125462446999116e-05
5.24807460249772503857e+01	3.22002796153118107264e-05
5.49540873857624561083e+01	2.80020836165232417066e-05
5.75439937337157090269e+01	2.43531992631153722522e-05
6.02559586074357653729e+01	2.11834499120045029522e-05
6.30957344480193356162e+01	1.84325133403000154949e-05
6.60693448007595804938e+01	1.60469034805484542217e-05
6.91830970918936571934e+01	1.39807063069207854157e-05
7.24435960074990248359e+01	1.21929453327809672207e-05
7.58577575029183606148e+01	1.06480712665675869474e-05
7.94328234724281543322e+01	9.31338429445238721416e-06
8.31763771102671398694e+01	8.15922623775400749485e-06
8.70963589956080568300e+01	7.15697236038082341324e-06
9.12010839355909865844e+01	6.27781884246516742306e-06
9.54992586021435698740e+01	5.49372345062228774641e-06
1.00000000000000000000e+02	4.79828166727539409003e-06
1.04712854805089918386e+02	4.18606145375173694376e-06
1.09647819614318564163e+02	3.64946401645261785202e-06
1.14815362149688283466e+02	3.18031043263961872542e-06
1.20226443461741254737e+02	2.77060713600433367745e-06
1.25892541179416824093e+02	2.41283667159003440875e-06
1.31825673855640758347e+02	2.10004363803594163779e-06
1.38038426460288462749e+02	1.82568110026728843986e-06
1.44543977074592675081e+02	1.58525141279001177198e-06
1.51356124843620875708e+02	1.37525900049728427507e-06
1.58489319246111335815e+02	1.19245438900209434191e-06
1.65958690743755965968e+02	1.03361019674362110204e-06
1.73780082874937647830e+02	8.95736822033416838060e-07
1.81970085860998352700e+02	7.76137745808507016290e-07
1.90546071796324639536e+02	6.72427121488355289457e-07
1.99526231496888101447e+02	5.82515562179601530013e-07
2.08929613085403985906e+02	5.04580551489116286353e-07
2.18776162394955207446e+02	4.37036180499991810550e-07
2.29086765276777498457e+02	3.78504736046514690627e-07
2.39883291901949149860e+02	3.27790775450327612044e-07
2.51188643150958000660e+02	2.83851053763306174443e-07
2.63026799189537996426e+02	2.45780204942141532240e-07
2.75422870333816774746e+02	2.12793609759713912811e-07
2.88403150312660613963e+02	1.84210425467064461978e-07
3.01995172040201453001e+02	1.59437713822004836789e-07
3.16227766016838131691e+02	1.37959289123045605152e-07
3.31131121482591140648e+02	1.19341041148143812098e-07
3.46736850452531541578e+02	1.03188552515303254623e-07
3.63078054770101573467e+02	8.91832351314288654410e-08
3.80189396320561286302e+02	7.70485987962047912136e-08
3.98107170553497155652e+02	6.65392358080143115959e-08
4.16869383470335776565e+02	5.74388570923204235654e-08
4.36515832240166162137e+02	4.95601034051614862117e-08
4.57088189614874977451e+02	4.27399304840571758850e-08
4.78630092322638063251e+02	3.68366400038552558662e-08
5.01187233627272519243e+02	3.17269623998009188720e-08
5.24807460249772589123e+02	2.73019831403141143722e-08
5.49540873857624205812e+02	2.34610468456563720222e-08
5.75439937337157289221e+02	2.01170550674002265199e-08
6.02559586074357753205e+02	1.72232760280995438556e-08
6.30957344480193114578e+02	1.47289953237548413712e-08
6.60693448007596543903e+02	1.25827279322254977131e-08
6.91830970918936600356e+02	1.07385227807698783259e-08
7.24435960074989907298e+02	9.15531172326868825965e-09
7.58577575029183208244e+02	7.79497028316563387749e-09
7.94328234724281742274e+02	6.62276411322116610268e-09
8.31763771102670943947e+02	5.61774519506515222093e-09
8.70963589956080113552e+02	4.76192941925326540738e-09
9.12010839355910206905e+02	4.03508968744729833216e-09
9.54992586021436068222e+02	3.41877172835195742816e-09
9.99999999999999545253e+02	2.89685833177873120956e-09
1.04712854805090023547e+03	2.45545366960796668825e-09
1.09647819614318518688e+03	2.08277284194273383043e-09
1.14815362149688235149e+03	1.76851300663246407204e-09
1.20226443461741359897e+03	1.50322503173452286020e-09
1.25892541179416753039e+03	1.27924611342182217639e-09
1.31825673855640684451e+03	1.09012690364203206821e-09
1.38038426460288383169e+03	9.30401798629422902881e-10
1.44543977074592817189e+03	7.95443704667165742181e-10
1.51356124843620818865e+03	6.81377263339708298487e-10
1.58489319246111244865e+03	5.84208203048043756193e-10
1.65958690743756142183e+03	5.01197260253342448107e-10
1.73780082874937556880e+03	4.30491628599562545281e-10
1.81970085860998278804e+03	3.70370123721339010894e-10
1.90546071796324849856e+03	3.19235999543746398441e-10
1.99526231496887999128e+03	2.75747914703519155098e-10
2.08929613085403889272e+03	2.38718389331194067978e-10
2.18776162394955417767e+03	2.07002607283160617627e-10
2.29086765276777396139e+03	1.79725704167364394568e-10
2.39883291901948996383e+03	1.56180236988462896816e-10
2.51188643150957841499e+03	1.35780202966956760942e-10
2.63026799189538314749e+03	1.18039048594222544460e-10
2.75422870333816626953e+03	1.02550157365567448053e-10
2.88403150312660454802e+03	8.89631001673856208623e-11
3.01995172040201759955e+03	7.70196778948725214871e-11
3.16227766016837949792e+03	6.65067372749749029111e-11
3.31131121482590970118e+03	5.72488427906975787757e-11
3.46736850452531871269e+03	4.91005920115876723445e-11
3.63078054770101380200e+03	4.19396322127016882358e-11
3.80189396320561081666e+03	3.56569967625072836519e-11
3.98107170553497599030e+03	3.01701752105063459416e-11
4.16869383470335560560e+03	2.54091117076401118939e-11
4.36515832240165855183e+03	2.12843781050238882574e-11
4.57088189614874772815e+03	1.76763339136513856375e-11
4.78630092322638574842e+03	1.45235208708072763300e-11
5.01187233627272235026e+03	1.18451187312141139659e-11
5.24807460249772339012e+03	9.57791249186550520813e-12
5.49540873857624865195e+03	7.66390421167498154511e-12
5.75439937337156970898e+03	6.05281689865525502205e-12
6.02559586074357503094e+03	4.70120024827753889362e-12
6.30957344480193660274e+03	3.57153155573445051389e-12
6.60693448007596180105e+03	2.63142896102181373885e-12
6.91830970918936236558e+03	1.85296810945008415835e-12
7.24435960074990634894e+03	1.21208721272892116872e-12
7.58577575029183935840e+03	6.88070843075335657395e-13
7.94328234724281355739e+03	2.63100962580977528648e-13
8.31763771102670398250e+03	-7.81328800186849369662e-14
8.70963589956080977572e+03	-3.48772024934431340537e-13
9.12010839355909774895e+03	-5.60082595494107752122e-13
9.54992586021435454313e+03	-7.21710509594602167460e-13
1.00000000000000072760e+04	-8.41902746507365824657e-13
1.04712854805089955335e+04	-9.27699214934152956190e-13
1.09647819614318468666e+04	-9.85099148889797831385e-13
1.14815362149688353384e+04	-1.01920511777937086605e-12
1.20226443461741309875e+04	-1.03434812927169342208e-12
1.25892541179416693922e+04	-1.03419552315493448330e-12
1.31825673855640816328e+04	-1.02184462814191980353e-12
1.38038426460288537783e+04	-9.99903647922714915987e-13
1.44543977074592730787e+04	-9.70561619030455608646e-13
1.51356124843620727916e+04	-9.35648830780795417396e-13
1.58489319246111408575e+04	-8.96689023349114035739e-13
1.65958690743756051234e+04	-8.54944218602054629782e-13
1.73780082874937470478e+04	-8.11453788705214982316e-13
1.81970085860998442513e+04	-7.67067663247254331998e-13
1.90546071796324758907e+04	-7.22475105205000547582e-13
1.99526231496887921821e+04	-6.78229474278015949354e-13
2.08929613085404125741e+04	-6.34769442507813233432e-13
2.18776162394955317723e+04	-5.92437154521047038355e-13
2.29086765276777259714e+04	-5.51493909838286615435e-13
2.39883291901948869054e+04	-5.12133410786329875259e-13
2.51188643150958087062e+04	-4.74493190318882745103e-13
2.63026799189538178325e+04	-4.38664372484102067881e-13
2.75422870333816463244e+04	-4.04699895176106047785e-13
2.88403150312660727650e+04	-3.72621565001539499319e-13
3.01995172040201614436e+04	-3.42425994133960433815e-13
3.16227766016837813368e+04	-3.14089658474366600095e-13
3.31131121482591261156e+04	-2.87573130954682986334e-13
3.46736850452531652991e+04	-2.62824680939314275062e-13
3.63078054770101225586e+04	-2.39783171140591578122e-13
3.80189396320561500033e+04	-2.18380696316612947117e-13
3.98107170553497344372e+04	-1.98544509404723428876e-13
4.16869383470335305901e+04	-1.80198818401130497257e-13
4.36515832240165618714e+04	-1.63266171258890324707e-13
4.57088189614875227562e+04	-1.47668590316818964163e-13
4.78630092322638301994e+04	-1.33328484903336632104e-13
5.01187233627271998557e+04	-1.20169383219316784601e-13
5.24807460249772921088e+04	-1.08116576449829410774e-13
5.49540873857624610537e+04	-9.70974613876377863905e-14
5.75439937337156661670e+04	-8.70419572133055987195e-14
6.02559586074358085170e+04	-7.78827148842982400632e-14
6.30957344480193351046e+04	-6.95553097070926967531e-14
6.60693448007595725358e+04	-6.19983421124618246431e-14
6.91830970918937091483e+04	-5.51534521112980064334e-14
7.24435960074990143767e+04	-4.89654804539580399378e-14
7.58577575029183499282e+04	-4.33822004958303765606e-14
7.94328234724280919181e+04	-3.83545490621726240834e-14
8.31763771102671307744e+04	-3.38363830084704717192e-14
8.70963589956080541015e+04	-2.97844609272905880443e-14
9.12010839355909265578e+04	-2.61583815589628247978e-14
9.54992586021436436567e+04	-2.29208373303699734093e-14
1.00000000000000000000e+05	-2.00680685735936863993e-14
