1.00000000000000005551e-01	1.27306122129872949927e-02
1.04712854805089961019e-01	1.30849665186249051324e-02
1.09647819614318520198e-01	1.34466375331027555157e-02
1.14815362149688293680e-01	1.38156824656477869584e-02
1.20226443461741300256e-01	1.41921567130069720825e-02
1.25892541179416728170e-01	1.45761140869793050928e-02
1.31825673855640701504e-01	1.49676070747213410539e-02
1.38038426460288493614e-01	1.53666871471921113318e-02
1.44543977074592738807e-01	1.57734050761935591656e-02
1.51356124843620820641e-01	1.61878112822035485907e-02
1.58489319246111343142e-01	1.66099560340867355435e-02
1.65958690743756076547e-01	1.70398898662520378866e-02
1.73780082874937569226e-01	1.74776640307210337499e-02
1.81970085860998359584e-01	1.79233308257452546297e-02
1.90546071796324739678e-01	1.83769438660043547829e-02
1.99526231496887973549e-01	1.88385572234456566409e-02
2.08929613085403975692e-01	1.93082260787079441899e-02
2.18776162394955259183e-01	1.97860061557238904595e-02
2.29086765276777321043e-01	2.02719530949336743109e-02
2.39883291901949097236e-01	2.07661219079103877283e-02
2.51188643150958013095e-01	2.12685661652599819482e-02
2.63026799189538251778e-01	2.17793364973103524551e-02
2.75422870333816627308e-01	2.22984787421414039355e-02
2.88403150312660561116e-01	2.28260315104836103428e-02
3.01995172040201653729e-01	2.33620231331054528656e-02
3.16227766016837941176e-01	2.39064679572716307088e-02
3.31131121482591161964e-01	2.44593619191363804977e-02
3.46736850452531664146e-01	2.50206771777477798846e-02
3.63078054770101354976e-01	2.55903557311837857868e-02
3.80189396320561201481e-01	2.61683020420484802049e-02
3.98107170553497313747e-01	2.67543743394232473587e-02
4.16869383470335419517e-01	2.73483746054585460938e-02
4.36515832240166046230e-01	2.79500363383521598093e-02
4.57088189614875073374e-01	2.85590117956246516973e-02
4.78630092322638311941e-01	2.91748597492323576141e-02
5.01187233627272354930e-01	2.97970301144797646009e-02
5.24807460249772539385e-01	3.04248505028669076478e-02
5.49540873857624623255e-01	3.10575090790361531268e-02
5.75439937337157036978e-01	3.16940360436354373608e-02
6.02559586074357778074e-01	3.23332915916819466084e-02
6.30957344480193249581e-01	3.29739384869853283111e-02
6.60693448007595995897e-01	3.36144020563189371842e-02
6.91830970918936638547e-01	3.42528517660411549461e-02
7.24435960074990226154e-01	3.48872096531764389060e-02
7.58577575029183770461e-01	3.55151295466648309063e-02
7.94328234724281490031e-01	3.61339920005666892511e-02
8.31763771102670967927e-01	3.67408944960640193589e-02
8.70963589956080697085e-01	3.73326495168739627695e-02
9.12010839355909874726e-01	3.79057878514229701361e-02
9.54992586021435885257e-01	3.84565681416726909414e-02
9.99999999999999888978e-01	3.89809951671182958188e-02
1.04712854805089983223e+00	3.94748429628802716129e-02
1.09647819614318531301e+00	3.99336795628872018304e-02
1.14815362149688282578e+00	4.03529061782104125911e-02
1.20226443461741272500e+00	4.07278126260775877321e-02
1.25892541179416705965e+00	4.10536298453800380104e-02
1.31825673855640723708e+00	4.13255728450987180889e-02
1.38038426460288499165e+00	4.15388233204723109071e-02
1.44543977074592744358e+00	4.16886625032038340977e-02
1.51356124843620798437e+00	4.17705858043224409482e-02
1.58489319246111382000e+00	4.17803811111683784385e-02
1.65958690743756065444e+00	4.17142194156758863710e-02
1.73780082874937535919e+00	4.15687408853327861058e-02
1.81970085860998342930e+00	4.13411417141132525588e-02
1.90546071796324767433e+00	4.10292502314775209271e-02
1.99526231496887973549e+00	4.06315787609575831962e-02
2.08929613085403964590e+00	4.01473472926031152430e-02
2.18776162394955253632e+00	3.95765191631220064616e-02
2.29086765276777271083e+00	3.89199016678742071296e-02
2.39883291901949080582e+00	3.81791776813448363592e-02
2.51188643150958057504e+00	3.73569085622996663321e-02
2.63026799189538174062e+00	3.64565258034290837208e-02
2.75422870333816627308e+00	3.54823035103983275285e-02
2.88403150312660683241e+00	3.44393153276347091518e-02
3.01995172040201653729e+00	3.33333756250729640325e-02
3.16227766016837952279e+00	3.21709615013247018922e-02
3.31131121482591206373e+00	3.09591283409648421188e-02
3.46736850452531619737e+00	2.97054004101434711294e-02
3.63078054770101443793e+00	2.84176614274782336766e-02
3.80189396320561057152e+00	2.71040344583108883114e-02
3.98107170553497224930e+00	2.57727593805949749262e-02
4.16869383470335552744e+00	2.44320714091198105955e-02
4.36515832240165835287e+00	2.30900800074829055941e-02
4.57088189614875073374e+00	2.17546538425372089354e-02
4.78630092322638489577e+00	2.04333085020887879335e-02
5.01187233627272288317e+00	1.91331109143930699901e-02
5.24807460249772717020e+00	1.78605939281288976506e-02
5.49540873857624490029e+00	1.66216849392467266866e-02
5.75439937337156948161e+00	1.54216529217991466655e-02
6.02559586074357955710e+00	1.42650824705437932749e-02
6.30957344480193160763e+00	1.31558569849750135045e-02
6.60693448007596106919e+00	1.20971235259602401951e-02
6.91830970918936305480e+00	1.10913027144329233431e-02
7.24435960074990159541e+00	1.01401084909719489680e-02
7.58577575029184103528e+00	9.24457689894683104503e-03
7.94328234724281401213e+00	8.40511107616962252487e-03
8.31763771102671078950e+00	7.62152932510783316655e-03
8.70963589956080319610e+00	6.89312390599323716184e-03
9.12010839355909830317e+00	6.21872224368203406486e-03
9.54992586021436196120e+00	5.59675081679577180599e-03
9.99999999999999822364e+00	5.02530079763585831032e-03
1.04712854805089961019e+01	4.50219367718974507186e-03
1.09647819614318535741e+01	4.02504462036262604385e-03
1.14815362149688269255e+01	3.59130396360591219382e-03
1.20226443461741325791e+01	3.19824577605917021936e-03
1.25892541179416692643e+01	2.84310690321257697119e-03
1.31825673855640701504e+01	2.52315084549160342439e-03
1.38038426460288530251e+01	2.23569836094169921079e-03
1.44543977074592735477e+01	1.97815458711862908470e-03
1.51356124843620847287e+01	1.74802685993182493028e-03
1.58489319246111293182e+01	1.54294293015573612607e-03
1.65958690743756065444e+01	1.36066615075318832033e-03
1.73780082874937598092e+01	1.19910787064325371001e-03
1.81970085860998302962e+01	1.05633632677335398582e-03
1.90546071796324731906e+01	9.30460927541674033894e-04
1.99526231496888044603e+01	8.19385248524904272020e-04
2.08929613085403929063e+01	7.21194883984646530235e-04
2.18776162394955306922e+01	6.34386446290547724447e-04
2.29086765276777271083e+01	5.57641515357990653554e-04
2.39883291901949036173e+01	4.89803612821521961763e-04
2.51188643150958093031e+01	4.29878426632039178489e-04
2.63026799189538174062e+01	3.77003390632274894625e-04
2.75422870333816689481e+01	3.30370450311438768835e-04
2.88403150312660514487e+01	2.89276655989638084316e-04
3.01995172040201644847e+01	2.53118735141015971553e-04
3.16227766016838032215e+01	2.21329026381495114033e-04
3.31131121482591055383e+01	1.93403895148310406857e-04
3.46736850452531655264e+01	1.68912384908960998536e-04
3.63078054770101488202e+01	1.47460551390862413222e-04
3.80189396320561172615e+01	1.28624337186363256252e-04
3.98107170553497340393e+01	1.12112472978159405054e-04
4.16869383470335321817e+01	9.76584953672472141960e-05
4.36515832240166048450e+01	8.50117025550098311419e-05
4.57088189614875233246e+01	7.39561609987513803813e-05
4.78630092322638347468e+01	6.43091069279225408840e-05
5.01187233627272377134e+01	5.58968685877810064831e-05
5.24807460249772503857e+01	4.85548406591446214697e-05
5.49540873857624561083e+01	4.21630746955418755440e-05
5.75439937337157090269e+01	3.66058692890279871717e-05
6.02559586074357653729e+01	3.17760147264642856414e-05
6.30957344480193356162e+01	2.75861523298458805769e-05
6.60693448007595804938e+01	2.39607501346879008127e-05
6.91830970918936571934e+01	2.08289950569905413247e-05
7.24435960074990248359e+01	1.81301203386686979335e-05
7.58577575029183606148e+01	1.58012721749069273702e-05
7.94328234724281543322e+01	1.37892421834575090343e-05
8.31763771102671398694e+01	1.20490749172888974585e-05
8.70963589956080568300e+01	1.05363080487504811439e-05
9.12010839355909865844e+01	9.20399624648348347255e-06
9.54992586021435698740e+01	8.00375391335992413086e-06
1.00000000000000000000e+02	6.94479812039860009207e-06
1.04712854805089918386e+02	6.02150817585449485994e-06
1.09647819614318564163e+02	5.21892395680747925491e-06
1.14815362149688283466e+02	4.52242041264294801375e-06
1.20226443461741254737e+02	3.91894429353000410619e-06
1.25892541179416824093e+02	3.39596574436411448436e-06
1.31825673855640758347e+02	2.94224046354563395432e-06
1.38038426460288462749e+02	2.54931684729926405690e-06
1.44543977074592675081e+02	2.20896444496857045141e-06
1.51356124843620875708e+02	1.91384536708195523245e-06
1.58489319246111335815e+02	1.65796563413538858880e-06
1.65958690743755965968e+02	1.43647493731394382834e-06
1.73780082874937647830e+02	1.24492610751684772973e-06
1.81970085860998352700e+02	1.07972104462784486649e-06
1.90546071796324639536e+02	9.35704907195346768520e-07
1.99526231496888101447e+02	8.10346384595485138208e-07
2.08929613085403985906e+02	7.01450274008522328522e-07
2.18776162394955207446e+02	6.06887989426564641779e-07
2.29086765276777498457e+02	5.24891823665207510644e-07
2.39883291901949149860e+02	4.53839342498409420993e-07
2.51188643150958000660e+02	3.92273343235943523833e-07
2.63026799189537996426e+02	3.38845492218828314035e-07
2.75422870333816774746e+02	2.92567817338451443797e-07
2.88403150312660613963e+02	2.52515277956924838503e-07
3.01995172040201453001e+02	2.17817574390505735419e-07
3.16227766016838131691e+02	1.87776880040085506017e-07
3.31131121482591140648e+02	1.61857028825052508828e-07
3.46736850452531541578e+02	1.39400439292331976445e-07
3.63078054770101573467e+02	1.19981664508236200193e-07
3.80189396320561286302e+02	1.03249543073730060315e-07
3.98107170553497155652e+02	8.88525348886310118676e-08
4.16869383470335776565e+02	7.64429809519158608568e-08
4.36515832240166162137e+02	6.57405526220110304363e-08
4.57088189614874977451e+02	5.65623548526241199564e-08
4.78630092322638063251e+02	4.86706541931327648987e-08
5.01187233627272519243e+02	4.18550150344232350720e-08
5.24807460249772589123e+02	3.59362881631605461346e-08
5.49540873857624205812e+02	3.06194314318688664958e-08
5.75439937337157289221e+02	2.57362767747606898004e-08
6.02559586074357753205e+02	2.22929681905030099778e-08
6.30957344480193114578e+02	1.92875099862551100458e-08
6.60693448007596543903e+02	1.66868076783497244244e-08
6.91830970918936600356e+02	1.44354546206808595259e-08
7.24435960074989907298e+02	1.24857121998857508187e-08
7.58577575029183208244e+02	1.07923315664448507871e-08
7.94328234724281742274e+02	9.31378001930886470160e-09
8.31763771102670943947e+02	8.04496766080324417830e-09
8.70963589956080113552e+02	6.95469821909993600134e-09
9.12010839355910206905e+02	6.01279094657858346462e-09
9.54992586021436068222e+02	5.19810227448614668804e-09
9.99999999999999545253e+02	4.49357160409609863208e-09
1.04712854805090023547e+03	3.88438338909410093699e-09
1.09647819614318518688e+03	3.35768077813513835989e-09
1.14815362149688235149e+03	2.90232626871836592046e-09
1.20226443461741359897e+03	2.50872461134003099868e-09
1.25892541179416753039e+03	2.16851886853101864102e-09
1.31825673855640684451e+03	1.87448534096279700838e-09
1.38038426460288383169e+03	1.62037139235536768563e-09
1.44543977074592817189e+03	1.40075128365665370454e-09
1.51356124843620818865e+03	1.21082150226953671286e-09
1.58489319246111244865e+03	1.04532516277501155586e-09
1.65958690743756142183e+03	9.02558342521223947664e-10
1.73780082874937556880e+03	7.79532714261094130191e-10
1.81970085860998278804e+03	6.73193865300159422067e-10
1.90546071796324849856e+03	5.81056867013839909866e-10
1.99526231496887999128e+03	5.01551693834320529427e-10
2.08929613085403889272e+03	4.33657313579279932022e-10
2.18776162394955417767e+03	3.75009280107128966166e-10
2.29086765276777396139e+03	3.24306680098271730980e-10
2.39883291901948996383e+03	2.80454627556319713875e-10
2.51188643150957841499e+03	2.42519939225421506118e-10
2.63026799189538314749e+03	2.09696704466241380560e-10
2.75422870333816626953e+03	1.81289132460210016313e-10
2.88403150312660454802e+03	1.56692342417873161825e-10
3.01995172040201759955e+03	1.35395461577057327859e-10
3.16227766016837949792e+03	1.16955615527884938448e-10
3.31131121482590970118e+03	1.00990221440198221784e-10
3.46736850452531871269e+03	8.71685794550469393393e-11
3.63078054770101380200e+03	7.52049356025784790082e-11
3.80189396320561081666e+03	6.48514391586960072993e-11
3.98107170553497599030e+03	5.58971319252068275054e-11
4.16869383470335560560e+03	4.81570560889321248418e-11
4.36515832240165855183e+03	4.14424076287957548794e-11
4.57088189614874772815e+03	3.54973107128648512116e-11
4.78630092322638574842e+03	3.02187295003271177564e-11
5.01187233627272235026e+03	2.57053844956201907823e-11
5.24807460249772339012e+03	2.18434544355834353690e-11
5.49540873857624865195e+03	1.85410790542548480917e-11
5.75439937337156970898e+03	1.57190165867227328006e-11
6.02559586074357503094e+03	1.33090897388547187233e-11
6.30957344480193660274e+03	1.12526505610454542294e-11
6.60693448007596180105e+03	9.49926054964411924397e-12
6.91830970918936236558e+03	8.00555509538805739052e-12
7.24435960074990634894e+03	6.73426050579228246903e-12
7.58577575029183935840e+03	5.65334971339735179588e-12
7.94328234724281355739e+03	4.73531227663330572731e-12
8.31763771102670398250e+03	3.95652566754716673103e-12
8.70963589956080977572e+03	3.29671356263249110180e-12
9.12010839355909774895e+03	2.73847890861973496299e-12
9.54992586021435454313e+03	2.26690112497367704397e-12
1.00000000000000072760e+04	1.86918961135417250599e-12
1.04712854805089955335e+04	1.53438491583428889395e-12
1.09647819614318468666e+04	1.25310156492206992986e-12
1.14815362149688353384e+04	1.01730626068348542176e-12
1.20226443461741309875e+04	8.20127499003541126988e-13
1.25892541179416693922e+04	6.55691042438397806002e-13
1.31825673855640816328e+04	5.18978759516012147453e-13
1.38038426460288537783e+04	4.05706999494085886381e-13
1.44543977074592730787e+04	3.12222011620504057785e-13
1.51356124843620727916e+04	2.35409995054605997680e-13
1.58489319246111408575e+04	1.72619777326415253173e-13
1.65958690743756051234e+04	1.21596312413247993093e-13
1.73780082874937470478e+04	8.04236400914917223687e-14
1.81970085860998442513e+04	4.74757854520910587670e-14
1.90546071796324758907e+04	2.13746586241638969405e-14
1.99526231496887921821e+04	9.53912259083152665276e-16
2.08929613085404125741e+04	-1.47720736294437177537e-14
2.18776162394955317723e+04	-2.66347855648850139238e-14
2.29086765276777259714e+04	-3.53343747711758498704e-14
2.39883291901948869054e+04	-4.14591849167735612951e-14
2.51188643150958087062e+04	-4.55024748937650148932e-14
2.63026799189538178325e+04	-4.78767351379833286821e-14
2.75422870333816463244e+04	-4.89259242530265939132e-14
2.88403150312660727650e+04	-4.89359339281311025987e-14
3.01995172040201614436e+04	-4.81435224948708868793e-14
3.16227766016837813368e+04	-4.67439444315788794947e-14
3.31131121482591261156e+04	-4.48974524086245920667e-14
3.46736850452531652991e+04	-4.27348439119744605895e-14
3.63078054770101225586e+04	-4.03621625808254733529e-14
3.80189396320561500033e+04	-3.78647337438902190239e-14
3.98107170553497344372e+04	-3.53105467324329646140e-14
4.16869383470335305901e+04	-3.27531601918740557156e-14
4.36515832240165618714e+04	-3.02341479534127262732e-14
4.57088189614875227562e+04	-2.77851693636963777129e-14
4.78630092322638301994e+04	-2.54297173695381415230e-14
5.01187233627271998557e+04	-2.31845929884659370794e-14
5.24807460249772921088e+04	-2.10611602141221974016e-14
5.49540873857624610537e+04	-1.90663680511837837894e-14
5.75439937337156661670e+04	-1.72036399013366708159e-14
6.02559586074358085170e+04	-1.54735962457781461152e-14
6.30957344480193351046e+04	-1.38746673332360123354e-14
6.60693448007595725358e+04	-1.24035968134660832589e-14
6.91830970918937091483e+04	-1.10558503642008467383e-14
7.24435960074990143767e+04	-9.82598979803105069274e-15
7.58577575029183499282e+04	-8.70790310807706830680e-15
7.94328234724280919181e+04	-7.69509023014684027469e-15
8.31763771102671307744e+04	-6.78081183173983144407e-15
8.70963589956080541015e+04	-5.95825048533177285426e-15
9.12010839355909265578e+04	-5.22063342810744297937e-15
9.54992586021436436567e+04	-4.56131872502255902167e-15
1.00000000000000000000e+05	-3.97724607464769117672e-15
