1.00000000000000005551e-01	8.23652888829007855109e-03
1.04712854805089961019e-01	8.46556476364985349692e-03
1.09647819614318520198e-01	8.69932523705286772642e-03
1.14815362149688293680e-01	8.93784684818519498117e-03
1.20226443461741300256e-01	9.18116489309281011422e-03
1.25892541179416728170e-01	9.42931354706956319223e-03
1.31825673855640701504e-01	9.68232600072651237999e-03
1.38038426460288493614e-01	9.94023461671227070990e-03
1.44543977074592738807e-01	1.02030710814507274281e-02
1.51356124843620820641e-01	1.04708665621845754823e-02
1.58489319246111343142e-01	1.07436521504747726358e-02
1.65958690743756076547e-01	1.10214589366537038528e-02
1.73780082874937569226e-01	1.13043181237993013710e-02
1.81970085860998359584e-01	1.15922611374815482527e-02
1.90546071796324739678e-01	1.18853197186306446670e-02
1.99526231496887973549e-01	1.21835259045870863970e-02
2.08929613085403975692e-01	1.24869119006186662935e-02
2.18776162394955259183e-01	1.27955099093509886560e-02
2.29086765276777321043e-01	1.31093517183835852474e-02
2.39883291901949097236e-01	1.34284682062877497311e-02
2.51188643150958013095e-01	1.37528885983460823217e-02
2.63026799189538251778e-01	1.40826393737520979416e-02
2.75422870333816627308e-01	1.44177429219064026644e-02
2.88403150312660561116e-01	1.47582158129829724841e-02
3.01995172040201653729e-01	1.51040666280564273710e-02
3.16227766016837941176e-01	1.54552933455728881695e-02
3.31131121482591161964e-01	1.58118802280654037473e-02
3.46736850452531664146e-01	1.61737940585868489318e-02
3.63078054770101354976e-01	1.65409796763809242848e-02
3.80189396320561201481e-01	1.69133547731873945530e-02
3.98107170553497313747e-01	1.72908047236407375058e-02
4.16869383470335419517e-01	1.76731766573413016930e-02
4.36515832240166046230e-01	1.80602708719909375856e-02
4.57088189614875073374e-01	1.84518314116125445312e-02
4.78630092322638311941e-01	1.88475377087531058284e-02
5.01187233627272354930e-01	1.92469939900225539553e-02
5.24807460249772539385e-01	1.96497199664147775833e-02
5.49540873857624623255e-01	2.00551389808965828399e-02
5.75439937337157036978e-01	2.04625651938770379556e-02
6.02559586074357778074e-01	2.08711950049846224620e-02
6.30957344480193249581e-01	2.12800926132010251313e-02
6.60693448007595995897e-01	2.16881779289971390878e-02
6.91830970918936638547e-01	2.20942168014479252414e-02
7.24435960074990226154e-01	2.24968126674409303611e-02
7.58577575029183770461e-01	2.28943929489274985989e-02
7.94328234724281490031e-01	2.32852057862978391312e-02
8.31763771102670967927e-01	2.36673439292956130919e-02
8.70963589956080697085e-01	2.40387822812688882468e-02
9.12010839355909874726e-01	2.43973280554964470912e-02
9.54992586021435885257e-01	2.47406225270458378362e-02
9.99999999999999888978e-01	2.50661561872617642821e-02
1.04712854805089983223e+00	2.53713233529045678605e-02
1.09647819614318531301e+00	2.56534290246266984126e-02
1.14815362149688282578e+00	2.59096925608306473399e-02
1.20226443461741272500e+00	2.61372775881709221157e-02
1.25892541179416705965e+00	2.63333201612355564947e-02
1.31825673855640723708e+00	2.64949557520448714110e-02
1.38038426460288499165e+00	2.66193688374407599895e-02
1.44543977074592744358e+00	2.67038323999371843276e-02
1.51356124843620798437e+00	2.67457564501806313584e-02
1.58489319246111382000e+00	2.67427306308843162896e-02
1.65958690743756065444e+00	2.66925732923966596566e-02
1.73780082874937535919e+00	2.65933724997571493964e-02
1.81970085860998342930e+00	2.64435323444494781164e-02
1.90546071796324767433e+00	2.62418262240603321345e-02
1.99526231496887973549e+00	2.59874324027000343229e-02
2.08929613085403964590e+00	2.56799642463971834749e-02
2.18776162394955253632e+00	2.53194958507789308344e-02
2.29086765276777271083e+00	2.49065806567112038583e-02
2.39883291901949080582e+00	2.44422569292942933050e-02
2.51188643150958057504e+00	2.39280529596533203529e-02
2.63026799189538174062e+00	2.33659836149844313269e-02
2.75422870333816627308e+00	2.27585337226743275596e-02
2.88403150312660683241e+00	2.21086318001586616677e-02
3.01995172040201653729e+00	2.14196146584416484415e-02
3.16227766016837952279e+00	2.06951834976104656616e-02
3.31131121482591206373e+00	1.99393443837769662741e-02
3.46736850452531619737e+00	1.91563603081394279171e-02
3.63078054770101443793e+00	1.83506889104116353850e-02
3.80189396320561057152e+00	1.75269140760495809039e-02
3.98107170553497224930e+00	1.66896764662177350680e-02
4.16869383470335552744e+00	1.58444308175363750280e-02
4.36515832240165835287e+00	1.50028137544244415807e-02
4.57088189614875073374e+00	1.41687435476850961957e-02
4.78630092322638489577e+00	1.33457311138233530867e-02
5.01187233627272288317e+00	1.25371957359247977737e-02
5.24807460249772717020e+00	1.17463451865154437648e-02
5.49540873857624490029e+00	1.09761674661139219805e-02
5.75439937337156948161e+00	1.02295002183843321969e-02
6.02559586074357955710e+00	9.50862499142769365679e-03
6.30957344480193160763e+00	8.81533185677528356716e-03
6.60693448007596106919e+00	8.15101447113046086168e-03
6.91830970918936305480e+00	7.51680656799063543622e-03
7.24435960074990159541e+00	6.91361541481603537884e-03
7.58577575029184103528e+00	6.34205127260037242187e-03
7.94328234724281401213e+00	5.80231886717727778774e-03
8.31763771102671078950e+00	5.29448459818172584984e-03
8.70963589956080319610e+00	4.81829832774660366673e-03
9.12010839355909830317e+00	4.37339013146041590691e-03
9.54992586021436196120e+00	3.95935631336206267372e-03
9.99999999999999822364e+00	3.57566593654387457693e-03
1.04712854805089961019e+01	3.22150337301210657262e-03
1.09647819614318535741e+01	2.89582436380253971028e-03
1.14815362149688269255e+01	2.59740788073278654202e-03
1.20226443461741325791e+01	2.32489590767293637791e-03
1.25892541179416692643e+01	2.07683469766431656744e-03
1.31825673855640701504e+01	1.85171101385545175053e-03
1.38038426460288530251e+01	1.64798350982675546536e-03
1.44543977074592735477e+01	1.46410950660661159234e-03
1.51356124843620847287e+01	1.29856589227400186920e-03
1.58489319246111293182e+01	1.14986748499339651829e-03
1.65958690743756065444e+01	1.01657838264553978917e-03
1.73780082874937598092e+01	8.97323529088048330721e-04
1.81970085860998302962e+01	7.90796295353278695141e-04
1.90546071796324731906e+01	6.95766954964545381035e-04
1.99526231496888044603e+01	6.11099745250810754728e-04
2.08929613085403929063e+01	5.35853625632983876330e-04
2.18776162394955306922e+01	4.69150651683624753726e-04
2.29086765276777271083e+01	4.10194921153844672349e-04
2.39883291901949036173e+01	3.58231856046527154941e-04
2.51188643150958093031e+01	3.12537581968856019790e-04
2.63026799189538174062e+01	2.72432942815982155962e-04
2.75422870333816689481e+01	2.37290802660854041953e-04
2.88403150312660514487e+01	2.06538459467249762951e-04
3.01995172040201644847e+01	1.79658611292937648923e-04
3.16227766016838032215e+01	1.56186998678310701291e-04
3.31131121482591055383e+01	1.35709395559724648600e-04
3.46736850452531655264e+01	1.17857558259262974873e-04
3.63078054770101488202e+01	1.02305150063747348084e-04
3.80189396320561172615e+01	8.87637840688884052678e-05
3.98107170553497340393e+01	7.69785917743496638909e-05
4.16869383470335321817e+01	6.67300788801352860128e-05
4.36515832240166048450e+01	5.78249040353298799678e-05
4.57088189614875233246e+01	5.00926192222177053500e-05
4.78630092322638347468e+01	4.33827385773762657837e-05
5.01187233627272377134e+01	3.75635323517627215534e-05
5.24807460249772503857e+01	3.25197268439425754842e-05
5.49540873857624561083e+01	2.81508245819332888744e-05
5.75439937337157090269e+01	2.43696644790371519341e-05
6.02559586074357653729e+01	2.10990365800620037148e-05
6.30957344480193356162e+01	1.82734818371624267307e-05
6.60693448007595804938e+01	1.58344402575453699865e-05
6.91830970918936571934e+01	1.37323670296009645318e-05
7.24435960074990248359e+01	1.19224753082221280286e-05
7.58577575029183606148e+01	1.03664122570375560271e-05
7.94328234724281543322e+01	9.02814104381052744239e-06
8.31763771102671398694e+01	7.87520627386056153976e-06
8.70963589956080568300e+01	6.87564113472965726426e-06
9.12010839355909865844e+01	5.99671696555819908791e-06
9.54992586021435698740e+01	5.20701845500647048743e-06
1.00000000000000000000e+02	4.51061775062512542676e-06
1.04712854805089918386e+02	3.90427685776766283547e-06
1.09647819614318564163e+02	3.37840660369586725929e-06
1.14815362149688283466e+02	2.92280903679248312745e-06
1.20226443461741254737e+02	2.52808933080576976992e-06
1.25892541179416824093e+02	2.18580626646639832777e-06
1.31825673855640758347e+02	1.88836610000652792610e-06
1.38038426460288462749e+02	1.62861511684663224718e-06
1.44543977074592675081e+02	1.40255329922667493564e-06
1.51356124843620875708e+02	1.20689417811004958225e-06
1.58489319246111335815e+02	1.03818379369451412113e-06
1.65958690743755965968e+02	8.92848847650903213633e-07
1.73780082874937647830e+02	7.67710485992583273284e-07
1.81970085860998352700e+02	6.59987221590109801996e-07
1.90546071796324639536e+02	5.67274060711646252161e-07
1.99526231496888101447e+02	4.87497557689032208887e-07
2.08929613085403985906e+02	4.18867490475290825117e-07
2.18776162394955207446e+02	3.59838933954636325785e-07
2.29086765276777498457e+02	3.09079958344332411255e-07
2.39883291901949149860e+02	2.65443550927029319541e-07
2.51188643150958000660e+02	2.27932078405213227364e-07
2.63026799189537996426e+02	1.95688121990031683724e-07
2.75422870333816774746e+02	1.67974474622112445173e-07
2.88403150312660613963e+02	1.44155594096104510587e-07
3.01995172040201453001e+02	1.23680690174432930587e-07
3.16227766016838131691e+02	1.06072903519808269436e-07
3.31131121482591140648e+02	9.09424500622094604901e-08
3.46736850452531541578e+02	7.79210165425678595009e-08
3.63078054770101573467e+02	6.67309491262703686298e-08
3.80189396320561286302e+02	5.71238603682315240931e-08
3.98107170553497155652e+02	4.88787248477245051594e-08
4.16869383470335776565e+02	4.18030489363351768501e-08
4.36515832240166162137e+02	3.57329113787369993869e-08
4.57088189614874977451e+02	3.05265554829877617138e-08
4.78630092322638063251e+02	2.60620081801947828372e-08
5.01187233627272519243e+02	2.22343599440273660807e-08
5.24807460249772589123e+02	1.89516670641500101116e-08
5.49540873857624205812e+02	1.61276679969556550013e-08
5.75439937337157289221e+02	1.36877964766453589557e-08
6.02559586074357753205e+02	1.16018845293858806126e-08
6.30957344480193114578e+02	9.82397622863801835823e-09
6.60693448007596543903e+02	8.30974940069399045884e-09
6.91830970918936600356e+02	7.02197561582562570983e-09
7.24435960074989907298e+02	5.92792914330568764446e-09
7.58577575029183208244e+02	4.99723550230488978200e-09
7.94328234724281742274e+02	4.20190399889918573487e-09
8.31763771102670943947e+02	3.52758690650295158511e-09
8.70963589956080113552e+02	2.96021896618705565082e-09
9.12010839355910206905e+02	2.48333622788675597285e-09
9.54992586021436068222e+02	2.08301761279309901458e-09
9.99999999999999545253e+02	1.74736918288952427545e-09
1.04712854805090023547e+03	1.46627080292734006577e-09
1.09647819614318518688e+03	1.23128734129023004810e-09
1.14815362149688235149e+03	1.03510962979160648774e-09
1.20226443461741359897e+03	8.71015374144426755297e-10
1.25892541179416753039e+03	7.33782228709500875797e-10
1.31825673855640684451e+03	6.19001095827225745875e-10
1.38038426460288383169e+03	5.22969335826691272547e-10
1.44543977074592817189e+03	4.42587678852184095600e-10
1.51356124843620818865e+03	3.75338277714752938147e-10
1.58489319246111244865e+03	3.18515828700432397312e-10
1.65958690743756142183e+03	2.70411052559940696356e-10
1.73780082874937556880e+03	2.29856326832137059799e-10
1.81970085860998278804e+03	1.95713094933414621681e-10
1.90546071796324849856e+03	1.66946224851618339536e-10
1.99526231496887999128e+03	1.42713271756471532362e-10
2.08929613085403889272e+03	1.22278113214162236526e-10
2.18776162394955417767e+03	1.04931375737202792862e-10
2.29086765276777396139e+03	9.01538670841202452038e-11
2.39883291901948996383e+03	7.75225938150367465949e-11
2.51188643150957841499e+03	6.66885103722466792088e-11
2.63026799189538314749e+03	5.73639158538556825242e-11
2.75422870333816626953e+03	4.93103542242562634781e-11
2.88403150312660454802e+03	4.23221214805809357440e-11
3.01995172040201759955e+03	3.62495037032406790651e-11
3.16227766016837949792e+03	3.09667438748187173872e-11
3.31131121482590970118e+03	2.63702632106198441133e-11
3.46736850452531871269e+03	2.23739646902566658207e-11
3.63078054770101380200e+03	1.89053708700778261717e-11
3.80189396320561081666e+03	1.58997499939156366328e-11
3.98107170553497599030e+03	1.33076740377801919733e-11
4.16869383470335560560e+03	1.10874112650229915742e-11
4.36515832240165855183e+03	9.18926595562602911777e-12
4.57088189614874772815e+03	7.54932957494207055904e-12
4.78630092322638574842e+03	6.13376362510623493171e-12
5.01187233627272235026e+03	4.94903175807250867697e-12
5.24807460249772339012e+03	3.95900320496725251896e-12
5.49540873857624865195e+03	3.13407941996110447606e-12
5.75439937337156970898e+03	2.44894173790043342610e-12
6.02559586074357503094e+03	1.88198216332994938608e-12
6.30957344480193660274e+03	1.41477295259630378258e-12
6.60693448007596180105e+03	1.03161161664180682765e-12
6.91830970918936236558e+03	7.19130229104089844799e-13
7.24435960074990634894e+03	4.65959278484312185668e-13
7.58577575029183935840e+03	2.62439325973964533842e-13
7.94328234724281355739e+03	1.00373190030916101734e-13
8.31763771102670398250e+03	-2.71866783906599946880e-14
8.70963589956080977572e+03	-1.26120628134987843278e-13
9.12010839355909774895e+03	-2.01398299127084623103e-13
9.54992586021435454313e+03	-2.57212762912055297464e-13
1.00000000000000072760e+04	-2.97095481107403062137e-13
1.04712854805089955335e+04	-3.24014753916150764759e-13
1.09647819614318468666e+04	-3.40460021475631361721e-13
1.14815362149688353384e+04	-3.48513913515278205292e-13
1.20226443461741309875e+04	-3.49913997519792997984e-13
1.25892541179416693922e+04	-3.46105378083258311640e-13
1.31825673855640816328e+04	-3.38285724807027074726e-13
1.38038426460288537783e+04	-3.27443646023293665182e-13
1.44543977074592730787e+04	-3.14391421266330070832e-13
1.51356124843620727916e+04	-2.99792878283540416276e-13
1.58489319246111408575e+04	-2.84187132613088114983e-13
1.65958690743756051234e+04	-2.68008699586891030460e-13
1.73780082874937470478e+04	-2.51604722207676308311e-13
1.81970085860998442513e+04	-2.35249431956204243458e-13
1.90546071796324758907e+04	-2.19156469561264129183e-13
1.99526231496887921821e+04	-2.03489314372007096885e-13
2.08929613085404125741e+04	-1.88370077225039942406e-13
2.18776162394955317723e+04	-1.73886902411656492991e-13
2.29086765276777259714e+04	-1.60100237134379232495e-13
2.39883291901948869054e+04	-1.47048043869036254120e-13
2.51188643150958087062e+04	-1.34750202787802779304e-13
2.63026799189538178325e+04	-1.23212195088070099488e-13
2.75422870333816463244e+04	-1.12428146676132656248e-13
2.88403150312660727650e+04	-1.02383377245483106377e-13
3.01995172040201614436e+04	-9.30564968298844961089e-14
3.16227766016837813368e+04	-8.44211446430566440662e-14
3.31131121482591261156e+04	-7.64474057038841510036e-14
3.46736850452531652991e+04	-6.91029778151047841823e-14
3.63078054770101225586e+04	-6.23540836498352628143e-14
3.80189396320561500033e+04	-5.61662645586632081864e-14
3.98107170553497344372e+04	-5.05049404862472542988e-14
4.16869383470335305901e+04	-4.53359049811443417767e-14
4.36515832240165618714e+04	-4.06256847997956852407e-14
4.57088189614875227562e+04	-3.63418144686341436943e-14
4.78630092322638301994e+04	-3.24530380916918704094e-14
5.01187233627271998557e+04	-2.89294530175355387772e-14
5.24807460249772921088e+04	-2.57426225732240892381e-14
5.49540873857624610537e+04	-2.28656070734571120644e-14
5.75439937337156661670e+04	-2.02730094751490222787e-14
6.02559586074358085170e+04	-1.79409672748013149496e-14
6.30957344480193351046e+04	-1.58471393632125010375e-14
6.60693448007595725358e+04	-1.39706707812971335864e-14
6.91830970918937091483e+04	-1.22921377240045188825e-14
7.24435960074990143767e+04	-1.07935280494884533271e-14
7.58577575029183499282e+04	-9.45812460054714278772e-15
7.94328234724280919181e+04	-8.27050468422021940892e-15
8.31763771102671307744e+04	-7.21643432447826673469e-15
8.70963589956080541015e+04	-6.28281596465029454699e-15
9.12010839355909265578e+04	-5.45762747361258216429e-15
9.54992586021436436567e+04	-4.72985171482738837812e-15
1.00000000000000000000e+05	-4.09316531451136798266e-15
