-8.900000e+00	0.000000e+00	0.000000e+00	0.000000e+00	0.000000e+00	0.000000e+00	0.000000e+00	0.000000e+00	0.000000e+00	0.000000e+00	0.000000e+00	0.000000e+00	0.000000e+00	0.000000e+00	0.000000e+00
-8.850000e+00	0.000000e+00	0.000000e+00	0.000000e+00	0.000000e+00	0.000000e+00	0.000000e+00	0.000000e+00	0.000000e+00	0.000000e+00	0.000000e+00	0.000000e+00	0.000000e+00	0.000000e+00	0.000000e+00
-8.800000e+00	0.000000e+00	0.000000e+00	0.000000e+00	0.000000e+00	0.000000e+00	0.000000e+00	0.000000e+00	0.000000e+00	0.000000e+00	0.000000e+00	0.000000e+00	0.000000e+00	0.000000e+00	0.000000e+00
-8.750000e+00	0.000000e+00	0.000000e+00	0.000000e+00	0.000000e+00	0.000000e+00	0.000000e+00	0.000000e+00	0.000000e+00	0.000000e+00	0.000000e+00	0.000000e+00	0.000000e+00	0.000000e+00	0.000000e+00
-8.700000e+00	0.000000e+00	0.000000e+00	0.000000e+00	0.000000e+00	0.000000e+00	0.000000e+00	0.000000e+00	0.000000e+00	0.000000e+00	0.000000e+00	0.000000e+00	0.000000e+00	0.000000e+00	0.000000e+00
-8.650000e+00	0.000000e+00	0.000000e+00	0.000000e+00	0.000000e+00	0.000000e+00	0.000000e+00	0.000000e+00	0.000000e+00	0.000000e+00	0.000000e+00	0.000000e+00	0.000000e+00	0.000000e+00	0.000000e+00
-8.600000e+00	0.000000e+00	0.000000e+00	0.000000e+00	0.000000e+00	0.000000e+00	0.000000e+00	0.000000e+00	0.000000e+00	0.000000e+00	0.000000e+00	0.000000e+00	0.000000e+00	0.000000e+00	0.000000e+00
-8.550000e+00	0.000000e+00	0.000000e+00	0.000000e+00	0.000000e+00	0.000000e+00	0.000000e+00	0.000000e+00	0.000000e+00	0.000000e+00	0.000000e+00	0.000000e+00	0.000000e+00	0.000000e+00	0.000000e+00
-8.500000e+00	0.000000e+00	0.000000e+00	0.000000e+00	0.000000e+00	0.000000e+00	0.000000e+00	0.000000e+00	0.000000e+00	0.000000e+00	0.000000e+00	0.000000e+00	0.000000e+00	0.000000e+00	0.000000e+00
-8.450000e+00	0.000000e+00	0.000000e+00	0.000000e+00	0.000000e+00	0.000000e+00	0.000000e+00	0.000000e+00	0.000000e+00	0.000000e+00	0.000000e+00	0.000000e+00	0.000000e+00	0.000000e+00	0.000000e+00
-8.400000e+00	0.000000e+00	0.000000e+00	0.000000e+00	0.000000e+00	0.000000e+00	0.000000e+00	0.000000e+00	0.000000e+00	0.000000e+00	0.000000e+00	0.000000e+00	0.000000e+00	0.000000e+00	0.000000e+00
-8.350000e+00	0.000000e+00	0.000000e+00	0.000000e+00	0.000000e+00	0.000000e+00	0.000000e+00	0.000000e+00	0.000000e+00	0.000000e+00	0.000000e+00	0.000000e+00	0.000000e+00	0.000000e+00	0.000000e+00
-8.300000e+00	0.000000e+00	0.000000e+00	0.000000e+00	0.000000e+00	0.000000e+00	0.000000e+00	0.000000e+00	2.000000e-06	0.000000e+00	0.000000e+00	0.000000e+00	0.000000e+00	0.000000e+00	0.000000e+00
-8.250000e+00	0.000000e+00	0.000000e+00	0.000000e+00	0.000000e+00	0.000000e+00	0.000000e+00	0.000000e+00	4.000000e-06	0.000000e+00	0.000000e+00	0.000000e+00	0.000000e+00	0.000000e+00	0.000000e+00
-8.200000e+00	0.000000e+00	0.000000e+00	0.000000e+00	0.000000e+00	0.000000e+00	0.000000e+00	0.000000e+00	8.000000e-06	0.000000e+00	0.000000e+00	0.000000e+00	0.000000e+00	0.000000e+00	0.000000e+00
-8.150000e+00	0.000000e+00	0.000000e+00	0.000000e+00	0.000000e+00	0.000000e+00	0.000000e+00	0.000000e+00	1.100000e-05	0.000000e+00	0.000000e+00	0.000000e+00	0.000000e+00	0.000000e+00	0.000000e+00
-8.100000e+00	0.000000e+00	0.000000e+00	0.000000e+00	0.000000e+00	0.000000e+00	0.000000e+00	0.000000e+00	1.800000e-05	0.000000e+00	0.000000e+00	0.000000e+00	0.000000e+00	0.000000e+00	0.000000e+00
-8.050000e+00	0.000000e+00	0.000000e+00	0.000000e+00	0.000000e+00	0.000000e+00	0.000000e+00	0.000000e+00	3.600000e-05	0.000000e+00	0.000000e+00	0.000000e+00	0.000000e+00	0.000000e+00	0.000000e+00
-8.000000e+00	0.000000e+00	0.000000e+00	0.000000e+00	0.000000e+00	0.000000e+00	0.000000e+00	0.000000e+00	7.500000e-05	0.000000e+00	0.000000e+00	0.000000e+00	0.000000e+00	0.000000e+00	0.000000e+00
-7.950000e+00	0.000000e+00	0.000000e+00	0.000000e+00	0.000000e+00	0.000000e+00	0.000000e+00	0.000000e+00	1.570000e-04	0.000000e+00	0.000000e+00	0.000000e+00	0.000000e+00	0.000000e+00	0.000000e+00
-7.900000e+00	0.000000e+00	0.000000e+00	0.000000e+00	0.000000e+00	0.000000e+00	0.000000e+00	0.000000e+00	2.690000e-04	0.000000e+00	0.000000e+00	0.000000e+00	0.000000e+00	0.000000e+00	0.000000e+00
-7.850000e+00	0.000000e+00	0.000000e+00	0.000000e+00	0.000000e+00	0.000000e+00	0.000000e+00	0.000000e+00	4.070000e-04	0.000000e+00	0.000000e+00	0.000000e+00	0.000000e+00	0.000000e+00	0.000000e+00
-7.800000e+00	0.000000e+00	0.000000e+00	0.000000e+00	0.000000e+00	0.000000e+00	0.000000e+00	0.000000e+00	5.700000e-04	0.000000e+00	0.000000e+00	0.000000e+00	0.000000e+00	0.000000e+00	0.000000e+00
-7.750000e+00	0.000000e+00	0.000000e+00	0.000000e+00	0.000000e+00	0.000000e+00	0.000000e+00	0.000000e+00	7.650000e-04	0.000000e+00	0.000000e+00	0.000000e+00	0.000000e+00	0.000000e+00	0.000000e+00
-7.700000e+00	0.000000e+00	0.000000e+00	0.000000e+00	0.000000e+00	0.000000e+00	0.000000e+00	0.000000e+00	9.960000e-04	0.000000e+00	0.000000e+00	0.000000e+00	0.000000e+00	0.000000e+00	0.000000e+00
-7.650000e+00	0.000000e+00	0.000000e+00	0.000000e+00	0.000000e+00	0.000000e+00	0.000000e+00	0.000000e+00	1.256000e-03	0.000000e+00	0.000000e+00	0.000000e+00	0.000000e+00	0.000000e+00	0.000000e+00
-7.600000e+00	0.000000e+00	0.000000e+00	0.000000e+00	0.000000e+00	0.000000e+00	0.000000e+00	0.000000e+00	1.552000e-03	1.000000e-06	0.000000e+00	0.000000e+00	0.000000e+00	0.000000e+00	0.000000e+00
-7.550000e+00	0.000000e+00	0.000000e+00	0.000000e+00	0.000000e+00	0.000000e+00	0.000000e+00	0.000000e+00	1.916000e-03	3.000000e-06	0.000000e+00	0.000000e+00	0.000000e+00	0.000000e+00	0.000000e+00
-7.500000e+00	0.000000e+00	0.000000e+00	0.000000e+00	0.000000e+00	0.000000e+00	0.000000e+00	0.000000e+00	2.311000e-03	9.000000e-06	0.000000e+00	1.000000e-06	0.000000e+00	0.000000e+00	0.000000e+00
-7.450000e+00	0.000000e+00	0.000000e+00	2.000000e-06	0.000000e+00	0.000000e+00	0.000000e+00	0.000000e+00	2.737000e-03	2.100000e-05	0.000000e+00	1.000000e-06	0.000000e+00	0.000000e+00	0.000000e+00
-7.400000e+00	0.000000e+00	0.000000e+00	4.000000e-06	0.000000e+00	0.000000e+00	0.000000e+00	0.000000e+00	3.213000e-03	4.700000e-05	0.000000e+00	2.000000e-06	0.000000e+00	0.000000e+00	0.000000e+00
-7.350000e+00	1.000000e-06	2.000000e-06	8.000000e-06	0.000000e+00	0.000000e+00	0.000000e+00	0.000000e+00	3.721000e-03	8.500000e-05	0.000000e+00	1.000000e-06	0.000000e+00	0.000000e+00	0.000000e+00
-7.300000e+00	2.000000e-06	0.000000e+00	1.200000e-05	0.000000e+00	0.000000e+00	0.000000e+00	0.000000e+00	4.298000e-03	1.310000e-04	0.000000e+00	2.000000e-06	0.000000e+00	0.000000e+00	0.000000e+00
-7.250000e+00	2.000000e-06	0.000000e+00	2.000000e-05	0.000000e+00	0.000000e+00	0.000000e+00	0.000000e+00	4.962000e-03	1.880000e-04	0.000000e+00	3.000000e-06	0.000000e+00	0.000000e+00	0.000000e+00
-7.200000e+00	2.000000e-06	1.000000e-06	4.100000e-05	0.000000e+00	0.000000e+00	0.000000e+00	0.000000e+00	5.635000e-03	2.620000e-04	0.000000e+00	3.000000e-06	0.000000e+00	0.000000e+00	0.000000e+00
-7.150000e+00	2.000000e-06	2.000000e-06	9.200000e-05	0.000000e+00	0.000000e+00	0.000000e+00	0.000000e+00	6.173000e-03	3.550000e-04	0.000000e+00	3.000000e-06	0.000000e+00	0.000000e+00	0.000000e+00
-7.100000e+00	1.000000e-06	3.000000e-06	2.080000e-04	0.000000e+00	0.000000e+00	0.000000e+00	0.000000e+00	6.483000e-03	4.680000e-04	0.000000e+00	3.000000e-06	0.000000e+00	0.000000e+00	0.000000e+00
-7.050000e+00	1.000000e-06	4.000000e-06	5.060000e-04	0.000000e+00	0.000000e+00	0.000000e+00	0.000000e+00	6.692000e-03	5.850000e-04	0.000000e+00	3.000000e-06	0.000000e+00	0.000000e+00	0.000000e+00
-7.000000e+00	1.000000e-06	4.000000e-06	1.255000e-03	0.000000e+00	0.000000e+00	0.000000e+00	0.000000e+00	6.782000e-03	7.470000e-04	0.000000e+00	5.000000e-06	0.000000e+00	0.000000e+00	0.000000e+00
-6.950000e+00	0.000000e+00	4.000000e-06	3.185000e-03	0.000000e+00	0.000000e+00	0.000000e+00	0.000000e+00	6.859000e-03	9.120000e-04	0.000000e+00	7.000000e-06	0.000000e+00	0.000000e+00	0.000000e+00
-6.900000e+00	0.000000e+00	4.000000e-06	7.051000e-03	0.000000e+00	0.000000e+00	0.000000e+00	0.000000e+00	6.965000e-03	1.095000e-03	0.000000e+00	8.000000e-06	0.000000e+00	0.000000e+00	0.000000e+00
-6.850000e+00	0.000000e+00	4.000000e-06	1.227400e-02	0.000000e+00	0.000000e+00	0.000000e+00	0.000000e+00	7.051000e-03	1.317000e-03	0.000000e+00	9.000000e-06	0.000000e+00	0.000000e+00	0.000000e+00
-6.800000e+00	1.000000e-06	5.000000e-06	1.672800e-02	0.000000e+00	0.000000e+00	0.000000e+00	0.000000e+00	7.077000e-03	1.581000e-03	0.000000e+00	1.100000e-05	0.000000e+00	0.000000e+00	0.000000e+00
-6.750000e+00	2.000000e-06	4.000000e-06	2.050500e-02	0.000000e+00	0.000000e+00	0.000000e+00	0.000000e+00	7.114000e-03	1.810000e-03	0.000000e+00	1.100000e-05	0.000000e+00	0.000000e+00	0.000000e+00
-6.700000e+00	2.000000e-06	4.000000e-06	2.375400e-02	0.000000e+00	0.000000e+00	0.000000e+00	0.000000e+00	7.195000e-03	2.012000e-03	0.000000e+00	1.100000e-05	0.000000e+00	0.000000e+00	0.000000e+00
-6.650000e+00	2.000000e-06	5.000000e-06	2.677400e-02	0.000000e+00	0.000000e+00	0.000000e+00	0.000000e+00	7.261000e-03	2.184000e-03	0.000000e+00	1.300000e-05	0.000000e+00	0.000000e+00	0.000000e+00
-6.600000e+00	2.000000e-06	6.000000e-06	2.965500e-02	0.000000e+00	0.000000e+00	0.000000e+00	0.000000e+00	7.295000e-03	2.339000e-03	0.000000e+00	1.500000e-05	0.000000e+00	0.000000e+00	0.000000e+00
-6.550000e+00	3.000000e-06	7.000000e-06	3.238600e-02	0.000000e+00	0.000000e+00	0.000000e+00	0.000000e+00	7.291000e-03	2.500000e-03	0.000000e+00	1.800000e-05	0.000000e+00	0.000000e+00	0.000000e+00
-6.500000e+00	5.000000e-06	8.000000e-06	3.499700e-02	0.000000e+00	0.000000e+00	0.000000e+00	0.000000e+00	7.256000e-03	2.685000e-03	0.000000e+00	1.900000e-05	0.000000e+00	0.000000e+00	0.000000e+00
-6.450000e+00	7.000000e-06	7.000000e-06	3.781700e-02	0.000000e+00	0.000000e+00	1.000000e-06	0.000000e+00	7.220000e-03	2.881000e-03	2.000000e-06	1.800000e-05	0.000000e+00	0.000000e+00	0.000000e+00
-6.400000e+00	7.000000e-06	1.000000e-05	4.035700e-02	1.000000e-06	0.000000e+00	0.000000e+00	0.000000e+00	7.352000e-03	3.020000e-03	0.000000e+00	2.200000e-05	0.000000e+00	0.000000e+00	0.000000e+00
-6.350000e+00	6.000000e-06	1.500000e-05	4.284800e-02	2.000000e-06	0.000000e+00	0.000000e+00	0.000000e+00	7.404000e-03	3.167000e-03	0.000000e+00	2.500000e-05	0.000000e+00	0.000000e+00	0.000000e+00
-6.300000e+00	6.000000e-06	2.100000e-05	4.538400e-02	3.000000e-06	0.000000e+00	0.000000e+00	0.000000e+00	7.423000e-03	3.298000e-03	2.000000e-06	2.900000e-05	0.000000e+00	0.000000e+00	0.000000e+00
-6.250000e+00	8.000000e-06	2.400000e-05	4.795300e-02	3.000000e-06	2.000000e-06	1.000000e-06	0.000000e+00	7.405000e-03	3.430000e-03	3.000000e-06	3.500000e-05	0.000000e+00	0.000000e+00	0.000000e+00
-6.200000e+00	1.100000e-05	2.600000e-05	5.048200e-02	2.000000e-06	3.000000e-06	2.000000e-06	0.000000e+00	7.371000e-03	3.581000e-03	3.000000e-06	4.200000e-05	0.000000e+00	0.000000e+00	0.000000e+00
-6.150000e+00	1.000000e-05	2.700000e-05	5.290500e-02	2.000000e-06	2.000000e-06	2.000000e-06	0.000000e+00	7.443000e-03	3.712000e-03	4.000000e-06	4.900000e-05	0.000000e+00	0.000000e+00	0.000000e+00
-6.100000e+00	1.000000e-05	3.700000e-05	5.532800e-02	2.000000e-06	3.000000e-06	2.000000e-06	0.000000e+00	7.438000e-03	3.839000e-03	4.000000e-06	4.600000e-05	0.000000e+00	0.000000e+00	0.000000e+00
-6.050000e+00	1.400000e-05	4.500000e-05	5.777400e-02	4.000000e-06	3.000000e-06	2.000000e-06	0.000000e+00	7.472000e-03	3.973000e-03	5.000000e-06	5.000000e-05	0.000000e+00	0.000000e+00	0.000000e+00
-6.000000e+00	2.100000e-05	5.600000e-05	6.018000e-02	7.000000e-06	4.000000e-06	3.000000e-06	0.000000e+00	7.505000e-03	4.080000e-03	6.000000e-06	5.800000e-05	0.000000e+00	0.000000e+00	0.000000e+00
-5.950000e+00	3.200000e-05	7.000000e-05	6.257500e-02	9.000000e-06	6.000000e-06	5.000000e-06	0.000000e+00	7.540000e-03	4.181000e-03	8.000000e-06	6.800000e-05	0.000000e+00	0.000000e+00	0.000000e+00
-5.900000e+00	4.900000e-05	9.700000e-05	6.500700e-02	1.100000e-05	1.000000e-05	8.000000e-06	0.000000e+00	7.582000e-03	4.302000e-03	1.000000e-05	7.900000e-05	0.000000e+00	0.000000e+00	0.000000e+00
-5.850000e+00	8.900000e-05	1.680000e-04	6.744000e-02	1.200000e-05	1.500000e-05	1.100000e-05	0.000000e+00	7.598000e-03	4.426000e-03	1.500000e-05	8.600000e-05	0.000000e+00	0.000000e+00	0.000000e+00
-5.800000e+00	2.010000e-04	3.520000e-04	6.965700e-02	1.600000e-05	1.900000e-05	1.300000e-05	0.000000e+00	7.696000e-03	4.626000e-03	2.100000e-05	9.200000e-05	0.000000e+00	0.000000e+00	0.000000e+00
-5.750000e+00	4.770000e-04	8.100000e-04	7.184000e-02	2.700000e-05	3.000000e-05	1.800000e-05	0.000000e+00	7.760000e-03	4.786000e-03	3.100000e-05	9.800000e-05	0.000000e+00	0.000000e+00	0.000000e+00
-5.700000e+00	1.170000e-03	1.880000e-03	7.396700e-02	4.300000e-05	4.400000e-05	2.600000e-05	0.000000e+00	7.908000e-03	4.962000e-03	4.400000e-05	1.030000e-04	0.000000e+00	0.000000e+00	0.000000e+00
-5.650000e+00	2.604000e-03	3.838000e-03	7.610900e-02	6.400000e-05	6.000000e-05	4.000000e-05	0.000000e+00	8.090000e-03	5.187000e-03	6.100000e-05	1.110000e-04	0.000000e+00	0.000000e+00	0.000000e+00
-5.600000e+00	4.704000e-03	6.323000e-03	7.835900e-02	9.000000e-05	8.200000e-05	6.200000e-05	0.000000e+00	8.248000e-03	5.459000e-03	8.300000e-05	1.190000e-04	0.000000e+00	0.000000e+00	0.000000e+00
-5.550000e+00	7.143000e-03	8.990000e-03	8.074900e-02	1.220000e-04	1.130000e-04	9.300000e-05	0.000000e+00	8.501000e-03	5.726000e-03	1.190000e-04	1.260000e-04	0.000000e+00	0.000000e+00	0.000000e+00
-5.500000e+00	9.511000e-03	1.164800e-02	8.250600e-02	1.590000e-04	1.520000e-04	1.370000e-04	0.000000e+00	8.897000e-03	6.080000e-03	1.730000e-04	1.280000e-04	0.000000e+00	0.000000e+00	0.000000e+00
-5.450000e+00	1.205500e-02	1.435600e-02	8.395900e-02	2.170000e-04	2.270000e-04	2.120000e-04	0.000000e+00	9.422000e-03	6.461000e-03	2.270000e-04	1.330000e-04	0.000000e+00	0.000000e+00	0.000000e+00
-5.400000e+00	1.459200e-02	1.713300e-02	8.540300e-02	3.000000e-04	3.350000e-04	3.120000e-04	0.000000e+00	1.002700e-02	6.954000e-03	3.060000e-04	1.460000e-04	0.000000e+00	0.000000e+00	0.000000e+00
-5.350000e+00	1.706300e-02	1.997900e-02	8.692400e-02	4.230000e-04	4.670000e-04	4.440000e-04	0.000000e+00	1.071300e-02	7.572000e-03	4.320000e-04	1.650000e-04	0.000000e+00	0.000000e+00	0.000000e+00
-5.300000e+00	1.955900e-02	2.290100e-02	8.846400e-02	6.100000e-04	6.220000e-04	6.380000e-04	0.000000e+00	1.150000e-02	8.275000e-03	6.120000e-04	1.840000e-04	0.000000e+00	0.000000e+00	0.000000e+00
-5.250000e+00	2.225300e-02	2.602300e-02	8.988300e-02	8.410000e-04	8.310000e-04	9.200000e-04	0.000000e+00	1.237900e-02	9.006000e-03	8.470000e-04	2.010000e-04	0.000000e+00	0.000000e+00	0.000000e+00
-5.200000e+00	2.477000e-02	2.884600e-02	9.083900e-02	1.135000e-03	1.123000e-03	1.284000e-03	0.000000e+00	1.343900e-02	9.914000e-03	1.137000e-03	2.130000e-04	0.000000e+00	0.000000e+00	0.000000e+00
-5.150000e+00	2.734500e-02	3.192500e-02	9.153900e-02	1.535000e-03	1.514000e-03	1.816000e-03	0.000000e+00	1.468500e-02	1.100700e-02	1.517000e-03	2.220000e-04	0.000000e+00	0.000000e+00	0.000000e+00
-5.100000e+00	2.976500e-02	3.527400e-02	9.235600e-02	2.080000e-03	2.050000e-03	2.607000e-03	0.000000e+00	1.613100e-02	1.225900e-02	2.002000e-03	2.380000e-04	0.000000e+00	0.000000e+00	0.000000e+00
-5.050000e+00	3.206200e-02	3.880200e-02	9.311200e-02	2.782000e-03	2.780000e-03	3.772000e-03	0.000000e+00	1.781700e-02	1.367600e-02	2.665000e-03	2.570000e-04	0.000000e+00	0.000000e+00	0.000000e+00
-5.000000e+00	3.437400e-02	4.245700e-02	9.354300e-02	3.660000e-03	3.751000e-03	5.449000e-03	0.000000e+00	1.977900e-02	1.532500e-02	3.624000e-03	2.790000e-04	0.000000e+00	0.000000e+00	0.000000e+00
-4.950000e+00	3.671400e-02	4.646600e-02	9.378200e-02	4.899000e-03	5.011000e-03	7.766000e-03	0.000000e+00	2.199600e-02	1.738300e-02	4.917000e-03	3.100000e-04	0.000000e+00	0.000000e+00	0.000000e+00
-4.900000e+00	3.905400e-02	5.098700e-02	9.417800e-02	6.630000e-03	6.665000e-03	1.055400e-02	0.000000e+00	2.464500e-02	1.983800e-02	6.580000e-03	3.500000e-04	0.000000e+00	0.000000e+00	0.000000e+00
-4.850000e+00	4.167600e-02	5.650500e-02	9.452800e-02	8.873000e-03	8.915000e-03	1.419800e-02	0.000000e+00	2.796600e-02	2.299400e-02	8.824000e-03	3.940000e-04	0.000000e+00	0.000000e+00	0.000000e+00
-4.800000e+00	4.432600e-02	6.386200e-02	9.489400e-02	1.175300e-02	1.181300e-02	1.879100e-02	0.000000e+00	3.186300e-02	2.684500e-02	1.174100e-02	4.340000e-04	0.000000e+00	0.000000e+00	0.000000e+00
-4.750000e+00	4.694600e-02	7.457300e-02	9.511700e-02	1.550400e-02	1.554500e-02	2.449200e-02	0.000000e+00	3.645500e-02	3.156500e-02	1.546000e-02	4.850000e-04	0.000000e+00	0.000000e+00	0.000000e+00
-4.700000e+00	4.951400e-02	9.094900e-02	9.513100e-02	2.047100e-02	2.042600e-02	3.156700e-02	0.000000e+00	4.194800e-02	3.747200e-02	2.022700e-02	5.500000e-04	0.000000e+00	0.000000e+00	0.000000e+00
-4.650000e+00	5.183200e-02	1.162050e-01	9.527000e-02	2.696900e-02	2.666500e-02	4.035500e-02	0.000000e+00	4.832000e-02	4.487800e-02	2.652900e-02	5.800000e-04	0.000000e+00	0.000000e+00	0.000000e+00
-4.600000e+00	5.416500e-02	1.326360e-01	9.545300e-02	3.501600e-02	3.480500e-02	5.154600e-02	0.000000e+00	5.634100e-02	5.449700e-02	3.469700e-02	6.510000e-04	0.000000e+00	0.000000e+00	0.000000e+00
-4.550000e+00	5.647100e-02	1.420620e-01	9.561100e-02	4.557800e-02	4.539100e-02	6.565400e-02	0.000000e+00	6.655900e-02	6.651000e-02	4.516200e-02	6.920000e-04	0.000000e+00	0.000000e+00	0.000000e+00
-4.500000e+00	5.890800e-02	1.472460e-01	9.581500e-02	5.908400e-02	5.903000e-02	8.312500e-02	0.000000e+00	7.950600e-02	8.178300e-02	5.867000e-02	7.110000e-04	0.000000e+00	0.000000e+00	0.000000e+00
-4.450000e+00	6.141400e-02	1.499750e-01	9.603100e-02	7.630800e-02	7.637600e-02	1.048370e-01	0.000000e+00	9.590600e-02	1.011570e-01	7.593600e-02	7.360000e-04	0.000000e+00	0.000000e+00	0.000000e+00
-4.400000e+00	6.388800e-02	1.512340e-01	9.623100e-02	9.835700e-02	9.828700e-02	1.320190e-01	0.000000e+00	1.165470e-01	1.254930e-01	9.780100e-02	7.850000e-04	0.000000e+00	0.000000e+00	0.000000e+00
-4.350000e+00	6.642100e-02	1.520630e-01	9.652700e-02	1.262050e-01	1.263160e-01	1.656180e-01	0.000000e+00	1.419270e-01	1.559430e-01	1.259340e-01	8.280000e-04	0.000000e+00	0.000000e+00	0.000000e+00
-4.300000e+00	6.890000e-02	1.528870e-01	9.671800e-02	1.610630e-01	1.612670e-01	2.071240e-01	0.000000e+00	1.735000e-01	1.941650e-01	1.609530e-01	8.700000e-04	0.000000e+00	0.000000e+00	0.000000e+00
-4.250000e+00	7.140300e-02	1.536070e-01	9.692600e-02	2.048450e-01	2.050470e-01	2.586320e-01	0.000000e+00	2.126260e-01	2.410880e-01	2.046990e-01	9.010000e-04	0.000000e+00	0.000000e+00	0.000000e+00
-4.200000e+00	7.386300e-02	1.538170e-01	9.741300e-02	2.594980e-01	2.592190e-01	3.216020e-01	0.000000e+00	2.610480e-01	2.986820e-01	2.589490e-01	9.540000e-04	0.000000e+00	0.000000e+00	0.000000e+00
-4.150000e+00	7.635200e-02	1.537080e-01	9.790100e-02	3.271570e-01	3.260270e-01	3.981390e-01	0.000000e+00	3.201300e-01	3.693040e-01	3.259070e-01	1.028000e-03	0.000000e+00	0.000000e+00	0.000000e+00
-4.100000e+00	7.890100e-02	1.536820e-01	9.809900e-02	4.100220e-01	4.084420e-01	4.909450e-01	0.000000e+00	3.912880e-01	4.555090e-01	4.081610e-01	1.097000e-03	0.000000e+00	0.000000e+00	0.000000e+00
-4.050000e+00	8.129900e-02	1.539790e-01	9.824000e-02	5.101420e-01	5.097230e-01	6.026540e-01	0.000000e+00	4.775250e-01	5.595170e-01	5.083410e-01	1.126000e-03	0.000000e+00	0.000000e+00	0.000000e+00
-4.000000e+00	8.378700e-02	1.541450e-01	9.863700e-02	6.309260e-01	6.305530e-01	7.359640e-01	0.000000e+00	5.802860e-01	6.828390e-01	6.288880e-01	1.185000e-03	0.000000e+00	0.000000e+00	0.000000e+00
-3.950000e+00	8.636800e-02	1.541480e-01	9.925400e-02	7.759900e-01	7.750660e-01	8.947120e-01	0.000000e+00	7.027110e-01	8.293390e-01	7.733450e-01	1.260000e-03	0.000000e+00	0.000000e+00	0.000000e+00
-3.900000e+00	8.904900e-02	1.542000e-01	1.000400e-01	9.485400e-01	9.474670e-01	1.082990e+00	0.000000e+00	8.478320e-01	1.002963e+00	9.453940e-01	1.351000e-03	0.000000e+00	0.000000e+00	0.000000e+00
-3.850000e+00	9.161500e-02	1.541850e-01	1.008250e-01	1.152418e+00	1.151530e+00	1.304796e+00	0.000000e+00	1.018844e+00	1.207395e+00	1.148541e+00	1.474000e-03	0.000000e+00	0.000000e+00	0.000000e+00
-3.800000e+00	9.393500e-02	1.540300e-01	1.015560e-01	1.391758e+00	1.390504e+00	1.563729e+00	0.000000e+00	1.218657e+00	1.446126e+00	1.386455e+00	1.628000e-03	0.000000e+00	0.000000e+00	0.000000e+00
-3.750000e+00	9.632400e-02	1.540670e-01	1.025340e-01	1.669838e+00	1.667624e+00	1.862691e+00	0.000000e+00	1.449040e+00	1.723096e+00	1.664129e+00	1.768000e-03	0.000000e+00	0.000000e+00	0.000000e+00
-3.700000e+00	9.842600e-02	1.544080e-01	1.035610e-01	1.988292e+00	1.985812e+00	2.204817e+00	0.000000e+00	1.712419e+00	2.040363e+00	1.983329e+00	1.914000e-03	0.000000e+00	0.000000e+00	0.000000e+00
-3.650000e+00	1.006550e-01	1.547570e-01	1.049540e-01	2.352342e+00	2.349880e+00	2.595789e+00	0.000000e+00	2.012667e+00	2.402935e+00	2.348082e+00	2.064000e-03	0.000000e+00	0.000000e+00	0.000000e+00
-3.600000e+00	1.030700e-01	1.550020e-01	1.063180e-01	2.765658e+00	2.764513e+00	3.039362e+00	0.000000e+00	2.353628e+00	2.813296e+00	2.761944e+00	2.210000e-03	0.000000e+00	0.000000e+00	0.000000e+00
-3.550000e+00	1.056010e-01	1.551180e-01	1.077000e-01	3.231981e+00	3.232190e+00	3.539406e+00	0.000000e+00	2.737791e+00	3.275140e+00	3.227756e+00	2.360000e-03	0.000000e+00	0.000000e+00	0.000000e+00
-3.500000e+00	1.081630e-01	1.551100e-01	1.092840e-01	3.754344e+00	3.753834e+00	4.099423e+00	0.000000e+00	3.166626e+00	3.792035e+00	3.747605e+00	2.541000e-03	0.000000e+00	0.000000e+00	0.000000e+00
-3.450000e+00	1.108030e-01	1.549700e-01	1.110490e-01	4.333534e+00	4.331279e+00	4.721555e+00	0.000000e+00	3.641926e+00	4.364161e+00	4.323087e+00	2.796000e-03	0.000000e+00	0.000000e+00	0.000000e+00
-3.400000e+00	1.137860e-01	1.545820e-01	1.130010e-01	4.963308e+00	4.959080e+00	5.395592e+00	0.000000e+00	4.158867e+00	4.987375e+00	4.948901e+00	3.079000e-03	0.000000e+00	0.000000e+00	0.000000e+00
-3.350000e+00	1.163650e-01	1.546000e-01	1.151540e-01	5.647245e+00	5.642751e+00	6.131245e+00	0.000000e+00	4.720936e+00	5.664714e+00	5.628841e+00	3.432000e-03	0.000000e+00	0.000000e+00	0.000000e+00
-3.300000e+00	1.188990e-01	1.546290e-01	1.176160e-01	6.382724e+00	6.379874e+00	6.926998e+00	0.000000e+00	5.327662e+00	6.396429e+00	6.363916e+00	3.758000e-03	0.000000e+00	0.000000e+00	0.000000e+00
-3.250000e+00	1.213400e-01	1.547390e-01	1.205130e-01	7.166637e+00	7.166185e+00	7.779288e+00	0.000000e+00	5.979223e+00	7.180603e+00	7.150201e+00	4.073000e-03	0.000000e+00	0.000000e+00	0.000000e+00
-3.200000e+00	1.236530e-01	1.550520e-01	1.238680e-01	7.995992e+00	7.996346e+00	8.684284e+00	0.000000e+00	6.674636e+00	8.013975e+00	7.980908e+00	4.457000e-03	0.000000e+00	0.000000e+00	0.000000e+00
-3.150000e+00	1.263040e-01	1.553190e-01	1.274710e-01	8.868699e+00	8.865393e+00	9.641120e+00	0.000000e+00	7.408402e+00	8.893813e+00	8.851208e+00	4.957000e-03	0.000000e+00	0.000000e+00	0.000000e+00
-3.100000e+00	1.286660e-01	1.551130e-01	1.313750e-01	9.758379e+00	9.754141e+00	1.062186e+01	0.000000e+00	8.160010e+00	9.796299e+00	9.737826e+00	5.418000e-03	0.000000e+00	0.000000e+00	0.000000e+00
-3.050000e+00	1.311340e-01	1.551510e-01	1.358460e-01	1.067039e+01	1.066366e+01	1.163415e+01	0.000000e+00	8.939705e+00	1.072709e+01	1.064521e+01	5.941000e-03	0.000000e+00	0.000000e+00	0.000000e+00
-3.000000e+00	1.335730e-01	1.553290e-01	1.406400e-01	1.159267e+01	1.158402e+01	1.267021e+01	0.000000e+00	9.736274e+00	1.167901e+01	1.156316e+01	6.529000e-03	0.000000e+00	0.000000e+00	0.000000e+00
-2.950000e+00	1.359730e-01	1.554730e-01	1.460610e-01	1.251550e+01	1.250438e+01	1.372111e+01	0.000000e+00	1.054080e+01	1.264315e+01	1.248295e+01	7.182000e-03	0.000000e+00	0.000000e+00	0.000000e+00
-2.900000e+00	1.383620e-01	1.554740e-01	1.524330e-01	1.342929e+01	1.341386e+01	1.477643e+01	0.000000e+00	1.134596e+01	1.360753e+01	1.339405e+01	7.920000e-03	0.000000e+00	0.000000e+00	0.000000e+00
-2.850000e+00	1.407220e-01	1.554290e-01	1.594450e-01	1.432090e+01	1.430272e+01	1.582377e+01	0.000000e+00	1.214420e+01	1.455536e+01	1.427901e+01	8.814000e-03	0.000000e+00	0.000000e+00	0.000000e+00
-2.800000e+00	1.435480e-01	1.550380e-01	1.674120e-01	1.514971e+01	1.513042e+01	1.683133e+01	0.000000e+00	1.290393e+01	1.546424e+01	1.510582e+01	9.769000e-03	0.000000e+00	0.000000e+00	0.000000e+00
-2.750000e+00	1.463940e-01	1.549530e-01	1.763830e-01	1.592849e+01	1.591084e+01	1.780670e+01	0.000000e+00	1.363333e+01	1.632999e+01	1.588264e+01	1.079300e-02	0.000000e+00	0.000000e+00	0.000000e+00
-2.700000e+00	1.489240e-01	1.549820e-01	1.864400e-01	1.664478e+01	1.662852e+01	1.873732e+01	0.000000e+00	1.431883e+01	1.714139e+01	1.659716e+01	1.186800e-02	0.000000e+00	0.000000e+00	0.000000e+00
-2.650000e+00	1.512740e-01	1.550720e-01	1.975990e-01	1.728793e+01	1.727202e+01	1.961418e+01	0.000000e+00	1.495288e+01	1.788664e+01	1.723729e+01	1.300200e-02	0.000000e+00	0.000000e+00	0.000000e+00
-2.600000e+00	1.537080e-01	1.552610e-01	2.099670e-01	1.784829e+01	1.783166e+01	2.042953e+01	0.000000e+00	1.552893e+01	1.855268e+01	1.779247e+01	1.423800e-02	0.000000e+00	0.000000e+00	0.000000e+00
-2.550000e+00	1.562330e-01	1.556230e-01	2.239710e-01	1.831608e+01	1.829636e+01	2.117390e+01	0.000000e+00	1.603481e+01	1.912459e+01	1.825507e+01	1.566400e-02	0.000000e+00	0.000000e+00	0.000000e+00
-2.500000e+00	1.587330e-01	1.555870e-01	2.402770e-01	1.865763e+01	1.862805e+01	2.181079e+01	0.000000e+00	1.643974e+01	1.956651e+01	1.859403e+01	1.742500e-02	0.000000e+00	0.000000e+00	0.000000e+00
-2.450000e+00	1.611410e-01	1.554220e-01	2.579600e-01	1.889337e+01	1.886312e+01	2.236266e+01	0.000000e+00	1.676075e+01	1.989775e+01	1.882760e+01	1.924900e-02	0.000000e+00	0.000000e+00	0.000000e+00
-2.400000e+00	1.634990e-01	1.552480e-01	2.775670e-01	1.902385e+01	1.899251e+01	2.282532e+01	0.000000e+00	1.699348e+01	2.011668e+01	1.895745e+01	2.119900e-02	0.000000e+00	0.000000e+00	0.000000e+00
-2.350000e+00	1.657640e-01	1.550690e-01	2.993110e-01	1.905277e+01	1.901974e+01	2.320238e+01	0.000000e+00	1.713467e+01	2.021871e+01	1.898569e+01	2.328100e-02	0.000000e+00	0.000000e+00	0.000000e+00
-2.300000e+00	1.679050e-01	1.549180e-01	3.235130e-01	1.898438e+01	1.895100e+01	2.349622e+01	0.000000e+00	1.718122e+01	2.019952e+01	1.891576e+01	2.546500e-02	0.000000e+00	0.000000e+00	0.000000e+00
-2.250000e+00	1.700150e-01	1.550120e-01	3.512700e-01	1.882080e+01	1.878478e+01	2.369812e+01	0.000000e+00	1.712941e+01	2.005861e+01	1.875325e+01	2.773800e-02	0.000000e+00	0.000000e+00	0.000000e+00
-2.200000e+00	1.726490e-01	1.550280e-01	3.819560e-01	1.855237e+01	1.851156e+01	2.378554e+01	0.000000e+00	1.696664e+01	1.976806e+01	1.848339e+01	3.035800e-02	0.000000e+00	0.000000e+00	0.000000e+00
-2.150000e+00	1.754840e-01	1.549920e-01	4.161000e-01	1.821286e+01	1.816764e+01	2.376641e+01	0.000000e+00	1.670991e+01	1.936495e+01	1.814153e+01	3.298300e-02	0.000000e+00	0.000000e+00	0.000000e+00
-2.100000e+00	1.781400e-01	1.547210e-01	4.540670e-01	1.780887e+01	1.775736e+01	2.363649e+01	0.000000e+00	1.637032e+01	1.885927e+01	1.773172e+01	3.565900e-02	0.000000e+00	0.000000e+00	0.000000e+00
-2.050000e+00	1.805100e-01	1.542860e-01	4.953390e-01	1.734504e+01	1.728775e+01	2.337752e+01	0.000000e+00	1.595577e+01	1.826067e+01	1.726329e+01	3.830800e-02	0.000000e+00	0.000000e+00	0.000000e+00
-2.000000e+00	1.825550e-01	1.539150e-01	5.393490e-01	1.682724e+01	1.676715e+01	2.296187e+01	0.000000e+00	1.547338e+01	1.758108e+01	1.674535e+01	4.084800e-02	0.000000e+00	0.000000e+00	0.000000e+00
-1.950000e+00	1.840650e-01	1.538960e-01	5.868890e-01	1.626533e+01	1.620390e+01	2.235835e+01	0.000000e+00	1.493169e+01	1.683660e+01	1.618209e+01	4.336800e-02	0.000000e+00	0.000000e+00	0.000000e+00
-1.900000e+00	1.863310e-01	1.536270e-01	6.395340e-01	1.565909e+01	1.559641e+01	2.146418e+01	0.000000e+00	1.431934e+01	1.603412e+01	1.557087e+01	4.608300e-02	0.000000e+00	0.000000e+00	0.000000e+00
-1.850000e+00	1.885790e-01	1.534150e-01	6.956760e-01	1.502551e+01	1.495817e+01	2.040017e+01	0.000000e+00	1.366336e+01	1.519868e+01	1.493285e+01	4.855400e-02	0.000000e+00	0.000000e+00	0.000000e+00
-1.800000e+00	1.905160e-01	1.531510e-01	7.556390e-01	1.436885e+01	1.429610e+01	1.933151e+01	0.000000e+00	1.297218e+01	1.433034e+01	1.427324e+01	5.108600e-02	0.000000e+00	0.000000e+00	0.000000e+00
-1.750000e+00	1.923290e-01	1.527860e-01	8.192100e-01	1.369390e+01	1.361765e+01	1.831409e+01	0.000000e+00	1.225651e+01	1.343610e+01	1.359604e+01	5.360200e-02	0.000000e+00	0.000000e+00	0.000000e+00
-1.700000e+00	1.942270e-01	1.523450e-01	8.858930e-01	1.300671e+01	1.292894e+01	1.732990e+01	0.000000e+00	1.152427e+01	1.252665e+01	1.290580e+01	5.576300e-02	0.000000e+00	0.000000e+00	0.000000e+00
-1.650000e+00	1.959620e-01	1.519430e-01	9.553580e-01	1.231507e+01	1.223348e+01	1.631751e+01	0.000000e+00	1.077710e+01	1.161359e+01	1.220884e+01	5.715300e-02	0.000000e+00	0.000000e+00	0.000000e+00
-1.600000e+00	1.976410e-01	1.516730e-01	1.027148e+00	1.160808e+01	1.152624e+01	1.523764e+01	0.000000e+00	1.001068e+01	1.068440e+01	1.150305e+01	5.865400e-02	0.000000e+00	0.000000e+00	0.000000e+00
-1.550000e+00	1.993230e-01	1.510860e-01	1.101300e+00	1.089956e+01	1.082252e+01	1.412876e+01	0.000000e+00	9.248238e+00	9.769925e+00	1.080399e+01	5.978500e-02	0.000000e+00	0.000000e+00	0.000000e+00
-1.500000e+00	2.011260e-01	1.502870e-01	1.177167e+00	1.019647e+01	1.012448e+01	1.300041e+01	0.000000e+00	8.495811e+00	8.876279e+00	1.011069e+01	6.043800e-02	0.000000e+00	0.000000e+00	0.000000e+00
-1.450000e+00	2.029980e-01	1.495120e-01	1.254005e+00	9.503310e+00	9.436903e+00	1.186662e+01	0.000000e+00	7.759313e+00	8.009868e+00	9.425204e+00	6.063400e-02	0.000000e+00	0.000000e+00	0.000000e+00
-1.400000e+00	2.046790e-01	1.488680e-01	1.330853e+00	8.822628e+00	8.764142e+00	1.074170e+01	0.000000e+00	7.043388e+00	7.177278e+00	8.751211e+00	6.042300e-02	0.000000e+00	0.000000e+00	0.000000e+00
-1.350000e+00	2.056650e-01	1.480850e-01	1.406378e+00	8.155572e+00	8.108042e+00	9.637622e+00	0.000000e+00	6.350849e+00	6.385028e+00	8.092937e+00	5.977700e-02	0.000000e+00	0.000000e+00	0.000000e+00
-1.300000e+00	2.066220e-01	1.468870e-01	1.478787e+00	7.497343e+00	7.462341e+00	8.542051e+00	0.000000e+00	5.678663e+00	5.625940e+00	7.445669e+00	5.862200e-02	0.000000e+00	0.000000e+00	0.000000e+00
-1.250000e+00	2.074030e-01	1.459450e-01	1.548243e+00	6.858330e+00	6.837216e+00	7.489247e+00	0.000000e+00	5.041837e+00	4.918773e+00	6.823604e+00	5.719900e-02	0.000000e+00	0.000000e+00	0.000000e+00
-1.200000e+00	2.083050e-01	1.448900e-01	1.614264e+00	6.239328e+00	6.234279e+00	6.491503e+00	0.000000e+00	4.442444e+00	4.263582e+00	6.224286e+00	5.559600e-02	0.000000e+00	0.000000e+00	0.000000e+00
-1.150000e+00	2.090040e-01	1.435650e-01	1.675426e+00	5.641822e+00	5.655717e+00	5.556837e+00	0.000000e+00	3.881779e+00	3.662753e+00	5.648104e+00	5.365400e-02	0.000000e+00	0.000000e+00	0.000000e+00
-1.100000e+00	2.092240e-01	1.419940e-01	1.729480e+00	5.068860e+00	5.103458e+00	4.692156e+00	0.000000e+00	3.361807e+00	3.117331e+00	5.097364e+00	5.130900e-02	0.000000e+00	0.000000e+00	0.000000e+00
-1.050000e+00	2.094310e-01	1.403500e-01	1.773578e+00	4.525227e+00	4.578697e+00	3.904415e+00	0.000000e+00	2.885536e+00	2.625621e+00	4.575441e+00	4.887000e-02	0.000000e+00	0.000000e+00	0.000000e+00
-1.000000e+00	2.091080e-01	1.385940e-01	1.804205e+00	4.003437e+00	4.076260e+00	3.185428e+00	0.000000e+00	2.444061e+00	2.180980e+00	4.069762e+00	4.549500e-02	0.000000e+00	0.000000e+00	0.000000e+00
-9.500000e-01	2.081840e-01	1.367410e-01	1.820849e+00	3.511899e+00	3.602258e+00	2.556211e+00	0.000000e+00	2.048053e+00	1.791784e+00	3.594597e+00	4.288300e-02	0.000000e+00	0.000000e+00	0.000000e+00
-9.000000e-01	2.071300e-01	1.346250e-01	1.824073e+00	3.052866e+00	3.157737e+00	2.015901e+00	0.000000e+00	1.695140e+00	1.454011e+00	3.150169e+00	3.979200e-02	0.000000e+00	0.000000e+00	0.000000e+00
-8.500000e-01	2.058490e-01	1.323320e-01	1.811301e+00	2.627537e+00	2.743419e+00	1.561301e+00	0.000000e+00	1.384307e+00	1.163777e+00	2.736869e+00	3.636500e-02	0.000000e+00	0.000000e+00	0.000000e+00
-8.000000e-01	2.040640e-01	1.299450e-01	1.779733e+00	2.236276e+00	2.360026e+00	1.187070e+00	0.000000e+00	1.114353e+00	9.176400e-01	2.355152e+00	3.300500e-02	0.000000e+00	0.000000e+00	0.000000e+00
-7.500000e-01	2.016900e-01	1.273030e-01	1.729292e+00	1.878895e+00	2.008375e+00	8.860210e-01	0.000000e+00	8.832610e-01	7.124150e-01	2.005429e+00	2.962700e-02	0.000000e+00	0.000000e+00	0.000000e+00
-7.000000e-01	1.987620e-01	1.243670e-01	1.651817e+00	1.551906e+00	1.681884e+00	6.453430e-01	0.000000e+00	6.857450e-01	5.416130e-01	1.680138e+00	2.631600e-02	0.000000e+00	0.000000e+00	0.000000e+00
-6.500000e-01	1.955010e-01	1.210340e-01	1.554350e+00	1.261004e+00	1.387864e+00	4.597090e-01	0.000000e+00	5.224430e-01	4.037220e-01	1.386233e+00	2.308900e-02	0.000000e+00	0.000000e+00	0.000000e+00
-6.000000e-01	1.915850e-01	1.175960e-01	1.440056e+00	1.005785e+00	1.126024e+00	3.206070e-01	0.000000e+00	3.901940e-01	2.944440e-01	1.124156e+00	2.007200e-02	0.000000e+00	0.000000e+00	0.000000e+00
-5.500000e-01	1.868660e-01	1.139020e-01	1.310372e+00	7.858140e-01	8.955790e-01	2.187540e-01	0.000000e+00	2.844860e-01	2.095930e-01	8.939640e-01	1.729400e-02	0.000000e+00	0.000000e+00	0.000000e+00
-5.000000e-01	1.813820e-01	1.098230e-01	1.167410e+00	5.998990e-01	6.961870e-01	1.458800e-01	0.000000e+00	2.017790e-01	1.453190e-01	6.953050e-01	1.473600e-02	0.000000e+00	0.000000e+00	0.000000e+00
-4.500000e-01	1.753430e-01	1.056480e-01	1.015501e+00	4.459860e-01	5.278100e-01	9.509200e-02	0.000000e+00	1.394030e-01	9.806700e-02	5.273610e-01	1.236700e-02	0.000000e+00	0.000000e+00	0.000000e+00
-4.000000e-01	1.688270e-01	1.007520e-01	8.525790e-01	3.192880e-01	3.850210e-01	5.974700e-02	0.000000e+00	9.302500e-02	6.390500e-02	3.845500e-01	1.028300e-02	0.000000e+00	0.000000e+00	0.000000e+00
-3.500000e-01	1.616050e-01	9.571000e-02	6.896050e-01	2.208070e-01	2.701680e-01	3.626700e-02	0.000000e+00	5.993700e-02	4.032000e-02	2.698160e-01	8.382000e-03	0.000000e+00	0.000000e+00	0.000000e+00
-3.000000e-01	1.544850e-01	9.069400e-02	5.342790e-01	1.465340e-01	1.806990e-01	2.154100e-02	0.000000e+00	3.729600e-02	2.443600e-02	1.804870e-01	6.537000e-03	0.000000e+00	0.000000e+00	0.000000e+00
-2.500000e-01	1.471430e-01	8.575300e-02	3.967760e-01	9.339200e-02	1.151660e-01	1.264000e-02	0.000000e+00	2.239200e-02	1.425500e-02	1.152540e-01	5.172000e-03	0.000000e+00	0.000000e+00	0.000000e+00
-2.000000e-01	1.390820e-01	8.069100e-02	2.750390e-01	5.604600e-02	6.763000e-02	7.514000e-03	0.000000e+00	1.260000e-02	7.793000e-03	6.777800e-02	3.682000e-03	0.000000e+00	0.000000e+00	0.000000e+00
-1.500000e-01	1.311950e-01	7.551800e-02	1.787400e-01	3.204400e-02	3.662800e-02	4.713000e-03	0.000000e+00	6.616000e-03	3.885000e-03	3.681500e-02	4.249000e-03	0.000000e+00	0.000000e+00	0.000000e+00
-1.000000e-01	1.233840e-01	6.992400e-02	1.083920e-01	1.761300e-02	1.835200e-02	3.208000e-03	0.000000e+00	2.983000e-03	1.605000e-03	1.844300e-02	5.140200e-02	0.000000e+00	0.000000e+00	0.000000e+00
-5.000000e-02	1.147910e-01	6.410600e-02	6.560000e-02	9.919000e-03	9.151000e-03	2.265000e-03	0.000000e+00	1.231000e-03	6.510000e-04	9.206000e-03	2.815219e+00	0.000000e+00	0.000000e+00	0.000000e+00
0.000000e+00	1.095800e-01	6.034000e-02	4.881000e-02	7.061000e-03	5.969000e-03	1.813000e-03	0.000000e+00	6.870000e-04	3.630000e-04	5.994000e-03	7.056525e+01	0.000000e+00	0.000000e+00	0.000000e+00
