-8.900000e+00	7.000000e-06	8.000000e-06	7.000000e-06	8.000000e-06	7.000000e-06	2.200000e-05	2.420000e-04	1.460000e-04	1.000000e-04	0.000000e+00	2.000000e-05	1.500000e-05	1.500000e-05	1.500000e-05
-8.850000e+00	9.000000e-06	1.000000e-05	9.000000e-06	1.000000e-05	9.000000e-06	2.700000e-05	2.740000e-04	1.700000e-04	1.240000e-04	0.000000e+00	2.400000e-05	1.800000e-05	1.800000e-05	1.800000e-05
-8.800000e+00	1.100000e-05	1.100000e-05	1.100000e-05	1.100000e-05	1.100000e-05	3.300000e-05	3.210000e-04	1.970000e-04	1.470000e-04	0.000000e+00	2.900000e-05	2.200000e-05	2.200000e-05	2.200000e-05
-8.750000e+00	1.300000e-05	1.300000e-05	1.300000e-05	1.400000e-05	1.300000e-05	3.900000e-05	3.680000e-04	2.200000e-04	1.760000e-04	0.000000e+00	3.400000e-05	2.700000e-05	2.700000e-05	2.700000e-05
-8.700000e+00	1.600000e-05	1.600000e-05	1.600000e-05	1.600000e-05	1.600000e-05	4.700000e-05	4.280000e-04	2.530000e-04	2.080000e-04	0.000000e+00	4.000000e-05	3.200000e-05	3.200000e-05	3.200000e-05
-8.650000e+00	1.900000e-05	1.900000e-05	1.900000e-05	1.900000e-05	1.900000e-05	5.500000e-05	4.910000e-04	2.970000e-04	2.420000e-04	0.000000e+00	4.700000e-05	3.800000e-05	3.800000e-05	3.800000e-05
-8.600000e+00	2.200000e-05	2.300000e-05	2.200000e-05	2.200000e-05	2.200000e-05	6.400000e-05	5.480000e-04	3.400000e-04	2.810000e-04	0.000000e+00	5.400000e-05	4.400000e-05	4.400000e-05	4.400000e-05
-8.550000e+00	2.700000e-05	2.600000e-05	2.500000e-05	2.500000e-05	2.500000e-05	7.500000e-05	6.270000e-04	3.870000e-04	3.310000e-04	0.000000e+00	6.300000e-05	5.100000e-05	5.100000e-05	5.100000e-05
-8.500000e+00	3.000000e-05	3.000000e-05	2.900000e-05	2.900000e-05	2.900000e-05	8.500000e-05	7.000000e-04	4.500000e-04	3.780000e-04	0.000000e+00	7.200000e-05	5.900000e-05	5.900000e-05	5.900000e-05
-8.450000e+00	3.300000e-05	3.300000e-05	3.400000e-05	3.300000e-05	3.300000e-05	9.600000e-05	7.930000e-04	5.040000e-04	4.290000e-04	0.000000e+00	8.100000e-05	6.700000e-05	6.700000e-05	6.700000e-05
-8.400000e+00	3.700000e-05	3.800000e-05	3.900000e-05	3.800000e-05	3.700000e-05	1.080000e-04	8.870000e-04	5.610000e-04	4.850000e-04	0.000000e+00	9.200000e-05	7.600000e-05	7.600000e-05	7.600000e-05
-8.350000e+00	4.200000e-05	4.300000e-05	4.400000e-05	4.200000e-05	4.200000e-05	1.200000e-04	9.930000e-04	6.310000e-04	5.450000e-04	0.000000e+00	1.030000e-04	8.600000e-05	8.600000e-05	8.600000e-05
-8.300000e+00	4.700000e-05	4.700000e-05	4.900000e-05	4.800000e-05	4.700000e-05	1.340000e-04	1.126000e-03	7.170000e-04	6.040000e-04	0.000000e+00	1.160000e-04	9.700000e-05	9.600000e-05	9.700000e-05
-8.250000e+00	5.300000e-05	5.300000e-05	5.500000e-05	5.400000e-05	5.300000e-05	1.480000e-04	1.243000e-03	8.060000e-04	6.590000e-04	0.000000e+00	1.290000e-04	1.080000e-04	1.080000e-04	1.080000e-04
-8.200000e+00	6.000000e-05	5.900000e-05	6.000000e-05	6.000000e-05	5.900000e-05	1.640000e-04	1.367000e-03	8.940000e-04	7.290000e-04	0.000000e+00	1.440000e-04	1.210000e-04	1.210000e-04	1.210000e-04
-8.150000e+00	6.700000e-05	6.600000e-05	6.700000e-05	6.600000e-05	6.500000e-05	1.800000e-04	1.533000e-03	9.850000e-04	8.030000e-04	1.000000e-06	1.600000e-04	1.340000e-04	1.340000e-04	1.360000e-04
-8.100000e+00	7.400000e-05	7.300000e-05	7.500000e-05	7.300000e-05	7.200000e-05	1.970000e-04	1.709000e-03	1.086000e-03	8.800000e-04	0.000000e+00	1.760000e-04	1.480000e-04	1.480000e-04	1.510000e-04
-8.050000e+00	8.000000e-05	7.900000e-05	8.300000e-05	7.900000e-05	7.800000e-05	2.140000e-04	1.899000e-03	1.193000e-03	9.600000e-04	0.000000e+00	1.930000e-04	1.620000e-04	1.620000e-04	1.670000e-04
-8.000000e+00	8.600000e-05	8.500000e-05	9.300000e-05	8.600000e-05	8.500000e-05	2.330000e-04	2.120000e-03	1.308000e-03	1.047000e-03	0.000000e+00	2.100000e-04	1.760000e-04	1.760000e-04	1.870000e-04
-7.950000e+00	9.300000e-05	9.200000e-05	1.020000e-04	9.400000e-05	9.200000e-05	2.510000e-04	2.372000e-03	1.460000e-03	1.138000e-03	0.000000e+00	2.300000e-04	1.910000e-04	1.910000e-04	2.100000e-04
-7.900000e+00	1.010000e-04	1.000000e-04	1.160000e-04	1.010000e-04	1.000000e-04	2.710000e-04	2.622000e-03	1.592000e-03	1.242000e-03	0.000000e+00	2.500000e-04	2.060000e-04	2.070000e-04	2.370000e-04
-7.850000e+00	1.090000e-04	1.080000e-04	1.310000e-04	1.090000e-04	1.070000e-04	2.910000e-04	2.929000e-03	1.758000e-03	1.351000e-03	0.000000e+00	2.710000e-04	2.220000e-04	2.220000e-04	2.670000e-04
-7.800000e+00	1.170000e-04	1.160000e-04	1.470000e-04	1.160000e-04	1.150000e-04	3.110000e-04	3.273000e-03	1.959000e-03	1.457000e-03	0.000000e+00	2.920000e-04	2.370000e-04	2.370000e-04	3.000000e-04
-7.750000e+00	1.240000e-04	1.250000e-04	1.680000e-04	1.230000e-04	1.220000e-04	3.310000e-04	3.609000e-03	2.181000e-03	1.563000e-03	0.000000e+00	3.130000e-04	2.530000e-04	2.530000e-04	3.370000e-04
-7.700000e+00	1.300000e-04	1.340000e-04	1.980000e-04	1.310000e-04	1.290000e-04	3.520000e-04	3.916000e-03	2.401000e-03	1.675000e-03	0.000000e+00	3.350000e-04	2.690000e-04	2.690000e-04	3.800000e-04
-7.650000e+00	1.370000e-04	1.430000e-04	2.390000e-04	1.390000e-04	1.370000e-04	3.710000e-04	4.277000e-03	2.611000e-03	1.776000e-03	1.000000e-06	3.580000e-04	2.850000e-04	2.850000e-04	4.320000e-04
-7.600000e+00	1.450000e-04	1.480000e-04	2.810000e-04	1.460000e-04	1.450000e-04	3.910000e-04	4.663000e-03	2.861000e-03	1.900000e-03	3.000000e-06	3.810000e-04	3.000000e-04	3.000000e-04	4.830000e-04
-7.550000e+00	1.530000e-04	1.560000e-04	3.360000e-04	1.540000e-04	1.520000e-04	4.110000e-04	5.049000e-03	3.131000e-03	2.038000e-03	5.000000e-06	4.070000e-04	3.150000e-04	3.150000e-04	5.500000e-04
-7.500000e+00	1.590000e-04	1.630000e-04	4.100000e-04	1.630000e-04	1.590000e-04	4.310000e-04	5.412000e-03	3.436000e-03	2.178000e-03	7.000000e-06	4.320000e-04	3.300000e-04	3.300000e-04	6.270000e-04
-7.450000e+00	1.650000e-04	1.690000e-04	5.220000e-04	1.710000e-04	1.660000e-04	4.500000e-04	5.765000e-03	3.791000e-03	2.310000e-03	9.000000e-06	4.570000e-04	3.440000e-04	3.440000e-04	7.190000e-04
-7.400000e+00	1.720000e-04	1.760000e-04	7.030000e-04	1.800000e-04	1.740000e-04	4.680000e-04	6.128000e-03	4.190000e-03	2.432000e-03	1.000000e-05	4.810000e-04	3.580000e-04	3.580000e-04	8.340000e-04
-7.350000e+00	1.790000e-04	1.820000e-04	1.013000e-03	1.890000e-04	1.810000e-04	4.880000e-04	6.483000e-03	4.574000e-03	2.564000e-03	1.200000e-05	5.060000e-04	3.720000e-04	3.720000e-04	9.760000e-04
-7.300000e+00	1.850000e-04	1.850000e-04	1.736000e-03	1.950000e-04	1.900000e-04	5.070000e-04	6.791000e-03	5.010000e-03	2.697000e-03	1.700000e-05	5.280000e-04	3.840000e-04	3.840000e-04	1.166000e-03
-7.250000e+00	1.920000e-04	1.910000e-04	3.313000e-03	2.030000e-04	1.990000e-04	5.240000e-04	7.049000e-03	5.505000e-03	2.848000e-03	2.500000e-05	5.490000e-04	3.960000e-04	3.960000e-04	1.403000e-03
-7.200000e+00	2.000000e-04	1.970000e-04	6.968000e-03	2.140000e-04	2.100000e-04	5.430000e-04	7.256000e-03	6.021000e-03	2.994000e-03	3.500000e-05	5.660000e-04	4.070000e-04	4.070000e-04	1.674000e-03
-7.150000e+00	2.060000e-04	2.040000e-04	1.437400e-02	2.300000e-04	2.250000e-04	5.630000e-04	7.429000e-03	6.507000e-03	3.133000e-03	4.600000e-05	5.800000e-04	4.170000e-04	4.170000e-04	1.934000e-03
-7.100000e+00	2.110000e-04	2.140000e-04	2.479100e-02	2.500000e-04	2.430000e-04	5.850000e-04	7.584000e-03	6.914000e-03	3.272000e-03	5.800000e-05	5.900000e-04	4.260000e-04	4.270000e-04	2.138000e-03
-7.050000e+00	2.280000e-04	2.250000e-04	3.107700e-02	2.690000e-04	2.680000e-04	6.080000e-04	7.710000e-03	7.226000e-03	3.421000e-03	6.700000e-05	6.000000e-04	4.360000e-04	4.360000e-04	2.293000e-03
-7.000000e+00	2.490000e-04	2.500000e-04	3.470200e-02	2.900000e-04	2.920000e-04	6.490000e-04	7.804000e-03	7.466000e-03	3.595000e-03	8.100000e-05	6.070000e-04	4.460000e-04	4.460000e-04	2.428000e-03
-6.950000e+00	2.980000e-04	2.990000e-04	3.774200e-02	3.280000e-04	3.250000e-04	7.000000e-04	7.884000e-03	7.631000e-03	3.779000e-03	1.050000e-04	6.140000e-04	4.570000e-04	4.570000e-04	2.557000e-03
-6.900000e+00	4.110000e-04	4.140000e-04	4.052200e-02	3.720000e-04	3.700000e-04	7.680000e-04	7.985000e-03	7.806000e-03	3.989000e-03	1.440000e-04	6.230000e-04	4.720000e-04	4.730000e-04	2.685000e-03
-6.850000e+00	6.730000e-04	6.900000e-04	4.320000e-02	4.210000e-04	4.230000e-04	8.510000e-04	8.141000e-03	8.020000e-03	4.232000e-03	1.980000e-04	6.330000e-04	4.970000e-04	4.990000e-04	2.814000e-03
-6.800000e+00	1.296000e-03	1.352000e-03	4.578300e-02	4.880000e-04	4.810000e-04	9.470000e-04	8.355000e-03	8.246000e-03	4.505000e-03	2.620000e-04	6.450000e-04	5.380000e-04	5.430000e-04	2.945000e-03
-6.750000e+00	2.719000e-03	2.873000e-03	4.820200e-02	5.890000e-04	5.720000e-04	1.055000e-03	8.569000e-03	8.401000e-03	4.810000e-03	3.360000e-04	6.540000e-04	6.100000e-04	6.210000e-04	3.074000e-03
-6.700000e+00	4.599000e-03	4.867000e-03	5.054900e-02	7.090000e-04	6.990000e-04	1.211000e-03	8.802000e-03	8.608000e-03	5.150000e-03	4.520000e-04	6.660000e-04	7.170000e-04	7.310000e-04	3.201000e-03
-6.650000e+00	6.814000e-03	7.168000e-03	5.306100e-02	8.670000e-04	8.480000e-04	1.405000e-03	9.070000e-03	8.859000e-03	5.547000e-03	5.990000e-04	6.830000e-04	8.400000e-04	8.550000e-04	3.330000e-03
-6.600000e+00	9.259000e-03	9.630000e-03	5.548000e-02	1.067000e-03	1.055000e-03	1.652000e-03	9.365000e-03	9.167000e-03	5.942000e-03	7.970000e-04	7.020000e-04	9.720000e-04	9.880000e-04	3.460000e-03
-6.550000e+00	1.182500e-02	1.215500e-02	5.784700e-02	1.317000e-03	1.338000e-03	1.976000e-03	9.762000e-03	9.533000e-03	6.375000e-03	1.061000e-03	7.230000e-04	1.110000e-03	1.129000e-03	3.576000e-03
-6.500000e+00	1.439100e-02	1.469100e-02	6.025600e-02	1.642000e-03	1.702000e-03	2.400000e-03	1.031600e-02	9.954000e-03	6.905000e-03	1.400000e-03	7.480000e-04	1.253000e-03	1.277000e-03	3.680000e-03
-6.450000e+00	1.691500e-02	1.730900e-02	6.255200e-02	2.134000e-03	2.167000e-03	2.915000e-03	1.094000e-02	1.041700e-02	7.473000e-03	1.827000e-03	7.790000e-04	1.404000e-03	1.427000e-03	3.826000e-03
-6.400000e+00	1.934300e-02	1.966000e-02	6.512600e-02	2.731000e-03	2.772000e-03	3.554000e-03	1.184600e-02	1.097000e-02	8.090000e-03	2.374000e-03	8.190000e-04	1.556000e-03	1.582000e-03	3.980000e-03
-6.350000e+00	2.184400e-02	2.204500e-02	6.753000e-02	3.475000e-03	3.492000e-03	4.411000e-03	1.299500e-02	1.168200e-02	8.852000e-03	3.129000e-03	8.610000e-04	1.717000e-03	1.746000e-03	4.136000e-03
-6.300000e+00	2.436100e-02	2.441400e-02	7.000200e-02	4.410000e-03	4.430000e-03	5.486000e-03	1.440500e-02	1.245600e-02	9.788000e-03	4.104000e-03	9.130000e-04	1.887000e-03	1.917000e-03	4.297000e-03
-6.250000e+00	2.679500e-02	2.681700e-02	7.249600e-02	5.630000e-03	5.681000e-03	6.850000e-03	1.612600e-02	1.333700e-02	1.092300e-02	5.347000e-03	9.780000e-04	2.067000e-03	2.099000e-03	4.467000e-03
-6.200000e+00	2.911000e-02	2.929500e-02	7.490800e-02	7.260000e-03	7.314000e-03	8.615000e-03	1.827500e-02	1.445000e-02	1.226300e-02	6.947000e-03	1.058000e-03	2.259000e-03	2.296000e-03	4.652000e-03
-6.150000e+00	3.147000e-02	3.170100e-02	7.734700e-02	9.346000e-03	9.380000e-03	1.081400e-02	2.107800e-02	1.589600e-02	1.376900e-02	8.992000e-03	1.154000e-03	2.468000e-03	2.514000e-03	4.854000e-03
-6.100000e+00	3.377200e-02	3.426700e-02	7.994900e-02	1.210600e-02	1.204100e-02	1.369300e-02	2.450600e-02	1.754100e-02	1.558900e-02	1.145800e-02	1.266000e-03	2.695000e-03	2.750000e-03	5.080000e-03
-6.050000e+00	3.631000e-02	3.692900e-02	8.253000e-02	1.549900e-02	1.541800e-02	1.730200e-02	2.882200e-02	1.961500e-02	1.776500e-02	1.482300e-02	1.407000e-03	2.952000e-03	3.014000e-03	5.330000e-03
-6.000000e+00	3.886300e-02	3.954300e-02	8.509500e-02	1.978500e-02	1.981000e-02	2.184300e-02	3.435800e-02	2.208200e-02	2.041800e-02	1.917100e-02	1.574000e-03	3.240000e-03	3.310000e-03	5.608000e-03
-5.950000e+00	4.140300e-02	4.209600e-02	8.772100e-02	2.526000e-02	2.542700e-02	2.760200e-02	4.133700e-02	2.504800e-02	2.365000e-02	2.462800e-02	1.768000e-03	3.551000e-03	3.645000e-03	5.920000e-03
-5.900000e+00	4.396800e-02	4.467500e-02	9.043200e-02	3.222200e-02	3.242800e-02	3.493800e-02	4.997600e-02	2.866300e-02	2.754200e-02	3.148100e-02	1.997000e-03	3.889000e-03	4.021000e-03	6.274000e-03
-5.850000e+00	4.647500e-02	4.740800e-02	9.306900e-02	4.094500e-02	4.120300e-02	4.419400e-02	6.081200e-02	3.290000e-02	3.219100e-02	4.040600e-02	2.274000e-03	4.308000e-03	4.425000e-03	6.677000e-03
-5.800000e+00	4.924900e-02	5.016000e-02	9.567900e-02	5.214600e-02	5.233300e-02	5.559900e-02	7.460900e-02	3.811300e-02	3.779100e-02	5.123700e-02	2.607000e-03	4.791000e-03	4.934000e-03	7.152000e-03
-5.750000e+00	5.181400e-02	5.298800e-02	9.807900e-02	6.626500e-02	6.632800e-02	6.998600e-02	9.135200e-02	4.437200e-02	4.445200e-02	6.505200e-02	3.005000e-03	5.353000e-03	5.524000e-03	7.704000e-03
-5.700000e+00	5.437000e-02	5.584600e-02	1.005950e-01	8.383400e-02	8.372500e-02	8.815800e-02	1.119890e-01	5.194100e-02	5.243700e-02	8.231900e-02	3.478000e-03	6.010000e-03	6.208000e-03	8.347000e-03
-5.650000e+00	5.697700e-02	5.866100e-02	1.032120e-01	1.056910e-01	1.054850e-01	1.108340e-01	1.377080e-01	6.106200e-02	6.200400e-02	1.039200e-01	4.027000e-03	6.775000e-03	7.007000e-03	9.096000e-03
-5.600000e+00	5.969400e-02	6.147800e-02	1.057970e-01	1.329650e-01	1.328170e-01	1.387400e-01	1.697950e-01	7.201400e-02	7.343000e-02	1.310610e-01	4.662000e-03	7.666000e-03	7.942000e-03	9.971000e-03
-5.550000e+00	6.278600e-02	6.463500e-02	1.083710e-01	1.667680e-01	1.663330e-01	1.731030e-01	2.092590e-01	8.523800e-02	8.708100e-02	1.646050e-01	5.455000e-03	8.713000e-03	9.035000e-03	1.100400e-02
-5.500000e+00	6.549700e-02	6.789700e-02	1.111630e-01	2.080990e-01	2.080460e-01	2.161320e-01	2.579410e-01	1.009360e-01	1.034280e-01	2.057460e-01	6.374000e-03	9.952000e-03	1.032100e-02	1.222900e-02
-5.450000e+00	6.830000e-02	7.094300e-02	1.138600e-01	2.595370e-01	2.597480e-01	2.684310e-01	3.175460e-01	1.197010e-01	1.228660e-01	2.561870e-01	7.465000e-03	1.141000e-02	1.183400e-02	1.366400e-02
-5.400000e+00	7.141300e-02	7.409800e-02	1.167900e-01	3.226530e-01	3.225930e-01	3.321180e-01	3.905130e-01	1.421360e-01	1.458190e-01	3.180820e-01	8.748000e-03	1.312200e-02	1.360500e-02	1.534900e-02
-5.350000e+00	7.465300e-02	7.748500e-02	1.197990e-01	3.994410e-01	3.989770e-01	4.097830e-01	4.795440e-01	1.688510e-01	1.729580e-01	3.939240e-01	1.024600e-02	1.513000e-02	1.567900e-02	1.732700e-02
-5.300000e+00	7.780100e-02	8.111400e-02	1.227410e-01	4.924010e-01	4.923460e-01	5.043490e-01	5.876730e-01	2.004980e-01	2.050980e-01	4.864320e-01	1.198900e-02	1.748300e-02	1.810700e-02	1.964700e-02
-5.250000e+00	8.106700e-02	8.500200e-02	1.260480e-01	6.044620e-01	6.056350e-01	6.186550e-01	7.185390e-01	2.378860e-01	2.428850e-01	5.983370e-01	1.402900e-02	2.023600e-02	2.094800e-02	2.237100e-02
-5.200000e+00	8.480100e-02	8.947300e-02	1.294440e-01	7.398300e-01	7.409150e-01	7.552760e-01	8.724850e-01	2.820000e-01	2.873000e-01	7.320860e-01	1.638300e-02	2.344700e-02	2.425800e-02	2.554300e-02
-5.150000e+00	8.868800e-02	9.415700e-02	1.331010e-01	9.012380e-01	9.016140e-01	9.187640e-01	1.054191e+00	3.339500e-01	3.393510e-01	8.916630e-01	1.911400e-02	2.718400e-02	2.810700e-02	2.924600e-02
-5.100000e+00	9.280700e-02	9.910500e-02	1.368270e-01	1.093569e+00	1.092948e+00	1.113306e+00	1.268707e+00	3.947370e-01	4.001060e-01	1.081762e+00	2.226800e-02	3.151200e-02	3.256700e-02	3.353200e-02
-5.050000e+00	9.712400e-02	1.044940e-01	1.407390e-01	1.321063e+00	1.319906e+00	1.342995e+00	1.520933e+00	4.656780e-01	4.708320e-01	1.306616e+00	2.589100e-02	3.650900e-02	3.771800e-02	3.847900e-02
-5.000000e+00	1.016310e-01	1.104130e-01	1.450570e-01	1.587940e+00	1.587138e+00	1.612339e+00	1.815931e+00	5.482480e-01	5.528950e-01	1.570653e+00	3.004000e-02	4.226700e-02	4.365200e-02	4.418100e-02
-4.950000e+00	1.065350e-01	1.165700e-01	1.498730e-01	1.900688e+00	1.899435e+00	1.927680e+00	2.160132e+00	6.436220e-01	6.474870e-01	1.880682e+00	3.479900e-02	4.889300e-02	5.047900e-02	5.073900e-02
-4.900000e+00	1.121420e-01	1.241590e-01	1.548520e-01	2.261777e+00	2.259484e+00	2.291471e+00	2.557913e+00	7.528480e-01	7.558410e-01	2.237087e+00	4.018900e-02	5.644600e-02	5.827000e-02	5.824900e-02
-4.850000e+00	1.180300e-01	1.331450e-01	1.598440e-01	2.678347e+00	2.675085e+00	2.712021e+00	3.013939e+00	8.782080e-01	8.801840e-01	2.649745e+00	4.632900e-02	6.504300e-02	6.714400e-02	6.678700e-02
-4.800000e+00	1.240610e-01	1.439020e-01	1.650480e-01	3.155390e+00	3.151827e+00	3.193094e+00	3.536150e+00	1.021319e+00	1.021881e+00	3.122570e+00	5.327100e-02	7.479500e-02	7.719600e-02	7.646300e-02
-4.750000e+00	1.305840e-01	1.575820e-01	1.706150e-01	3.697995e+00	3.694511e+00	3.740034e+00	4.131459e+00	1.183704e+00	1.182150e+00	3.660610e+00	6.108700e-02	8.581100e-02	8.851200e-02	8.739500e-02
-4.700000e+00	1.379460e-01	1.756960e-01	1.766680e-01	4.311681e+00	4.308459e+00	4.359618e+00	4.805478e+00	1.366860e+00	1.362372e+00	4.269882e+00	6.986900e-02	9.820100e-02	1.011570e-01	9.970600e-02
-4.650000e+00	1.458360e-01	1.994030e-01	1.833300e-01	5.003008e+00	5.002559e+00	5.058769e+00	5.562863e+00	1.572454e+00	1.564762e+00	4.956322e+00	7.971800e-02	1.120970e-01	1.151700e-01	1.135140e-01
-4.600000e+00	1.541960e-01	2.143350e-01	1.908620e-01	5.767988e+00	5.768712e+00	5.832088e+00	6.402060e+00	1.800028e+00	1.790325e+00	5.716296e+00	9.061200e-02	1.275020e-01	1.305850e-01	1.288280e-01
-4.550000e+00	1.634350e-01	2.263840e-01	1.986210e-01	6.617648e+00	6.618852e+00	6.688812e+00	7.333922e+00	2.052504e+00	2.040128e+00	6.556538e+00	1.026960e-01	1.445820e-01	1.476480e-01	1.458250e-01
-4.500000e+00	1.730470e-01	2.373200e-01	2.067050e-01	7.553327e+00	7.554705e+00	7.633201e+00	8.360266e+00	2.331282e+00	2.315641e+00	7.483876e+00	1.160700e-01	1.634440e-01	1.664780e-01	1.646050e-01
-4.450000e+00	1.831510e-01	2.479990e-01	2.153790e-01	8.577490e+00	8.578895e+00	8.666867e+00	9.483348e+00	2.637246e+00	2.618467e+00	8.500142e+00	1.308370e-01	1.841890e-01	1.871780e-01	1.852670e-01
-4.400000e+00	1.941970e-01	2.587960e-01	2.248900e-01	9.691417e+00	9.692789e+00	9.788779e+00	1.070437e+01	2.971191e+00	2.949997e+00	9.603148e+00	1.470970e-01	2.069030e-01	2.098380e-01	2.079010e-01
-4.350000e+00	2.065340e-01	2.702850e-01	2.352310e-01	1.089045e+01	1.089214e+01	1.099610e+01	1.202044e+01	3.334677e+00	3.310777e+00	1.079023e+01	1.649240e-01	2.316560e-01	2.345310e-01	2.325650e-01
-4.300000e+00	2.197620e-01	2.828290e-01	2.461010e-01	1.216307e+01	1.215921e+01	1.227680e+01	1.341650e+01	3.722790e+00	3.697147e+00	1.204727e+01	1.841910e-01	2.582620e-01	2.610940e-01	2.590890e-01
-4.250000e+00	2.335090e-01	2.959130e-01	2.577350e-01	1.351001e+01	1.350344e+01	1.364041e+01	1.490150e+01	4.139127e+00	4.112246e+00	1.338296e+01	2.051310e-01	2.869380e-01	2.897180e-01	2.876870e-01
-4.200000e+00	2.478140e-01	3.094670e-01	2.702070e-01	1.492746e+01	1.492278e+01	1.507683e+01	1.646923e+01	4.582623e+00	4.556225e+00	1.478761e+01	2.278000e-01	3.176950e-01	3.204130e-01	3.183660e-01
-4.150000e+00	2.628530e-01	3.236580e-01	2.834610e-01	1.640945e+01	1.640668e+01	1.657786e+01	1.811257e+01	5.052830e+00	5.028654e+00	1.625411e+01	2.522350e-01	3.505190e-01	3.531660e-01	3.511120e-01
-4.100000e+00	2.787930e-01	3.386700e-01	2.974690e-01	1.794783e+01	1.794168e+01	1.813639e+01	1.982314e+01	5.549092e+00	5.528525e+00	1.777689e+01	2.784650e-01	3.853710e-01	3.879440e-01	3.858930e-01
-4.050000e+00	2.956020e-01	3.544330e-01	3.124310e-01	1.953272e+01	1.952131e+01	1.974421e+01	2.159053e+01	6.069030e+00	6.054335e+00	1.934923e+01	3.065310e-01	4.221890e-01	4.246870e-01	4.226520e-01
-4.000000e+00	3.135040e-01	3.701930e-01	3.281560e-01	2.112158e+01	2.110656e+01	2.135534e+01	2.336891e+01	6.605624e+00	6.599233e+00	2.091875e+01	3.361240e-01	4.604520e-01	4.628780e-01	4.608470e-01
-3.950000e+00	3.315900e-01	3.870270e-01	3.444400e-01	2.272360e+01	2.271263e+01	2.298429e+01	2.517498e+01	7.162053e+00	7.167988e+00	2.250374e+01	3.674640e-01	5.003860e-01	5.027370e-01	5.007220e-01
-3.900000e+00	3.503210e-01	4.046000e-01	3.615850e-01	2.432682e+01	2.431730e+01	2.461928e+01	2.699510e+01	7.736493e+00	7.758203e+00	2.409222e+01	4.005120e-01	5.418360e-01	5.441070e-01	5.421230e-01
-3.850000e+00	3.695710e-01	4.225400e-01	3.792440e-01	2.591893e+01	2.590658e+01	2.624505e+01	2.881142e+01	8.326744e+00	8.368206e+00	2.566962e+01	4.352040e-01	5.846020e-01	5.867860e-01	5.848480e-01
-3.800000e+00	3.890770e-01	4.406650e-01	3.970930e-01	2.748558e+01	2.746915e+01	2.784425e+01	3.060578e+01	8.930281e+00	8.996427e+00	2.721897e+01	4.714580e-01	6.284430e-01	6.305340e-01	6.286580e-01
-3.750000e+00	4.090400e-01	4.592660e-01	4.156900e-01	2.900810e+01	2.898763e+01	2.939974e+01	3.236551e+01	9.544338e+00	9.640355e+00	2.872158e+01	5.092090e-01	6.730890e-01	6.750880e-01	6.732830e-01
-3.700000e+00	4.289960e-01	4.780230e-01	4.344060e-01	3.043007e+01	3.041185e+01	3.086235e+01	3.403951e+01	1.015840e+01	1.029007e+01	3.012855e+01	5.478860e-01	7.176530e-01	7.195570e-01	7.178420e-01
-3.650000e+00	4.488210e-01	4.961590e-01	4.531290e-01	3.178051e+01	3.175876e+01	3.225632e+01	3.564665e+01	1.077829e+01	1.095091e+01	3.146057e+01	5.877090e-01	7.624020e-01	7.642070e-01	7.625920e-01
-3.600000e+00	4.688010e-01	5.141090e-01	4.721110e-01	3.304092e+01	3.301779e+01	3.356675e+01	3.716794e+01	1.140208e+01	1.162031e+01	3.270278e+01	6.284990e-01	8.070070e-01	8.087120e-01	8.072120e-01
-3.550000e+00	4.888440e-01	5.320070e-01	4.909930e-01	3.419872e+01	3.417782e+01	3.478242e+01	3.859101e+01	1.202653e+01	1.229565e+01	3.384346e+01	6.700340e-01	8.511090e-01	8.527080e-01	8.513430e-01
-3.500000e+00	5.085960e-01	5.497000e-01	5.094380e-01	3.524672e+01	3.522835e+01	3.589565e+01	3.990667e+01	1.264898e+01	1.297481e+01	3.487532e+01	7.119980e-01	8.943260e-01	8.958130e-01	8.946050e-01
-3.450000e+00	5.276070e-01	5.667830e-01	5.279020e-01	3.618208e+01	3.616088e+01	3.690181e+01	4.110428e+01	1.326983e+01	1.365688e+01	3.579677e+01	7.539080e-01	9.362750e-01	9.376590e-01	9.366160e-01
-3.400000e+00	5.456290e-01	5.834140e-01	5.454290e-01	3.696385e+01	3.693837e+01	3.775092e+01	4.214527e+01	1.387516e+01	1.433266e+01	3.656450e+01	7.955130e-01	9.757110e-01	9.769940e-01	9.761420e-01
-3.350000e+00	5.630630e-01	5.992510e-01	5.625260e-01	3.761601e+01	3.759430e+01	3.848153e+01	4.306021e+01	1.447435e+01	1.500653e+01	3.720663e+01	8.367310e-01	1.013107e+00	1.014284e+00	1.013653e+00
-3.300000e+00	5.794160e-01	6.137420e-01	5.790490e-01	3.814934e+01	3.812820e+01	3.910210e+01	4.384620e+01	1.506730e+01	1.567776e+01	3.772359e+01	8.772870e-01	1.048108e+00	1.049176e+00	1.048795e+00
-3.250000e+00	5.945810e-01	6.268300e-01	5.948640e-01	3.856272e+01	3.853895e+01	3.961084e+01	4.450359e+01	1.565314e+01	1.634395e+01	3.811917e+01	9.168480e-01	1.080361e+00	1.081322e+00	1.081216e+00
-3.200000e+00	6.086170e-01	6.385850e-01	6.099030e-01	3.885271e+01	3.882791e+01	4.000265e+01	4.503316e+01	1.622929e+01	1.700191e+01	3.839741e+01	9.550720e-01	1.109535e+00	1.110395e+00	1.110587e+00
-3.150000e+00	6.214930e-01	6.488030e-01	6.242240e-01	3.902414e+01	3.900214e+01	4.027683e+01	4.543287e+01	1.679045e+01	1.764894e+01	3.855927e+01	9.916630e-01	1.135352e+00	1.136086e+00	1.136632e+00
-3.100000e+00	6.325780e-01	6.571950e-01	6.365440e-01	3.905628e+01	3.902325e+01	4.042759e+01	4.567629e+01	1.732878e+01	1.827449e+01	3.858496e+01	1.025269e+00	1.156381e+00	1.157006e+00	1.157943e+00
-3.050000e+00	6.419960e-01	6.643290e-01	6.480540e-01	3.897324e+01	3.892995e+01	4.047592e+01	4.579283e+01	1.784759e+01	1.888257e+01	3.849314e+01	1.056404e+00	1.173441e+00	1.173955e+00	1.175330e+00
-3.000000e+00	6.496440e-01	6.700180e-01	6.584390e-01	3.877925e+01	3.873457e+01	4.042220e+01	4.578478e+01	1.834241e+01	1.946556e+01	3.829241e+01	1.084744e+00	1.186298e+00	1.186699e+00	1.188561e+00
-2.950000e+00	6.556000e-01	6.739140e-01	6.675120e-01	3.847925e+01	3.843907e+01	4.027154e+01	4.565662e+01	1.880982e+01	2.001787e+01	3.799029e+01	1.109909e+00	1.194801e+00	1.195087e+00	1.197492e+00
-2.900000e+00	6.598720e-01	6.757690e-01	6.754200e-01	3.808088e+01	3.804315e+01	4.003264e+01	4.541345e+01	1.924625e+01	2.053499e+01	3.759135e+01	1.131590e+00	1.198847e+00	1.199021e+00	1.202027e+00
-2.850000e+00	6.621380e-01	6.757120e-01	6.828620e-01	3.759627e+01	3.755212e+01	3.971658e+01	4.505960e+01	1.964654e+01	2.101246e+01	3.709558e+01	1.149689e+00	1.198349e+00	1.198411e+00	1.202071e+00
-2.800000e+00	6.622120e-01	6.737070e-01	6.889320e-01	3.698908e+01	3.694715e+01	3.930582e+01	4.457315e+01	1.999163e+01	2.142869e+01	3.650162e+01	1.162781e+00	1.192107e+00	1.192058e+00	1.196453e+00
-2.750000e+00	6.607730e-01	6.695580e-01	6.939400e-01	3.630421e+01	3.626191e+01	3.882531e+01	4.397936e+01	2.028736e+01	2.178891e+01	3.581956e+01	1.171558e+00	1.181353e+00	1.181194e+00	1.186401e+00
-2.700000e+00	6.573390e-01	6.635230e-01	6.983050e-01	3.554883e+01	3.550400e+01	3.827975e+01	4.329019e+01	2.053090e+01	2.208774e+01	3.506469e+01	1.176099e+00	1.166145e+00	1.165879e+00	1.171984e+00
-2.650000e+00	6.520170e-01	6.559830e-01	7.022160e-01	3.472482e+01	3.467885e+01	3.767636e+01	4.250995e+01	2.071808e+01	2.231985e+01	3.424296e+01	1.176275e+00	1.146639e+00	1.146269e+00	1.153360e+00
-2.600000e+00	6.451640e-01	6.471130e-01	7.056320e-01	3.383463e+01	3.379082e+01	3.702199e+01	4.163993e+01	2.084330e+01	2.248139e+01	3.335750e+01	1.171943e+00	1.123040e+00	1.122567e+00	1.130733e+00
-2.550000e+00	6.370490e-01	6.365740e-01	7.082910e-01	3.288644e+01	3.284430e+01	3.632046e+01	4.068271e+01	2.089945e+01	2.257150e+01	3.241446e+01	1.163127e+00	1.095553e+00	1.094973e+00	1.104310e+00
-2.500000e+00	6.270330e-01	6.241470e-01	7.111370e-01	3.187167e+01	3.182929e+01	3.556773e+01	3.961761e+01	2.086911e+01	2.255930e+01	3.140748e+01	1.148753e+00	1.063379e+00	1.062685e+00	1.073339e+00
-2.450000e+00	6.157300e-01	6.103260e-01	7.149290e-01	3.081544e+01	3.077144e+01	3.477437e+01	3.847786e+01	2.076530e+01	2.246431e+01	3.036247e+01	1.130165e+00	1.027990e+00	1.027183e+00	1.039277e+00
-2.400000e+00	6.032880e-01	5.952050e-01	7.199660e-01	2.972208e+01	2.967599e+01	3.394642e+01	3.726440e+01	2.058686e+01	2.228342e+01	2.928225e+01	1.107573e+00	9.897340e-01	9.888170e-01	1.002474e+00
-2.350000e+00	5.898770e-01	5.790820e-01	7.262490e-01	2.859966e+01	2.855107e+01	3.308861e+01	3.597835e+01	2.033247e+01	2.201490e+01	2.817034e+01	1.081237e+00	9.489840e-01	9.479580e-01	9.632960e-01
-2.300000e+00	5.755880e-01	5.622200e-01	7.339630e-01	2.745544e+01	2.740350e+01	3.220204e+01	3.462200e+01	2.000204e+01	2.165865e+01	2.703242e+01	1.051412e+00	9.061430e-01	9.050120e-01	9.221440e-01
-2.250000e+00	5.603540e-01	5.446550e-01	7.440250e-01	2.629234e+01	2.623564e+01	3.128221e+01	3.319973e+01	1.959802e+01	2.121642e+01	2.587743e+01	1.018297e+00	8.616520e-01	8.604180e-01	8.794640e-01
-2.200000e+00	5.445000e-01	5.260600e-01	7.561320e-01	2.510292e+01	2.504588e+01	3.030983e+01	3.167837e+01	1.910662e+01	2.066862e+01	2.470865e+01	9.815120e-01	8.150990e-01	8.137640e-01	8.349270e-01
-2.150000e+00	5.279690e-01	5.075330e-01	7.712620e-01	2.391260e+01	2.385407e+01	2.929483e+01	3.009580e+01	1.854666e+01	2.004290e+01	2.354154e+01	9.425140e-01	7.677900e-01	7.663470e-01	7.897540e-01
-2.100000e+00	5.113130e-01	4.890080e-01	7.893360e-01	2.272386e+01	2.266255e+01	2.822216e+01	2.846247e+01	1.792706e+01	1.934497e+01	2.237199e+01	9.014970e-01	7.201700e-01	7.186210e-01	7.443890e-01
-2.050000e+00	4.946900e-01	4.703160e-01	8.105720e-01	2.154238e+01	2.147537e+01	2.707512e+01	2.679310e+01	1.725597e+01	1.858285e+01	2.120784e+01	8.590270e-01	6.726510e-01	6.709970e-01	6.992350e-01
-2.000000e+00	4.781830e-01	4.513850e-01	8.355670e-01	2.037256e+01	2.029903e+01	2.583767e+01	2.510816e+01	1.654054e+01	1.776578e+01	2.005808e+01	8.156320e-01	6.255950e-01	6.238390e-01	6.546340e-01
-1.950000e+00	4.620810e-01	4.324090e-01	8.654090e-01	1.921426e+01	1.914287e+01	2.449668e+01	2.343424e+01	1.578681e+01	1.690322e+01	1.892492e+01	7.714970e-01	5.793170e-01	5.774580e-01	6.108630e-01
-1.900000e+00	4.460160e-01	4.140690e-01	8.995490e-01	1.806565e+01	1.799751e+01	2.300168e+01	2.178148e+01	1.498511e+01	1.598693e+01	1.780110e+01	7.267550e-01	5.336930e-01	5.317100e-01	5.677830e-01
-1.850000e+00	4.306200e-01	3.962780e-01	9.365390e-01	1.694691e+01	1.687588e+01	2.147700e+01	2.016426e+01	1.416343e+01	1.505512e+01	1.670514e+01	6.816800e-01	4.893940e-01	4.871530e-01	5.261970e-01
-1.800000e+00	4.159250e-01	3.787130e-01	9.777750e-01	1.585660e+01	1.578479e+01	2.001451e+01	1.857990e+01	1.332842e+01	1.411826e+01	1.563699e+01	6.370770e-01	4.465790e-01	4.442960e-01	4.862920e-01
-1.750000e+00	4.016900e-01	3.618380e-01	1.023140e+00	1.479874e+01	1.472687e+01	1.862688e+01	1.702935e+01	1.248805e+01	1.318136e+01	1.459957e+01	5.933360e-01	4.056070e-01	4.033410e-01	4.482160e-01
-1.700000e+00	3.876550e-01	3.460420e-01	1.072187e+00	1.377674e+01	1.370373e+01	1.728863e+01	1.551764e+01	1.164922e+01	1.224896e+01	1.359662e+01	5.506730e-01	3.667400e-01	3.643850e-01	4.120880e-01
-1.650000e+00	3.737480e-01	3.309380e-01	1.125717e+00	1.278949e+01	1.271805e+01	1.596648e+01	1.405376e+01	1.081605e+01	1.132859e+01	1.263112e+01	5.093110e-01	3.299930e-01	3.275510e-01	3.780010e-01
-1.600000e+00	3.614910e-01	3.159670e-01	1.181844e+00	1.182973e+01	1.176451e+01	1.463887e+01	1.262114e+01	9.981066e+00	1.040621e+01	1.169365e+01	4.682950e-01	2.953030e-01	2.925760e-01	3.458840e-01
-1.550000e+00	3.497700e-01	3.021120e-01	1.240526e+00	1.090773e+01	1.084749e+01	1.332814e+01	1.125576e+01	9.163379e+00	9.507535e+00	1.079479e+01	4.287730e-01	2.627830e-01	2.600720e-01	3.159840e-01
-1.500000e+00	3.382870e-01	2.892070e-01	1.302574e+00	1.002411e+01	9.971227e+00	1.204989e+01	9.964517e+00	8.369116e+00	8.636334e+00	9.936174e+00	3.909200e-01	2.324850e-01	2.298760e-01	2.882750e-01
-1.450000e+00	3.272110e-01	2.771600e-01	1.366648e+00	9.181078e+00	9.138057e+00	1.081238e+01	8.752628e+00	7.602790e+00	7.798038e+00	9.117737e+00	3.549510e-01	2.045870e-01	2.019520e-01	2.627300e-01
-1.400000e+00	3.168260e-01	2.659650e-01	1.431000e+00	8.380258e+00	8.347894e+00	9.623255e+00	7.623784e+00	6.868380e+00	6.998488e+00	8.339603e+00	3.210360e-01	1.791510e-01	1.763540e-01	2.392860e-01
-1.350000e+00	3.072390e-01	2.557270e-01	1.495834e+00	7.621354e+00	7.598229e+00	8.493049e+00	6.580340e+00	6.169942e+00	6.243039e+00	7.603233e+00	2.892540e-01	1.560190e-01	1.531850e-01	2.178260e-01
-1.300000e+00	2.987500e-01	2.463670e-01	1.556296e+00	6.892392e+00	6.884103e+00	7.407704e+00	5.612764e+00	5.504180e+00	5.525007e+00	6.898653e+00	2.583530e-01	1.349430e-01	1.320730e-01	1.982910e-01
-1.250000e+00	2.907240e-01	2.376220e-01	1.615290e+00	6.206812e+00	6.212361e+00	6.392337e+00	4.740586e+00	4.883750e+00	4.854180e+00	6.233526e+00	2.303710e-01	1.160620e-01	1.131730e-01	1.805110e-01
-1.200000e+00	2.830370e-01	2.296070e-01	1.671360e+00	5.560783e+00	5.582733e+00	5.454092e+00	3.960294e+00	4.304849e+00	4.233088e+00	5.609589e+00	2.040750e-01	9.927500e-02	9.637400e-02	1.643720e-01
-1.150000e+00	2.760130e-01	2.220700e-01	1.723109e+00	4.954723e+00	4.993891e+00	4.596544e+00	3.271697e+00	3.767877e+00	3.662360e+00	5.025165e+00	1.797540e-01	8.445900e-02	8.155300e-02	1.497130e-01
-1.100000e+00	2.697940e-01	2.147710e-01	1.768520e+00	4.389219e+00	4.444122e+00	3.822541e+00	2.672485e+00	3.273656e+00	3.142300e+00	4.478756e+00	1.576540e-01	7.147900e-02	6.857700e-02	1.363610e-01
-1.050000e+00	2.637900e-01	2.077950e-01	1.804186e+00	3.862875e+00	3.931771e+00	3.134969e+00	2.156637e+00	2.821494e+00	2.673488e+00	3.970925e+00	1.372340e-01	6.019600e-02	5.731800e-02	1.241620e-01
-1.000000e+00	2.580480e-01	2.016500e-01	1.828381e+00	3.369488e+00	3.451403e+00	2.521732e+00	1.716190e+00	2.406224e+00	2.247854e+00	3.491281e+00	1.186550e-01	5.042300e-02	4.756100e-02	1.129170e-01
-9.500000e-01	2.529750e-01	1.957270e-01	1.840295e+00	2.914198e+00	3.007706e+00	1.996311e+00	1.347652e+00	2.033981e+00	1.871962e+00	3.046702e+00	1.020810e-01	4.207600e-02	3.924600e-02	1.025210e-01
-9.000000e-01	2.481510e-01	1.899830e-01	1.837224e+00	2.497915e+00	2.601157e+00	1.554273e+00	1.044518e+00	1.703621e+00	1.542600e+00	2.638296e+00	8.757800e-02	3.504200e-02	3.224800e-02	9.275000e-02
-8.500000e-01	2.431180e-01	1.846480e-01	1.818237e+00	2.119756e+00	2.229635e+00	1.189396e+00	7.991100e-01	1.412723e+00	1.257021e+00	2.264719e+00	7.427100e-02	2.916400e-02	2.641000e-02	8.354200e-02
-8.000000e-01	2.377400e-01	1.797530e-01	1.782910e+00	1.778572e+00	1.891730e+00	8.941610e-01	6.031970e-01	1.158914e+00	1.012027e+00	1.924637e+00	6.209500e-02	2.428500e-02	2.161200e-02	7.484300e-02
-7.500000e-01	2.325230e-01	1.747380e-01	1.730102e+00	1.473611e+00	1.587943e+00	6.602150e-01	4.486710e-01	9.402470e-01	8.038120e-01	1.617765e+00	5.223900e-02	2.026700e-02	1.777800e-02	6.653200e-02
-7.000000e-01	2.271020e-01	1.696590e-01	1.651405e+00	1.200301e+00	1.310995e+00	4.765330e-01	3.283410e-01	7.521300e-01	6.260360e-01	1.337582e+00	4.317400e-02	1.714400e-02	1.456400e-02	5.835500e-02
-6.500000e-01	2.215180e-01	1.644630e-01	1.553655e+00	9.626370e-01	1.065934e+00	3.370360e-01	2.372270e-01	5.946420e-01	4.801810e-01	1.087961e+00	3.542800e-02	1.450600e-02	1.198200e-02	5.056500e-02
-6.000000e-01	2.156970e-01	1.589010e-01	1.438085e+00	7.581110e-01	8.519400e-01	2.337740e-01	1.691310e-01	4.656220e-01	3.622370e-01	8.690050e-01	2.918500e-02	1.235000e-02	9.921000e-03	4.314500e-02
-5.500000e-01	2.095430e-01	1.531700e-01	1.308014e+00	5.845420e-01	6.673140e-01	1.591430e-01	1.192390e-01	3.618180e-01	2.679320e-01	6.802570e-01	2.382500e-02	1.058300e-02	8.272000e-03	3.613200e-02
-5.000000e-01	2.029300e-01	1.474200e-01	1.166846e+00	4.403300e-01	5.105320e-01	1.063870e-01	8.343100e-02	2.797780e-01	1.938110e-01	5.206160e-01	1.902900e-02	9.127000e-03	6.950000e-03	2.958900e-02
-4.500000e-01	1.956940e-01	1.413520e-01	1.016999e+00	3.239730e-01	3.803420e-01	6.985100e-02	5.817400e-02	2.162220e-01	1.371220e-01	3.883810e-01	1.504500e-02	7.967000e-03	5.894000e-03	2.358300e-02
-4.000000e-01	1.885020e-01	1.353640e-01	8.561570e-01	2.292260e-01	2.720040e-01	4.479500e-02	4.050800e-02	1.691450e-01	9.401600e-02	2.789350e-01	1.204100e-02	7.074000e-03	5.095000e-03	1.806200e-02
-3.500000e-01	1.807970e-01	1.289000e-01	6.972280e-01	1.573700e-01	1.872410e-01	2.857800e-02	2.869200e-02	1.360330e-01	6.269300e-02	1.922860e-01	9.153000e-03	6.243000e-03	4.400000e-03	1.346500e-02
-3.000000e-01	1.728190e-01	1.220630e-01	5.460090e-01	1.046960e-01	1.235960e-01	1.832700e-02	2.081400e-02	1.143810e-01	4.054500e-02	1.266390e-01	6.937000e-03	5.453000e-03	3.761000e-03	9.517000e-03
-2.500000e-01	1.648530e-01	1.152520e-01	4.118820e-01	6.777500e-02	7.811000e-02	1.197400e-02	1.538900e-02	1.016000e-01	2.548900e-02	7.970400e-02	5.207000e-03	4.716000e-03	3.208000e-03	6.436000e-03
-2.000000e-01	1.568440e-01	1.088470e-01	2.939010e-01	4.231400e-02	4.600000e-02	8.295000e-03	1.172400e-02	9.920100e-02	1.552200e-02	4.702800e-02	4.021000e-03	3.999000e-03	2.684000e-03	4.180000e-03
-1.500000e-01	1.489450e-01	1.025230e-01	2.003970e-01	2.588200e-02	2.556200e-02	6.138000e-03	9.051000e-03	1.072590e-01	9.103000e-03	2.618600e-02	4.194000e-03	3.222000e-03	2.139000e-03	2.607000e-03
-1.000000e-01	1.413950e-01	9.575700e-02	1.324180e-01	1.604000e-02	1.369100e-02	4.724000e-03	6.867000e-03	1.312960e-01	5.040000e-03	1.409300e-02	4.974100e-02	2.129000e-03	1.396000e-03	1.387000e-03
-5.000000e-02	1.339470e-01	8.855400e-02	9.033900e-02	1.028000e-02	7.571000e-03	3.570000e-03	4.819000e-03	9.863600e-02	2.474000e-03	7.818000e-03	2.711289e+00	5.390000e-04	3.520000e-04	3.100000e-04
0.000000e+00	1.293490e-01	8.402200e-02	7.363300e-02	7.898000e-03	5.351000e-03	2.953000e-03	3.668000e-03	1.691000e-03	1.334000e-03	5.572000e-03	6.795927e+01	0.000000e+00	0.000000e+00	0.000000e+00
