-8.900000e+00	1.470000e-04	1.450000e-04	1.470000e-04	1.570000e-04	1.580000e-04	2.400000e-04	5.660000e-04	7.210000e-04	9.360000e-04	0.000000e+00	2.710000e-04	2.990000e-04	2.990000e-04	3.040000e-04
-8.850000e+00	1.600000e-04	1.580000e-04	1.610000e-04	1.690000e-04	1.680000e-04	2.610000e-04	6.170000e-04	7.830000e-04	1.016000e-03	0.000000e+00	2.930000e-04	3.250000e-04	3.250000e-04	3.310000e-04
-8.800000e+00	1.710000e-04	1.720000e-04	1.740000e-04	1.800000e-04	1.790000e-04	2.810000e-04	6.640000e-04	8.520000e-04	1.102000e-03	1.000000e-06	3.170000e-04	3.520000e-04	3.520000e-04	3.600000e-04
-8.750000e+00	1.850000e-04	1.860000e-04	1.880000e-04	1.920000e-04	1.900000e-04	3.020000e-04	7.270000e-04	9.310000e-04	1.199000e-03	2.000000e-06	3.470000e-04	3.830000e-04	3.830000e-04	3.930000e-04
-8.700000e+00	2.000000e-04	2.010000e-04	2.030000e-04	2.070000e-04	2.040000e-04	3.260000e-04	8.020000e-04	1.015000e-03	1.304000e-03	4.000000e-06	3.740000e-04	4.150000e-04	4.150000e-04	4.300000e-04
-8.650000e+00	2.140000e-04	2.170000e-04	2.190000e-04	2.230000e-04	2.190000e-04	3.520000e-04	8.920000e-04	1.104000e-03	1.412000e-03	6.000000e-06	4.000000e-04	4.470000e-04	4.470000e-04	4.680000e-04
-8.600000e+00	2.270000e-04	2.320000e-04	2.330000e-04	2.400000e-04	2.360000e-04	3.840000e-04	9.950000e-04	1.199000e-03	1.523000e-03	8.000000e-06	4.290000e-04	4.770000e-04	4.770000e-04	5.040000e-04
-8.550000e+00	2.430000e-04	2.450000e-04	2.510000e-04	2.620000e-04	2.520000e-04	4.180000e-04	1.107000e-03	1.298000e-03	1.639000e-03	1.300000e-05	4.610000e-04	5.100000e-04	5.100000e-04	5.380000e-04
-8.500000e+00	2.610000e-04	2.630000e-04	2.720000e-04	2.820000e-04	2.750000e-04	4.560000e-04	1.216000e-03	1.409000e-03	1.761000e-03	1.900000e-05	4.950000e-04	5.460000e-04	5.460000e-04	5.780000e-04
-8.450000e+00	2.810000e-04	2.840000e-04	2.960000e-04	3.030000e-04	3.000000e-04	4.960000e-04	1.327000e-03	1.516000e-03	1.884000e-03	2.800000e-05	5.320000e-04	5.850000e-04	5.860000e-04	6.270000e-04
-8.400000e+00	3.000000e-04	3.030000e-04	3.180000e-04	3.270000e-04	3.260000e-04	5.350000e-04	1.425000e-03	1.629000e-03	2.035000e-03	3.700000e-05	5.680000e-04	6.230000e-04	6.230000e-04	6.820000e-04
-8.350000e+00	3.170000e-04	3.190000e-04	3.400000e-04	3.540000e-04	3.540000e-04	5.770000e-04	1.535000e-03	1.757000e-03	2.196000e-03	4.600000e-05	6.020000e-04	6.580000e-04	6.580000e-04	7.350000e-04
-8.300000e+00	3.330000e-04	3.360000e-04	3.640000e-04	3.840000e-04	3.830000e-04	6.280000e-04	1.692000e-03	1.899000e-03	2.340000e-03	5.700000e-05	6.370000e-04	6.920000e-04	6.930000e-04	7.820000e-04
-8.250000e+00	3.500000e-04	3.510000e-04	3.860000e-04	4.170000e-04	4.140000e-04	6.860000e-04	1.897000e-03	2.050000e-03	2.487000e-03	7.600000e-05	6.730000e-04	7.280000e-04	7.280000e-04	8.290000e-04
-8.200000e+00	3.680000e-04	3.710000e-04	4.140000e-04	4.600000e-04	4.490000e-04	7.440000e-04	2.121000e-03	2.205000e-03	2.647000e-03	9.400000e-05	7.100000e-04	7.650000e-04	7.650000e-04	8.790000e-04
-8.150000e+00	3.880000e-04	3.890000e-04	4.430000e-04	5.060000e-04	4.910000e-04	8.150000e-04	2.350000e-03	2.358000e-03	2.812000e-03	1.170000e-04	7.480000e-04	8.040000e-04	8.040000e-04	9.350000e-04
-8.100000e+00	4.090000e-04	4.120000e-04	4.810000e-04	5.580000e-04	5.420000e-04	8.990000e-04	2.601000e-03	2.534000e-03	2.998000e-03	1.510000e-04	7.910000e-04	8.460000e-04	8.460000e-04	1.006000e-03
-8.050000e+00	4.370000e-04	4.410000e-04	5.360000e-04	6.210000e-04	6.080000e-04	9.930000e-04	2.894000e-03	2.734000e-03	3.208000e-03	1.960000e-04	8.400000e-04	8.940000e-04	8.930000e-04	1.090000e-03
-8.000000e+00	4.780000e-04	4.770000e-04	6.150000e-04	7.010000e-04	6.950000e-04	1.103000e-03	3.237000e-03	2.955000e-03	3.436000e-03	2.560000e-04	8.930000e-04	9.460000e-04	9.450000e-04	1.184000e-03
-7.950000e+00	5.390000e-04	5.250000e-04	7.300000e-04	8.150000e-04	7.920000e-04	1.245000e-03	3.610000e-03	3.197000e-03	3.678000e-03	3.450000e-04	9.460000e-04	1.000000e-03	9.980000e-04	1.289000e-03
-7.900000e+00	6.610000e-04	6.300000e-04	9.500000e-04	9.260000e-04	9.200000e-04	1.415000e-03	3.970000e-03	3.462000e-03	3.935000e-03	4.410000e-04	1.001000e-03	1.065000e-03	1.062000e-03	1.435000e-03
-7.850000e+00	9.300000e-04	8.570000e-04	1.485000e-03	1.068000e-03	1.078000e-03	1.607000e-03	4.430000e-03	3.775000e-03	4.233000e-03	5.730000e-04	1.061000e-03	1.154000e-03	1.149000e-03	1.646000e-03
-7.800000e+00	1.557000e-03	1.386000e-03	2.577000e-03	1.270000e-03	1.277000e-03	1.841000e-03	4.931000e-03	4.135000e-03	4.569000e-03	7.480000e-04	1.127000e-03	1.289000e-03	1.292000e-03	1.956000e-03
-7.750000e+00	2.796000e-03	2.467000e-03	4.415000e-03	1.533000e-03	1.533000e-03	2.137000e-03	5.498000e-03	4.556000e-03	4.948000e-03	9.700000e-04	1.198000e-03	1.504000e-03	1.510000e-03	2.378000e-03
-7.700000e+00	4.684000e-03	4.236000e-03	6.901000e-03	1.852000e-03	1.861000e-03	2.504000e-03	6.188000e-03	5.045000e-03	5.371000e-03	1.252000e-03	1.272000e-03	1.826000e-03	1.819000e-03	2.892000e-03
-7.650000e+00	6.929000e-03	6.435000e-03	9.865000e-03	2.251000e-03	2.251000e-03	2.931000e-03	6.998000e-03	5.575000e-03	5.836000e-03	1.623000e-03	1.345000e-03	2.233000e-03	2.224000e-03	3.462000e-03
-7.600000e+00	9.168000e-03	8.772000e-03	1.305800e-02	2.745000e-03	2.730000e-03	3.455000e-03	7.878000e-03	6.166000e-03	6.365000e-03	2.091000e-03	1.429000e-03	2.666000e-03	2.661000e-03	4.120000e-03
-7.550000e+00	1.147100e-02	1.125200e-02	1.632900e-02	3.389000e-03	3.352000e-03	4.117000e-03	8.853000e-03	6.857000e-03	6.971000e-03	2.695000e-03	1.526000e-03	3.115000e-03	3.118000e-03	4.806000e-03
-7.500000e+00	1.387100e-02	1.371500e-02	1.964900e-02	4.195000e-03	4.161000e-03	4.972000e-03	9.988000e-03	7.644000e-03	7.652000e-03	3.454000e-03	1.631000e-03	3.579000e-03	3.586000e-03	5.516000e-03
-7.450000e+00	1.629500e-02	1.614700e-02	2.311500e-02	5.204000e-03	5.192000e-03	6.053000e-03	1.137300e-02	8.535000e-03	8.414000e-03	4.428000e-03	1.736000e-03	4.053000e-03	4.062000e-03	6.236000e-03
-7.400000e+00	1.864700e-02	1.862200e-02	2.686100e-02	6.475000e-03	6.477000e-03	7.388000e-03	1.307400e-02	9.548000e-03	9.275000e-03	5.711000e-03	1.843000e-03	4.527000e-03	4.544000e-03	6.960000e-03
-7.350000e+00	2.107000e-02	2.107700e-02	3.090000e-02	8.053000e-03	8.091000e-03	9.075000e-03	1.503300e-02	1.070200e-02	1.025600e-02	7.390000e-03	1.972000e-03	4.994000e-03	5.036000e-03	7.727000e-03
-7.300000e+00	2.354000e-02	2.343700e-02	3.528700e-02	1.010600e-02	1.010000e-02	1.115000e-02	1.745900e-02	1.205100e-02	1.143300e-02	9.430000e-03	2.117000e-03	5.497000e-03	5.505000e-03	8.522000e-03
-7.250000e+00	2.595300e-02	2.579200e-02	4.058700e-02	1.267200e-02	1.263900e-02	1.375600e-02	2.036100e-02	1.363100e-02	1.282100e-02	1.195700e-02	2.273000e-03	6.018000e-03	6.017000e-03	9.403000e-03
-7.200000e+00	2.833600e-02	2.816700e-02	4.740400e-02	1.588200e-02	1.587200e-02	1.701500e-02	2.387300e-02	1.547200e-02	1.444700e-02	1.509300e-02	2.438000e-03	6.556000e-03	6.558000e-03	1.041200e-02
-7.150000e+00	3.068200e-02	3.058300e-02	5.708400e-02	1.993500e-02	1.995500e-02	2.109700e-02	2.821900e-02	1.763900e-02	1.636000e-02	1.903600e-02	2.613000e-03	7.114000e-03	7.124000e-03	1.156800e-02
-7.100000e+00	3.301800e-02	3.299500e-02	6.955900e-02	2.509000e-02	2.506200e-02	2.622300e-02	3.362800e-02	2.019900e-02	1.862100e-02	2.403100e-02	2.803000e-03	7.709000e-03	7.723000e-03	1.277800e-02
-7.050000e+00	3.550900e-02	3.521000e-02	7.808700e-02	3.161100e-02	3.150300e-02	3.266200e-02	4.011800e-02	2.313300e-02	2.127000e-02	3.021800e-02	3.005000e-03	8.362000e-03	8.367000e-03	1.370000e-02
-7.000000e+00	3.786700e-02	3.766600e-02	8.199500e-02	3.948900e-02	3.923900e-02	4.057900e-02	4.827000e-02	2.667300e-02	2.452600e-02	3.800500e-02	3.239000e-03	9.055000e-03	9.073000e-03	1.447600e-02
-6.950000e+00	4.013400e-02	4.021000e-02	8.500200e-02	4.927000e-02	4.902200e-02	5.049500e-02	5.842700e-02	3.097500e-02	2.848400e-02	4.781700e-02	3.507000e-03	9.813000e-03	9.842000e-03	1.526500e-02
-6.900000e+00	4.244500e-02	4.274700e-02	8.735400e-02	6.146300e-02	6.133300e-02	6.287100e-02	7.106600e-02	3.623800e-02	3.332700e-02	5.993900e-02	3.816000e-03	1.064000e-02	1.069500e-02	1.609300e-02
-6.850000e+00	4.493600e-02	4.531000e-02	8.937500e-02	7.665800e-02	7.660900e-02	7.817600e-02	8.675700e-02	4.266100e-02	3.924100e-02	7.492600e-02	4.174000e-03	1.156600e-02	1.163400e-02	1.699100e-02
-6.800000e+00	4.759800e-02	4.796500e-02	9.135600e-02	9.552100e-02	9.536100e-02	9.694900e-02	1.061120e-01	5.047000e-02	4.644800e-02	9.359000e-02	4.589000e-03	1.261600e-02	1.266400e-02	1.798600e-02
-6.750000e+00	5.008000e-02	5.066400e-02	9.343100e-02	1.187630e-01	1.185580e-01	1.199980e-01	1.296820e-01	5.994300e-02	5.527100e-02	1.166780e-01	5.067000e-03	1.376000e-02	1.383000e-02	1.909800e-02
-6.700000e+00	5.274300e-02	5.335800e-02	9.552200e-02	1.475310e-01	1.473090e-01	1.487550e-01	1.588110e-01	7.154800e-02	6.608100e-02	1.449220e-01	5.641000e-03	1.507100e-02	1.514800e-02	2.033300e-02
-6.650000e+00	5.567100e-02	5.617100e-02	9.790800e-02	1.827890e-01	1.827170e-01	1.838040e-01	1.948640e-01	8.569900e-02	7.919000e-02	1.798720e-01	6.304000e-03	1.655800e-02	1.663200e-02	2.176800e-02
-6.600000e+00	5.858400e-02	5.887900e-02	1.002680e-01	2.257990e-01	2.258410e-01	2.269160e-01	2.386400e-01	1.029120e-01	9.508900e-02	2.225170e-01	7.075000e-03	1.823900e-02	1.830600e-02	2.341700e-02
-6.550000e+00	6.154200e-02	6.163400e-02	1.026990e-01	2.781540e-01	2.781470e-01	2.796530e-01	2.915810e-01	1.238190e-01	1.143720e-01	2.744530e-01	7.965000e-03	2.013900e-02	2.020100e-02	2.526700e-02
-6.500000e+00	6.465000e-02	6.464200e-02	1.053860e-01	3.418340e-01	3.415760e-01	3.436620e-01	3.558360e-01	1.491750e-01	1.377400e-01	3.377090e-01	8.989000e-03	2.229800e-02	2.236300e-02	2.734300e-02
-6.450000e+00	6.766900e-02	6.773800e-02	1.082230e-01	4.192260e-01	4.184600e-01	4.218070e-01	4.339200e-01	1.798600e-01	1.659730e-01	4.139050e-01	1.021500e-02	2.477700e-02	2.487300e-02	2.980200e-02
-6.400000e+00	7.100300e-02	7.125600e-02	1.108070e-01	5.127210e-01	5.122170e-01	5.155170e-01	5.282150e-01	2.168610e-01	1.999590e-01	5.066330e-01	1.166100e-02	2.765800e-02	2.777900e-02	3.264000e-02
-6.350000e+00	7.442300e-02	7.480000e-02	1.139120e-01	6.251510e-01	6.248710e-01	6.282270e-01	6.414680e-01	2.613000e-01	2.407960e-01	6.176510e-01	1.333700e-02	3.098400e-02	3.112000e-02	3.592300e-02
-6.300000e+00	7.814900e-02	7.843600e-02	1.172930e-01	7.596250e-01	7.592260e-01	7.629640e-01	7.772970e-01	3.144720e-01	2.895770e-01	7.509830e-01	1.528100e-02	3.480300e-02	3.493900e-02	3.968500e-02
-6.250000e+00	8.217300e-02	8.225500e-02	1.207180e-01	9.200960e-01	9.193360e-01	9.233960e-01	9.392620e-01	3.779000e-01	3.476870e-01	9.108610e-01	1.753400e-02	3.917500e-02	3.929100e-02	4.399000e-02
-6.200000e+00	8.638200e-02	8.638900e-02	1.241270e-01	1.111295e+00	1.110302e+00	1.113826e+00	1.131173e+00	4.532950e-01	4.167660e-01	1.101230e+00	2.014100e-02	4.416600e-02	4.426800e-02	4.892400e-02
-6.150000e+00	9.073700e-02	9.102300e-02	1.278060e-01	1.338226e+00	1.337097e+00	1.338945e+00	1.358112e+00	5.424300e-01	4.984970e-01	1.324947e+00	2.314300e-02	4.982600e-02	5.003600e-02	5.458600e-02
-6.100000e+00	9.536400e-02	9.589100e-02	1.319950e-01	1.603119e+00	1.602472e+00	1.604146e+00	1.626020e+00	6.471630e-01	5.943750e-01	1.587583e+00	2.660500e-02	5.640800e-02	5.664600e-02	6.112300e-02
-6.050000e+00	1.003460e-01	1.011860e-01	1.365700e-01	1.914079e+00	1.912936e+00	1.915058e+00	1.940002e+00	7.697430e-01	7.066920e-01	1.895241e+00	3.056500e-02	6.390100e-02	6.418000e-02	6.857800e-02
-6.000000e+00	1.058030e-01	1.067960e-01	1.415350e-01	2.276587e+00	2.275275e+00	2.277836e+00	2.304815e+00	9.127540e-01	8.375950e-01	2.254918e+00	3.507700e-02	7.247400e-02	7.278800e-02	7.708600e-02
-5.950000e+00	1.117700e-01	1.127460e-01	1.470180e-01	2.697117e+00	2.695748e+00	2.699177e+00	2.726655e+00	1.078806e+00	9.894840e-01	2.673320e+00	4.023100e-02	8.224000e-02	8.257700e-02	8.677500e-02
-5.900000e+00	1.182590e-01	1.191330e-01	1.530820e-01	3.182779e+00	3.180664e+00	3.185825e+00	3.213525e+00	1.270582e+00	1.164964e+00	3.156605e+00	4.613000e-02	9.328500e-02	9.364000e-02	9.776900e-02
-5.850000e+00	1.253560e-01	1.260490e-01	1.594980e-01	3.740212e+00	3.738242e+00	3.743553e+00	3.775253e+00	1.491047e+00	1.366708e+00	3.710429e+00	5.282200e-02	1.057440e-01	1.061200e-01	1.102040e-01
-5.800000e+00	1.328990e-01	1.340480e-01	1.667450e-01	4.375445e+00	4.373139e+00	4.375558e+00	4.411761e+00	1.741548e+00	1.595819e+00	4.336909e+00	6.035200e-02	1.198080e-01	1.202410e-01	1.242400e-01
-5.750000e+00	1.413090e-01	1.427110e-01	1.745070e-01	5.096564e+00	5.092814e+00	5.096507e+00	5.134310e+00	2.026038e+00	1.856002e+00	5.051444e+00	6.924100e-02	1.356270e-01	1.361160e-01	1.400190e-01
-5.700000e+00	1.503670e-01	1.520160e-01	1.831110e-01	5.910894e+00	5.905524e+00	5.910964e+00	5.951417e+00	2.347422e+00	2.149843e+00	5.859144e+00	7.873500e-02	1.540340e-01	1.545860e-01	1.583860e-01
-5.650000e+00	1.601760e-01	1.620080e-01	1.925460e-01	6.825452e+00	6.818692e+00	6.825432e+00	6.869673e+00	2.708502e+00	2.479923e+00	6.765855e+00	8.910100e-02	1.742050e-01	1.748210e-01	1.785040e-01
-5.600000e+00	1.709290e-01	1.728340e-01	2.027020e-01	7.846747e+00	7.839287e+00	7.847555e+00	7.894722e+00	3.111942e+00	2.848740e+00	7.778104e+00	1.010480e-01	1.952920e-01	1.959670e-01	1.995240e-01
-5.550000e+00	1.826080e-01	1.847960e-01	2.136860e-01	8.980608e+00	8.975049e+00	8.983539e+00	9.034066e+00	3.560248e+00	3.258570e+00	8.902472e+00	1.143430e-01	2.197980e-01	2.205530e-01	2.239690e-01
-5.500000e+00	1.953900e-01	1.975960e-01	2.258920e-01	1.022276e+01	1.021939e+01	1.022806e+01	1.028359e+01	4.051075e+00	3.707281e+00	1.013617e+01	1.290130e-01	2.468000e-01	2.476250e-01	2.509190e-01
-5.450000e+00	2.092940e-01	2.116580e-01	2.392010e-01	1.158356e+01	1.158000e+01	1.159064e+01	1.165576e+01	4.589231e+00	4.199429e+00	1.148787e+01	1.452130e-01	2.765500e-01	2.774420e-01	2.806090e-01
-5.400000e+00	2.243740e-01	2.268220e-01	2.537590e-01	1.306757e+01	1.306269e+01	1.307554e+01	1.315343e+01	5.175863e+00	4.735893e+00	1.296055e+01	1.630290e-01	3.092000e-01	3.101610e-01	3.131970e-01
-5.350000e+00	2.406290e-01	2.431170e-01	2.694600e-01	1.467704e+01	1.467066e+01	1.468581e+01	1.477711e+01	5.811590e+00	5.317231e+00	1.455628e+01	1.825610e-01	3.449050e-01	3.459510e-01	3.488370e-01
-5.300000e+00	2.580230e-01	2.607330e-01	2.862100e-01	1.641253e+01	1.640464e+01	1.642195e+01	1.652538e+01	6.496347e+00	5.943515e+00	1.627569e+01	2.039220e-01	3.838170e-01	3.849800e-01	3.876820e-01
-5.250000e+00	2.765110e-01	2.799630e-01	3.042810e-01	1.827450e+01	1.826379e+01	1.827981e+01	1.839590e+01	7.229203e+00	6.614037e+00	1.811709e+01	2.272270e-01	4.260680e-01	4.273840e-01	4.298830e-01
-5.200000e+00	2.967590e-01	3.005440e-01	3.239390e-01	2.022835e+01	2.021477e+01	2.023654e+01	2.036152e+01	8.000088e+00	7.319353e+00	2.005569e+01	2.523800e-01	4.714840e-01	4.729450e-01	4.752360e-01
-5.150000e+00	3.180750e-01	3.224270e-01	3.445250e-01	2.229008e+01	2.227838e+01	2.230142e+01	2.243687e+01	8.814193e+00	8.064603e+00	2.210349e+01	2.795890e-01	5.203890e-01	5.220150e-01	5.240690e-01
-5.100000e+00	3.406250e-01	3.457460e-01	3.666120e-01	2.445284e+01	2.444709e+01	2.446996e+01	2.461807e+01	9.668725e+00	8.847260e+00	2.425166e+01	3.089480e-01	5.728700e-01	5.746710e-01	5.764790e-01
-5.050000e+00	3.646070e-01	3.705400e-01	3.902610e-01	2.671108e+01	2.671027e+01	2.673322e+01	2.689746e+01	1.056013e+01	9.664138e+00	2.649320e+01	3.405230e-01	6.289770e-01	6.309660e-01	6.325140e-01
-5.000000e+00	3.901230e-01	3.968970e-01	4.152400e-01	2.905787e+01	2.905511e+01	2.907883e+01	2.926274e+01	1.148426e+01	1.051139e+01	2.882031e+01	3.743650e-01	6.887260e-01	6.909320e-01	6.921820e-01
-4.950000e+00	4.170320e-01	4.251690e-01	4.413680e-01	3.148025e+01	3.146817e+01	3.149306e+01	3.169619e+01	1.243667e+01	1.138452e+01	3.121984e+01	4.105220e-01	7.521110e-01	7.545820e-01	7.554850e-01
-4.900000e+00	4.450930e-01	4.550140e-01	4.685940e-01	3.392115e+01	3.390427e+01	3.392919e+01	3.415375e+01	1.339717e+01	1.226683e+01	3.363652e+01	4.487170e-01	8.186160e-01	8.213910e-01	8.218990e-01
-4.850000e+00	4.744600e-01	4.865400e-01	4.976200e-01	3.639928e+01	3.637747e+01	3.640633e+01	3.665631e+01	1.437269e+01	1.316369e+01	3.608852e+01	4.892460e-01	8.885670e-01	8.916790e-01	8.917860e-01
-4.800000e+00	5.052980e-01	5.198020e-01	5.279290e-01	3.889942e+01	3.887420e+01	3.890769e+01	3.918353e+01	1.535680e+01	1.406985e+01	3.855769e+01	5.321050e-01	9.618970e-01	9.653340e-01	9.650360e-01
-4.750000e+00	5.376370e-01	5.546810e-01	5.595610e-01	4.140206e+01	4.137817e+01	4.141531e+01	4.171962e+01	1.634390e+01	1.497969e+01	4.103276e+01	5.772810e-01	1.038488e+00	1.042192e+00	1.041531e+00
-4.700000e+00	5.712980e-01	5.906450e-01	5.926520e-01	4.388971e+01	4.387052e+01	4.391119e+01	4.425083e+01	1.732823e+01	1.588761e+01	4.350200e+01	6.247790e-01	1.118184e+00	1.122049e+00	1.121135e+00
-4.650000e+00	6.058050e-01	6.264650e-01	6.268290e-01	4.635573e+01	4.633026e+01	4.637875e+01	4.676123e+01	1.830250e+01	1.678840e+01	4.594254e+01	6.746390e-01	1.200800e+00	1.204693e+00	1.203680e+00
-4.600000e+00	6.408530e-01	6.617670e-01	6.615760e-01	4.872969e+01	4.869659e+01	4.875604e+01	4.918376e+01	1.924423e+01	1.766078e+01	4.829655e+01	7.263760e-01	1.285358e+00	1.289190e+00	1.288137e+00
-4.550000e+00	6.775510e-01	6.978110e-01	6.970570e-01	5.104017e+01	5.100050e+01	5.107574e+01	5.155108e+01	2.016466e+01	1.851504e+01	5.058332e+01	7.803080e-01	1.372344e+00	1.376056e+00	1.374985e+00
-4.500000e+00	7.151160e-01	7.344010e-01	7.333820e-01	5.327716e+01	5.322837e+01	5.331739e+01	5.384918e+01	2.105881e+01	1.934769e+01	5.278908e+01	8.364230e-01	1.461410e+00	1.464985e+00	1.463921e+00
-4.450000e+00	7.531540e-01	7.714860e-01	7.705300e-01	5.542396e+01	5.537175e+01	5.547067e+01	5.606612e+01	2.192286e+01	2.015516e+01	5.490546e+01	8.946800e-01	1.552249e+00	1.555690e+00	1.554650e+00
-4.400000e+00	7.915600e-01	8.091600e-01	8.083570e-01	5.746540e+01	5.742082e+01	5.752815e+01	5.819081e+01	2.275368e+01	2.093414e+01	5.692463e+01	9.550310e-01	1.644567e+00	1.647884e+00	1.646873e+00
-4.350000e+00	8.303700e-01	8.476530e-01	8.466250e-01	5.939803e+01	5.935633e+01	5.947569e+01	6.021159e+01	2.354798e+01	2.168206e+01	5.883324e+01	1.017461e+00	1.738045e+00	1.741261e+00	1.740275e+00
-4.300000e+00	8.691820e-01	8.860030e-01	8.849240e-01	6.117886e+01	6.113067e+01	6.125415e+01	6.207818e+01	2.428915e+01	2.238420e+01	6.057777e+01	1.081380e+00	1.831351e+00	1.834405e+00	1.833450e+00
-4.250000e+00	9.083760e-01	9.240680e-01	9.229440e-01	6.283213e+01	6.277911e+01	6.291711e+01	6.383497e+01	2.499151e+01	2.305308e+01	6.219977e+01	1.147156e+00	1.924969e+00	1.927839e+00	1.926933e+00
-4.200000e+00	9.509720e-01	9.654290e-01	9.644840e-01	6.434968e+01	6.429678e+01	6.445727e+01	6.546992e+01	2.565367e+01	2.368842e+01	6.369665e+01	1.214822e+00	2.018582e+00	2.021271e+00	2.020428e+00
-4.150000e+00	9.913600e-01	1.004787e+00	1.004050e+00	6.572869e+01	6.567808e+01	6.586561e+01	6.697758e+01	2.627522e+01	2.428999e+01	6.506073e+01	1.284312e+00	2.111873e+00	2.114341e+00	2.113611e+00
-4.100000e+00	1.025479e+00	1.038010e+00	1.037314e+00	6.696816e+01	6.691815e+01	6.713549e+01	6.835654e+01	2.685611e+01	2.485754e+01	6.628351e+01	1.355506e+00	2.204416e+00	2.206641e+00	2.206043e+00
-4.050000e+00	1.063975e+00	1.075080e+00	1.074574e+00	6.806497e+01	6.801451e+01	6.826716e+01	6.960630e+01	2.739591e+01	2.539062e+01	6.736067e+01	1.428294e+00	2.295551e+00	2.297727e+00	2.297043e+00
-4.000000e+00	1.100937e+00	1.111202e+00	1.110163e+00	6.897458e+01	6.892845e+01	6.920941e+01	7.068733e+01	2.788343e+01	2.587992e+01	6.825240e+01	1.502177e+00	2.383709e+00	2.385750e+00	2.385112e+00
-3.950000e+00	1.136898e+00	1.146730e+00	1.145587e+00	6.974525e+01	6.969507e+01	7.000808e+01	7.162716e+01	2.833181e+01	2.633735e+01	6.899922e+01	1.577512e+00	2.469688e+00	2.471507e+00	2.470925e+00
-3.900000e+00	1.172149e+00	1.180875e+00	1.180139e+00	7.036818e+01	7.031478e+01	7.066458e+01	7.242789e+01	2.874109e+01	2.676284e+01	6.960017e+01	1.654201e+00	2.552923e+00	2.554598e+00	2.554140e+00
-3.850000e+00	1.206405e+00	1.213817e+00	1.213377e+00	7.084302e+01	7.078665e+01	7.117619e+01	7.309068e+01	2.911234e+01	2.715746e+01	7.005275e+01	1.732243e+00	2.633044e+00	2.634589e+00	2.634282e+00
-3.800000e+00	1.239218e+00	1.245721e+00	1.245157e+00	7.117092e+01	7.110861e+01	7.154327e+01	7.361589e+01	2.944668e+01	2.752242e+01	7.035516e+01	1.811617e+00	2.709730e+00	2.711057e+00	2.710875e+00
-3.750000e+00	1.270455e+00	1.275608e+00	1.275649e+00	7.134723e+01	7.127776e+01	7.177672e+01	7.400310e+01	2.974426e+01	2.785806e+01	7.050876e+01	1.892123e+00	2.782534e+00	2.783645e+00	2.783618e+00
-3.700000e+00	1.299582e+00	1.303011e+00	1.303465e+00	7.134513e+01	7.127217e+01	7.182642e+01	7.422238e+01	3.006479e+01	2.815941e+01	7.047234e+01	1.972958e+00	2.849182e+00	2.850058e+00	2.850221e+00
-3.650000e+00	1.326459e+00	1.328336e+00	1.329495e+00	7.119773e+01	7.112258e+01	7.173850e+01	7.430313e+01	3.024695e+01	2.843610e+01	7.029829e+01	2.054524e+00	2.911054e+00	2.911730e+00	2.912125e+00
-3.600000e+00	1.350891e+00	1.351692e+00	1.353707e+00	7.090533e+01	7.083082e+01	7.151391e+01	7.425199e+01	3.041181e+01	2.868895e+01	6.999161e+01	2.136818e+00	2.967573e+00	2.968088e+00	2.968726e+00
-3.550000e+00	1.372869e+00	1.373083e+00	1.375719e+00	7.047653e+01	7.040443e+01	7.115738e+01	7.406926e+01	3.057376e+01	2.891905e+01	6.955301e+01	2.219547e+00	3.018319e+00	3.018692e+00	3.019585e+00
-3.500000e+00	1.392445e+00	1.392344e+00	1.395170e+00	6.991925e+01	6.985034e+01	7.067365e+01	7.375422e+01	3.070621e+01	2.912741e+01	6.898286e+01	2.302354e+00	3.062938e+00	3.063176e+00	3.064352e+00
-3.450000e+00	1.409577e+00	1.409083e+00	1.412123e+00	6.923196e+01	6.916876e+01	7.006392e+01	7.331042e+01	3.081012e+01	2.931455e+01	6.828504e+01	2.385103e+00	3.101041e+00	3.101175e+00	3.102671e+00
-3.400000e+00	1.422786e+00	1.422677e+00	1.426339e+00	6.839149e+01	6.832656e+01	6.931100e+01	7.271258e+01	3.088253e+01	2.947688e+01	6.743676e+01	2.466566e+00	3.130515e+00	3.130573e+00	3.132482e+00
-3.350000e+00	1.433517e+00	1.433348e+00	1.438104e+00	6.743264e+01	6.736818e+01	6.844876e+01	7.199428e+01	3.092924e+01	2.961919e+01	6.647512e+01	2.547086e+00	3.152821e+00	3.152815e+00	3.155216e+00
-3.300000e+00	1.440928e+00	1.440870e+00	1.447183e+00	6.636544e+01	6.630266e+01	6.748097e+01	7.116380e+01	3.095039e+01	2.974129e+01	6.539973e+01	2.626188e+00	3.167635e+00	3.167568e+00	3.170537e+00
-3.250000e+00	1.445339e+00	1.445315e+00	1.453421e+00	6.519223e+01	6.513112e+01	6.641624e+01	7.022689e+01	3.094595e+01	2.984295e+01	6.421894e+01	2.703330e+00	3.174781e+00	3.174654e+00	3.178264e+00
-3.200000e+00	1.446993e+00	1.446785e+00	1.456758e+00	6.391731e+01	6.385688e+01	6.526355e+01	6.918748e+01	3.091591e+01	2.992362e+01	6.294241e+01	2.778007e+00	3.174152e+00	3.173975e+00	3.178300e+00
-3.150000e+00	1.444785e+00	1.445137e+00	1.457236e+00	6.255553e+01	6.249451e+01	6.402812e+01	6.804846e+01	3.086033e+01	2.998225e+01	6.157426e+01	2.849879e+00	3.165634e+00	3.165436e+00	3.170574e+00
-3.100000e+00	1.438989e+00	1.439233e+00	1.454267e+00	6.108626e+01	6.102087e+01	6.268520e+01	6.678566e+01	3.077170e+01	3.001129e+01	6.010243e+01	2.916933e+00	3.147064e+00	3.146839e+00	3.152908e+00
-3.050000e+00	1.430073e+00	1.430719e+00	1.448720e+00	5.953798e+01	5.947239e+01	6.126812e+01	6.543231e+01	3.065460e+01	3.001403e+01	5.855953e+01	2.979633e+00	3.120670e+00	3.120422e+00	3.127520e+00
-3.000000e+00	1.418296e+00	1.418809e+00	1.440485e+00	5.792177e+01	5.786341e+01	5.979666e+01	6.399856e+01	3.057857e+01	2.998654e+01	5.694862e+01	3.037332e+00	3.086242e+00	3.085948e+00	3.094205e+00
-2.950000e+00	1.403418e+00	1.403600e+00	1.429758e+00	5.624490e+01	5.619510e+01	5.827836e+01	6.249098e+01	3.042224e+01	2.992682e+01	5.527620e+01	3.089263e+00	3.043852e+00	3.043508e+00	3.053058e+00
-2.900000e+00	1.385317e+00	1.385461e+00	1.416808e+00	5.451597e+01	5.446816e+01	5.671675e+01	6.091494e+01	3.011437e+01	2.983315e+01	5.355091e+01	3.134677e+00	2.993762e+00	2.993376e+00	3.004359e+00
-2.850000e+00	1.364585e+00	1.364436e+00	1.401751e+00	5.274926e+01	5.269364e+01	5.511845e+01	5.927671e+01	2.986607e+01	2.970262e+01	5.178216e+01	3.172986e+00	2.936326e+00	2.935877e+00	2.948451e+00
-2.800000e+00	1.339967e+00	1.339152e+00	1.384139e+00	5.092010e+01	5.086510e+01	5.346975e+01	5.756138e+01	2.956626e+01	2.951723e+01	4.996410e+01	3.201154e+00	2.869522e+00	2.869022e+00	2.883413e+00
-2.750000e+00	1.312383e+00	1.311374e+00	1.364085e+00	4.906511e+01	4.901038e+01	5.180086e+01	5.578952e+01	2.922207e+01	2.928505e+01	4.811432e+01	3.220633e+00	2.795936e+00	2.795399e+00	2.811751e+00
-2.700000e+00	1.282252e+00	1.281387e+00	1.342512e+00	4.718933e+01	4.713343e+01	5.011633e+01	5.397231e+01	2.883166e+01	2.900262e+01	4.624811e+01	3.230853e+00	2.715990e+00	2.715422e+00	2.733918e+00
-2.650000e+00	1.249808e+00	1.249037e+00	1.319654e+00	4.530077e+01	4.524178e+01	4.842590e+01	5.211912e+01	2.839341e+01	2.866556e+01	4.437032e+01	3.231400e+00	2.630204e+00	2.629601e+00	2.650482e+00
-2.600000e+00	1.215243e+00	1.214318e+00	1.295653e+00	4.340613e+01	4.334469e+01	4.673774e+01	5.023613e+01	2.790590e+01	2.827077e+01	4.248605e+01	3.221939e+00	2.539160e+00	2.538519e+00	2.562055e+00
-2.550000e+00	1.178826e+00	1.177899e+00	1.271118e+00	4.150747e+01	4.145145e+01	4.505302e+01	4.832524e+01	2.736795e+01	2.781850e+01	4.060889e+01	3.202137e+00	2.443478e+00	2.442817e+00	2.469217e+00
-2.500000e+00	1.139850e+00	1.139524e+00	1.246633e+00	3.959904e+01	3.954653e+01	4.335840e+01	4.636250e+01	2.676080e+01	2.728930e+01	3.871548e+01	3.169154e+00	2.341757e+00	2.341076e+00	2.370770e+00
-2.450000e+00	1.099825e+00	1.099381e+00	1.222447e+00	3.770400e+01	3.765665e+01	4.167227e+01	4.437551e+01	2.609910e+01	2.669744e+01	3.684199e+01	3.125441e+00	2.236806e+00	2.236086e+00	2.269391e+00
-2.400000e+00	1.058841e+00	1.058081e+00	1.199275e+00	3.583166e+01	3.578673e+01	4.000505e+01	4.236988e+01	2.538299e+01	2.604319e+01	3.499141e+01	3.071415e+00	2.129364e+00	2.128589e+00	2.165827e+00
-2.350000e+00	1.017131e+00	1.016050e+00	1.177358e+00	3.398991e+01	3.394263e+01	3.835661e+01	4.034993e+01	2.461465e+01	2.532645e+01	3.316850e+01	3.007575e+00	2.020127e+00	2.019293e+00	2.060827e+00
-2.300000e+00	9.749310e-01	9.735890e-01	1.157058e+00	3.218191e+01	3.212954e+01	3.672215e+01	3.831787e+01	2.379672e+01	2.454816e+01	3.138014e+01	2.934356e+00	1.909801e+00	1.908912e+00	1.955115e+00
-2.250000e+00	9.323640e-01	9.309330e-01	1.139453e+00	3.040386e+01	3.035085e+01	3.509704e+01	3.627334e+01	2.293092e+01	2.371149e+01	2.963554e+01	2.852006e+00	1.799127e+00	1.798192e+00	1.849358e+00
-2.200000e+00	8.891520e-01	8.877380e-01	1.125011e+00	2.865051e+01	2.859687e+01	3.346360e+01	3.418603e+01	2.201122e+01	2.280177e+01	2.791329e+01	2.758552e+00	1.687187e+00	1.686227e+00	1.743124e+00
-2.150000e+00	8.462430e-01	8.448230e-01	1.114002e+00	2.694142e+01	2.688793e+01	3.182242e+01	3.209917e+01	2.104801e+01	2.184333e+01	2.624063e+01	2.657935e+00	1.576395e+00	1.575394e+00	1.638402e+00
-2.100000e+00	8.041410e-01	8.025890e-01	1.106903e+00	2.528211e+01	2.522481e+01	3.016912e+01	3.002299e+01	2.005192e+01	2.084271e+01	2.461690e+01	2.551014e+00	1.467409e+00	1.466361e+00	1.535904e+00
-2.050000e+00	7.629790e-01	7.612790e-01	1.103899e+00	2.367146e+01	2.361084e+01	2.849486e+01	2.796841e+01	1.903413e+01	1.980752e+01	2.304567e+01	2.438520e+00	1.360865e+00	1.359756e+00	1.436218e+00
-2.000000e+00	7.228570e-01	7.209310e-01	1.104846e+00	2.210981e+01	2.205026e+01	2.679039e+01	2.594915e+01	1.800193e+01	1.874677e+01	2.153062e+01	2.321553e+00	1.257334e+00	1.256147e+00	1.339847e+00
-1.950000e+00	6.841040e-01	6.813320e-01	1.109368e+00	2.060439e+01	2.054710e+01	2.504928e+01	2.398288e+01	1.695566e+01	1.767097e+01	2.007271e+01	2.201927e+00	1.157302e+00	1.156018e+00	1.247232e+00
-1.900000e+00	6.465300e-01	6.431590e-01	1.119942e+00	1.914725e+01	1.908827e+01	2.325121e+01	2.207086e+01	1.589630e+01	1.657364e+01	1.866819e+01	2.078130e+00	1.060113e+00	1.058743e+00	1.158326e+00
-1.850000e+00	6.102100e-01	6.068500e-01	1.136181e+00	1.775530e+01	1.769114e+01	2.148827e+01	2.023036e+01	1.484635e+01	1.548125e+01	1.732156e+01	1.953218e+00	9.672580e-01	9.658310e-01	1.074091e+00
-1.800000e+00	5.757450e-01	5.726870e-01	1.157055e+00	1.642509e+01	1.635831e+01	1.981777e+01	1.845923e+01	1.381012e+01	1.440147e+01	1.603970e+01	1.828214e+00	8.790030e-01	8.775200e-01	9.946370e-01
-1.750000e+00	5.431250e-01	5.401060e-01	1.182095e+00	1.515703e+01	1.509150e+01	1.823844e+01	1.675837e+01	1.279264e+01	1.334046e+01	1.482047e+01	1.704158e+00	7.955420e-01	7.939910e-01	9.201200e-01
-1.700000e+00	5.122670e-01	5.088230e-01	1.211412e+00	1.395174e+01	1.389078e+01	1.672814e+01	1.513103e+01	1.179941e+01	1.230344e+01	1.366093e+01	1.582040e+00	7.170290e-01	7.154020e-01	8.506490e-01
-1.650000e+00	4.834430e-01	4.796930e-01	1.245741e+00	1.280773e+01	1.275408e+01	1.526943e+01	1.358210e+01	1.083613e+01	1.129517e+01	1.256247e+01	1.462759e+00	6.436030e-01	6.419010e-01	7.862230e-01
-1.600000e+00	4.561560e-01	4.522140e-01	1.284446e+00	1.171580e+01	1.166837e+01	1.383362e+01	1.209586e+01	9.894710e+00	1.030615e+01	1.151802e+01	1.344493e+00	5.746300e-01	5.728390e-01	7.268480e-01
-1.550000e+00	4.309640e-01	4.263470e-01	1.327050e+00	1.068417e+01	1.064131e+01	1.245691e+01	1.069682e+01	8.990569e+00	9.355086e+00	1.053305e+01	1.229964e+00	5.108130e-01	5.089680e-01	6.725340e-01
-1.500000e+00	4.074520e-01	4.024690e-01	1.372574e+00	9.714053e+00	9.677560e+00	1.114126e+01	9.392669e+00	8.128450e+00	8.445829e+00	9.607046e+00	1.119464e+00	4.521420e-01	4.501980e-01	6.230040e-01
-1.450000e+00	3.858550e-01	3.804900e-01	1.420253e+00	8.803155e+00	8.774140e+00	9.890406e+00	8.185525e+00	7.311368e+00	7.582477e+00	8.738343e+00	1.013872e+00	3.984900e-01	3.964140e-01	5.780560e-01
-1.400000e+00	3.663910e-01	3.601530e-01	1.469666e+00	7.949280e+00	7.928309e+00	8.709236e+00	7.075195e+00	6.541325e+00	6.768449e+00	7.924713e+00	9.137760e-01	3.496950e-01	3.474870e-01	5.374630e-01
-1.350000e+00	3.487660e-01	3.412820e-01	1.520900e+00	7.152344e+00	7.141963e+00	7.603117e+00	6.061034e+00	5.819768e+00	6.005973e+00	7.163791e+00	8.189990e-01	3.055950e-01	3.032680e-01	5.009080e-01
-1.300000e+00	3.324030e-01	3.244570e-01	1.570925e+00	6.398543e+00	6.404098e+00	6.564003e+00	5.132565e+00	5.141313e+00	5.287905e+00	6.448018e+00	7.290040e-01	2.657220e-01	2.632860e-01	4.683570e-01
-1.250000e+00	3.177050e-01	3.090100e-01	1.619731e+00	5.696802e+00	5.718261e+00	5.605882e+00	4.305364e+00	4.515755e+00	4.623896e+00	5.780862e+00	6.448980e-01	2.301970e-01	2.276510e-01	4.391400e-01
-1.200000e+00	3.043260e-01	2.950630e-01	1.665693e+00	5.046673e+00	5.083144e+00	4.733901e+00	3.574482e+00	3.940470e+00	4.014247e+00	5.161404e+00	5.667220e-01	1.987640e-01	1.961010e-01	4.127650e-01
-1.150000e+00	2.922640e-01	2.822750e-01	1.707342e+00	4.448151e+00	4.497369e+00	3.949273e+00	2.935635e+00	3.415361e+00	3.459211e+00	4.587631e+00	4.948140e-01	1.711200e-01	1.683480e-01	3.888250e-01
-1.100000e+00	2.814610e-01	2.704440e-01	1.743376e+00	3.899068e+00	3.959096e+00	3.252254e+00	2.384299e+00	2.940409e+00	2.957957e+00	4.057539e+00	4.291140e-01	1.469590e-01	1.440990e-01	3.669220e-01
-1.050000e+00	2.714730e-01	2.599880e-01	1.772673e+00	3.394263e+00	3.465914e+00	2.642977e+00	1.915164e+00	2.514439e+00	2.508269e+00	3.569699e+00	3.689270e-01	1.260030e-01	1.230670e-01	3.466190e-01
-1.000000e+00	2.627950e-01	2.498820e-01	1.789883e+00	2.927723e+00	3.010017e+00	2.108309e+00	1.516773e+00	2.130266e+00	2.103028e+00	3.115184e+00	3.139720e-01	1.079680e-01	1.049170e-01	3.273960e-01
-9.500000e-01	2.548400e-01	2.409180e-01	1.794838e+00	2.504520e+00	2.594958e+00	1.654813e+00	1.187319e+00	1.790172e+00	1.746065e+00	2.698548e+00	2.649510e-01	9.268200e-02	8.953100e-02	3.087020e-01
-9.000000e-01	2.473400e-01	2.323770e-01	1.787314e+00	2.123951e+00	2.219417e+00	1.278751e+00	9.186070e-01	1.492311e+00	1.434884e+00	2.319197e+00	2.214090e-01	7.969100e-02	7.646800e-02	2.902560e-01
-8.500000e-01	2.402560e-01	2.242980e-01	1.765202e+00	1.783566e+00	1.881848e+00	9.723250e-01	7.022890e-01	1.234095e+00	1.166272e+00	1.975488e+00	1.829780e-01	6.873200e-02	6.544600e-02	2.716980e-01
-8.000000e-01	2.336050e-01	2.168090e-01	1.726583e+00	1.480975e+00	1.580123e+00	7.270280e-01	5.306770e-01	1.012529e+00	9.367000e-01	1.665768e+00	1.495790e-01	5.957400e-02	5.622400e-02	2.527780e-01
-7.500000e-01	2.273120e-01	2.095860e-01	1.671723e+00	1.214528e+00	1.311586e+00	5.347310e-01	3.968630e-01	8.244130e-01	7.425650e-01	1.388812e+00	1.213570e-01	5.195700e-02	4.854900e-02	2.334880e-01
-7.000000e-01	2.214920e-01	2.029530e-01	1.594154e+00	9.790050e-01	1.071739e+00	3.845400e-01	2.932030e-01	6.661460e-01	5.790190e-01	1.137199e+00	9.715100e-02	4.574600e-02	4.231000e-02	2.136840e-01
-6.500000e-01	2.154740e-01	1.962560e-01	1.499461e+00	7.771420e-01	8.616230e-01	2.722070e-01	2.149180e-01	5.344420e-01	4.435130e-01	9.173090e-01	7.650600e-02	4.061400e-02	3.717400e-02	1.922170e-01
-6.000000e-01	2.091170e-01	1.894750e-01	1.388717e+00	6.062060e-01	6.812320e-01	1.896090e-01	1.568380e-01	4.275800e-01	3.339810e-01	7.266120e-01	5.938400e-02	3.635700e-02	3.293000e-02	1.704790e-01
-5.500000e-01	2.024330e-01	1.825710e-01	1.263970e+00	4.635830e-01	5.279580e-01	1.301420e-01	1.144450e-01	3.426460e-01	2.471040e-01	5.640340e-01	4.556400e-02	3.279600e-02	2.940000e-02	1.488820e-01
-5.000000e-01	1.955450e-01	1.754880e-01	1.128266e+00	3.470070e-01	3.996630e-01	8.821900e-02	8.392300e-02	2.764080e-01	1.793090e-01	4.281570e-01	3.459800e-02	2.990700e-02	2.654300e-02	1.275250e-01
-4.500000e-01	1.886380e-01	1.681610e-01	9.855630e-01	2.542860e-01	2.951600e-01	5.920400e-02	6.217800e-02	2.258250e-01	1.272530e-01	3.167560e-01	2.590700e-02	2.788100e-02	2.450500e-02	1.066250e-01
-4.000000e-01	1.814730e-01	1.607930e-01	8.324110e-01	1.803790e-01	2.095240e-01	3.968900e-02	4.726100e-02	1.906180e-01	8.807300e-02	2.249360e-01	1.941400e-02	2.525200e-02	2.199600e-02	8.670000e-02
-3.500000e-01	1.739890e-01	1.532370e-01	6.812970e-01	1.246470e-01	1.433110e-01	2.699600e-02	3.707300e-02	1.671070e-01	5.934400e-02	1.539960e-01	1.402300e-02	2.307900e-02	1.993400e-02	6.773100e-02
-3.000000e-01	1.663580e-01	1.455480e-01	5.384650e-01	8.427800e-02	9.404200e-02	1.884000e-02	2.984100e-02	1.543080e-01	3.916100e-02	1.011200e-01	9.836000e-03	2.119000e-02	1.815600e-02	5.118200e-02
-2.500000e-01	1.585940e-01	1.378860e-01	4.118960e-01	5.603800e-02	5.949300e-02	1.357100e-02	2.454600e-02	1.509720e-01	2.536100e-02	6.387200e-02	6.854000e-03	1.940600e-02	1.649700e-02	3.760400e-02
-2.000000e-01	1.508980e-01	1.300490e-01	3.004930e-01	3.696600e-02	3.589300e-02	1.035000e-02	2.068000e-02	1.623010e-01	1.601400e-02	3.840000e-02	4.750000e-03	1.750700e-02	1.473700e-02	2.631700e-02
-1.500000e-01	1.435980e-01	1.223550e-01	2.115340e-01	2.451800e-02	2.091300e-02	8.329000e-03	1.765500e-02	1.945350e-01	9.861000e-03	2.241000e-02	4.350000e-03	1.552900e-02	1.293700e-02	1.800600e-02
-1.000000e-01	1.365340e-01	1.145690e-01	1.472920e-01	1.670500e-02	1.228500e-02	6.679000e-03	1.490700e-02	2.824200e-01	5.755000e-03	1.302600e-02	4.568000e-02	1.284900e-02	1.057200e-02	1.175600e-02
-5.000000e-02	1.293870e-01	1.061440e-01	1.071740e-01	1.155200e-02	7.532000e-03	5.144000e-03	1.203400e-02	5.670000e-01	2.914000e-03	7.957000e-03	2.463587e+00	8.863000e-03	7.177000e-03	6.857000e-03
0.000000e+00	1.244800e-01	1.002990e-01	9.071900e-02	9.104000e-03	5.577000e-03	4.093000e-03	1.038100e-02	6.617390e-01	1.164000e-03	5.986000e-03	6.174010e+01	2.713000e-03	2.180000e-03	1.947000e-03
