-8.900000e+00	0.000000e+00	0.000000e+00	0.000000e+00	0.000000e+00	0.000000e+00	0.000000e+00	0.000000e+00	0.000000e+00	0.000000e+00	0.000000e+00	0.000000e+00	0.000000e+00	0.000000e+00	0.000000e+00
-8.850000e+00	0.000000e+00	0.000000e+00	0.000000e+00	0.000000e+00	0.000000e+00	0.000000e+00	0.000000e+00	0.000000e+00	0.000000e+00	0.000000e+00	0.000000e+00	0.000000e+00	0.000000e+00	0.000000e+00
-8.800000e+00	0.000000e+00	0.000000e+00	0.000000e+00	0.000000e+00	0.000000e+00	0.000000e+00	0.000000e+00	0.000000e+00	0.000000e+00	0.000000e+00	0.000000e+00	0.000000e+00	0.000000e+00	0.000000e+00
-8.750000e+00	0.000000e+00	0.000000e+00	0.000000e+00	0.000000e+00	0.000000e+00	0.000000e+00	0.000000e+00	0.000000e+00	0.000000e+00	0.000000e+00	0.000000e+00	0.000000e+00	0.000000e+00	0.000000e+00
-8.700000e+00	0.000000e+00	0.000000e+00	0.000000e+00	0.000000e+00	0.000000e+00	0.000000e+00	0.000000e+00	0.000000e+00	0.000000e+00	0.000000e+00	0.000000e+00	0.000000e+00	0.000000e+00	0.000000e+00
-8.650000e+00	0.000000e+00	0.000000e+00	0.000000e+00	0.000000e+00	0.000000e+00	0.000000e+00	0.000000e+00	1.000000e-06	0.000000e+00	0.000000e+00	0.000000e+00	0.000000e+00	0.000000e+00	0.000000e+00
-8.600000e+00	0.000000e+00	0.000000e+00	0.000000e+00	0.000000e+00	0.000000e+00	0.000000e+00	0.000000e+00	1.000000e-06	0.000000e+00	0.000000e+00	0.000000e+00	0.000000e+00	0.000000e+00	0.000000e+00
-8.550000e+00	0.000000e+00	0.000000e+00	0.000000e+00	0.000000e+00	0.000000e+00	0.000000e+00	0.000000e+00	2.000000e-06	0.000000e+00	0.000000e+00	0.000000e+00	0.000000e+00	0.000000e+00	0.000000e+00
-8.500000e+00	0.000000e+00	0.000000e+00	0.000000e+00	0.000000e+00	0.000000e+00	0.000000e+00	2.000000e-06	5.000000e-06	0.000000e+00	0.000000e+00	0.000000e+00	0.000000e+00	0.000000e+00	0.000000e+00
-8.450000e+00	0.000000e+00	0.000000e+00	0.000000e+00	0.000000e+00	0.000000e+00	0.000000e+00	3.000000e-06	9.000000e-06	0.000000e+00	0.000000e+00	0.000000e+00	0.000000e+00	0.000000e+00	0.000000e+00
-8.400000e+00	0.000000e+00	0.000000e+00	0.000000e+00	0.000000e+00	0.000000e+00	0.000000e+00	3.000000e-06	2.000000e-05	0.000000e+00	0.000000e+00	0.000000e+00	0.000000e+00	0.000000e+00	0.000000e+00
-8.350000e+00	0.000000e+00	0.000000e+00	0.000000e+00	0.000000e+00	0.000000e+00	0.000000e+00	4.000000e-06	4.300000e-05	0.000000e+00	0.000000e+00	0.000000e+00	0.000000e+00	0.000000e+00	0.000000e+00
-8.300000e+00	0.000000e+00	0.000000e+00	0.000000e+00	0.000000e+00	0.000000e+00	0.000000e+00	7.000000e-06	8.200000e-05	0.000000e+00	0.000000e+00	0.000000e+00	0.000000e+00	0.000000e+00	0.000000e+00
-8.250000e+00	0.000000e+00	0.000000e+00	0.000000e+00	0.000000e+00	0.000000e+00	0.000000e+00	1.600000e-05	1.280000e-04	1.000000e-06	0.000000e+00	0.000000e+00	0.000000e+00	0.000000e+00	0.000000e+00
-8.200000e+00	0.000000e+00	0.000000e+00	0.000000e+00	0.000000e+00	0.000000e+00	0.000000e+00	3.400000e-05	1.750000e-04	3.000000e-06	0.000000e+00	0.000000e+00	0.000000e+00	0.000000e+00	0.000000e+00
-8.150000e+00	0.000000e+00	0.000000e+00	0.000000e+00	0.000000e+00	0.000000e+00	0.000000e+00	6.900000e-05	2.340000e-04	5.000000e-06	0.000000e+00	0.000000e+00	0.000000e+00	0.000000e+00	0.000000e+00
-8.100000e+00	0.000000e+00	0.000000e+00	0.000000e+00	0.000000e+00	0.000000e+00	1.000000e-06	1.340000e-04	3.130000e-04	8.000000e-06	0.000000e+00	0.000000e+00	0.000000e+00	0.000000e+00	0.000000e+00
-8.050000e+00	0.000000e+00	0.000000e+00	0.000000e+00	0.000000e+00	0.000000e+00	2.000000e-06	2.400000e-04	4.080000e-04	1.200000e-05	0.000000e+00	0.000000e+00	0.000000e+00	0.000000e+00	0.000000e+00
-8.000000e+00	0.000000e+00	0.000000e+00	0.000000e+00	0.000000e+00	0.000000e+00	3.000000e-06	4.000000e-04	5.090000e-04	1.800000e-05	0.000000e+00	1.000000e-06	1.000000e-06	1.000000e-06	1.000000e-06
-7.950000e+00	0.000000e+00	0.000000e+00	0.000000e+00	0.000000e+00	0.000000e+00	4.000000e-06	6.150000e-04	6.220000e-04	2.500000e-05	0.000000e+00	2.000000e-06	2.000000e-06	2.000000e-06	2.000000e-06
-7.900000e+00	2.000000e-06	1.000000e-06	1.000000e-06	2.000000e-06	1.000000e-06	6.000000e-06	8.770000e-04	7.660000e-04	3.600000e-05	0.000000e+00	3.000000e-06	2.000000e-06	2.000000e-06	2.000000e-06
-7.850000e+00	2.000000e-06	2.000000e-06	2.000000e-06	2.000000e-06	1.000000e-06	8.000000e-06	1.179000e-03	9.120000e-04	5.100000e-05	0.000000e+00	5.000000e-06	3.000000e-06	3.000000e-06	3.000000e-06
-7.800000e+00	3.000000e-06	2.000000e-06	3.000000e-06	2.000000e-06	2.000000e-06	1.100000e-05	1.548000e-03	1.071000e-03	7.200000e-05	0.000000e+00	7.000000e-06	4.000000e-06	4.000000e-06	4.000000e-06
-7.750000e+00	3.000000e-06	3.000000e-06	4.000000e-06	3.000000e-06	2.000000e-06	1.300000e-05	1.983000e-03	1.264000e-03	9.900000e-05	0.000000e+00	9.000000e-06	5.000000e-06	5.000000e-06	5.000000e-06
-7.700000e+00	4.000000e-06	4.000000e-06	6.000000e-06	3.000000e-06	3.000000e-06	1.600000e-05	2.465000e-03	1.493000e-03	1.300000e-04	0.000000e+00	1.100000e-05	6.000000e-06	6.000000e-06	6.000000e-06
-7.650000e+00	4.000000e-06	4.000000e-06	7.000000e-06	4.000000e-06	4.000000e-06	1.900000e-05	3.029000e-03	1.699000e-03	1.640000e-04	0.000000e+00	1.300000e-05	8.000000e-06	8.000000e-06	8.000000e-06
-7.600000e+00	5.000000e-06	5.000000e-06	7.000000e-06	5.000000e-06	4.000000e-06	2.200000e-05	3.564000e-03	1.965000e-03	2.020000e-04	0.000000e+00	1.600000e-05	9.000000e-06	9.000000e-06	9.000000e-06
-7.550000e+00	6.000000e-06	5.000000e-06	9.000000e-06	5.000000e-06	5.000000e-06	2.500000e-05	4.177000e-03	2.246000e-03	2.400000e-04	0.000000e+00	1.800000e-05	1.100000e-05	1.100000e-05	1.100000e-05
-7.500000e+00	6.000000e-06	6.000000e-06	1.100000e-05	6.000000e-06	6.000000e-06	2.700000e-05	4.781000e-03	2.579000e-03	2.830000e-04	0.000000e+00	1.900000e-05	1.200000e-05	1.200000e-05	1.200000e-05
-7.450000e+00	7.000000e-06	7.000000e-06	1.500000e-05	7.000000e-06	7.000000e-06	2.900000e-05	5.349000e-03	2.960000e-03	3.310000e-04	0.000000e+00	2.100000e-05	1.400000e-05	1.400000e-05	1.400000e-05
-7.400000e+00	7.000000e-06	8.000000e-06	2.300000e-05	7.000000e-06	7.000000e-06	3.000000e-05	5.895000e-03	3.369000e-03	3.830000e-04	0.000000e+00	2.300000e-05	1.500000e-05	1.500000e-05	1.500000e-05
-7.350000e+00	8.000000e-06	9.000000e-06	3.400000e-05	8.000000e-06	8.000000e-06	3.100000e-05	6.396000e-03	3.829000e-03	4.420000e-04	0.000000e+00	2.600000e-05	1.600000e-05	1.600000e-05	1.600000e-05
-7.300000e+00	9.000000e-06	1.000000e-05	5.400000e-05	9.000000e-06	9.000000e-06	3.200000e-05	6.762000e-03	4.313000e-03	4.840000e-04	0.000000e+00	2.600000e-05	1.700000e-05	1.700000e-05	1.800000e-05
-7.250000e+00	9.000000e-06	1.100000e-05	1.000000e-04	9.000000e-06	9.000000e-06	3.300000e-05	6.975000e-03	4.876000e-03	5.640000e-04	0.000000e+00	2.700000e-05	1.800000e-05	1.800000e-05	1.900000e-05
-7.200000e+00	1.000000e-05	1.100000e-05	2.080000e-04	1.000000e-05	9.000000e-06	3.400000e-05	7.101000e-03	5.435000e-03	6.640000e-04	0.000000e+00	2.900000e-05	1.900000e-05	1.900000e-05	2.100000e-05
-7.150000e+00	1.100000e-05	1.100000e-05	4.690000e-04	1.100000e-05	1.000000e-05	3.500000e-05	7.170000e-03	5.947000e-03	7.580000e-04	0.000000e+00	3.100000e-05	2.000000e-05	2.000000e-05	2.400000e-05
-7.100000e+00	1.200000e-05	1.100000e-05	1.129000e-03	1.100000e-05	1.100000e-05	3.500000e-05	7.204000e-03	6.373000e-03	8.350000e-04	0.000000e+00	3.300000e-05	2.000000e-05	2.000000e-05	2.800000e-05
-7.050000e+00	1.300000e-05	1.100000e-05	2.852000e-03	1.100000e-05	1.000000e-05	3.500000e-05	7.247000e-03	6.614000e-03	9.430000e-04	0.000000e+00	3.500000e-05	2.100000e-05	2.100000e-05	3.100000e-05
-7.000000e+00	1.300000e-05	1.200000e-05	6.807000e-03	1.100000e-05	1.000000e-05	3.500000e-05	7.309000e-03	6.732000e-03	1.077000e-03	0.000000e+00	3.500000e-05	2.100000e-05	2.100000e-05	3.400000e-05
-6.950000e+00	1.300000e-05	1.400000e-05	1.159500e-02	1.200000e-05	1.000000e-05	3.500000e-05	7.371000e-03	6.817000e-03	1.218000e-03	0.000000e+00	3.500000e-05	2.200000e-05	2.200000e-05	3.600000e-05
-6.900000e+00	1.400000e-05	1.400000e-05	1.605700e-02	1.100000e-05	1.000000e-05	3.500000e-05	7.412000e-03	6.914000e-03	1.383000e-03	0.000000e+00	3.500000e-05	2.200000e-05	2.200000e-05	3.800000e-05
-6.850000e+00	1.500000e-05	1.300000e-05	1.988100e-02	1.100000e-05	1.000000e-05	3.500000e-05	7.428000e-03	7.012000e-03	1.576000e-03	0.000000e+00	3.700000e-05	2.200000e-05	2.200000e-05	4.000000e-05
-6.800000e+00	1.600000e-05	1.300000e-05	2.333300e-02	1.100000e-05	1.000000e-05	3.600000e-05	7.425000e-03	7.087000e-03	1.788000e-03	0.000000e+00	3.900000e-05	2.300000e-05	2.300000e-05	4.300000e-05
-6.750000e+00	1.500000e-05	1.500000e-05	2.647500e-02	1.100000e-05	1.100000e-05	3.600000e-05	7.403000e-03	7.146000e-03	1.997000e-03	0.000000e+00	4.000000e-05	2.300000e-05	2.300000e-05	4.500000e-05
-6.700000e+00	1.500000e-05	1.600000e-05	2.942500e-02	1.100000e-05	1.100000e-05	3.700000e-05	7.412000e-03	7.176000e-03	2.213000e-03	1.000000e-06	4.200000e-05	2.300000e-05	2.300000e-05	4.700000e-05
-6.650000e+00	1.600000e-05	1.800000e-05	3.208500e-02	1.200000e-05	1.100000e-05	3.800000e-05	7.405000e-03	7.243000e-03	2.395000e-03	0.000000e+00	4.300000e-05	2.400000e-05	2.400000e-05	4.900000e-05
-6.600000e+00	1.700000e-05	2.100000e-05	3.473500e-02	1.300000e-05	1.100000e-05	3.800000e-05	7.432000e-03	7.307000e-03	2.580000e-03	0.000000e+00	4.500000e-05	2.400000e-05	2.400000e-05	5.000000e-05
-6.550000e+00	1.800000e-05	2.300000e-05	3.745200e-02	1.200000e-05	1.100000e-05	3.800000e-05	7.478000e-03	7.315000e-03	2.768000e-03	0.000000e+00	4.600000e-05	2.400000e-05	2.400000e-05	5.200000e-05
-6.500000e+00	2.000000e-05	2.300000e-05	4.011700e-02	1.200000e-05	1.200000e-05	3.900000e-05	7.502000e-03	7.277000e-03	2.947000e-03	0.000000e+00	4.500000e-05	2.500000e-05	2.500000e-05	5.400000e-05
-6.450000e+00	1.800000e-05	2.600000e-05	4.247100e-02	1.300000e-05	1.300000e-05	3.900000e-05	7.488000e-03	7.336000e-03	3.152000e-03	0.000000e+00	5.000000e-05	2.500000e-05	2.500000e-05	5.600000e-05
-6.400000e+00	1.700000e-05	2.900000e-05	4.490800e-02	1.400000e-05	1.300000e-05	3.800000e-05	7.545000e-03	7.406000e-03	3.236000e-03	2.000000e-06	5.300000e-05	2.500000e-05	2.500000e-05	5.800000e-05
-6.350000e+00	1.900000e-05	3.000000e-05	4.745000e-02	1.600000e-05	1.400000e-05	3.900000e-05	7.610000e-03	7.418000e-03	3.333000e-03	3.000000e-06	5.600000e-05	2.500000e-05	2.500000e-05	6.000000e-05
-6.300000e+00	1.900000e-05	3.000000e-05	4.996500e-02	1.900000e-05	1.600000e-05	4.000000e-05	7.638000e-03	7.418000e-03	3.468000e-03	4.000000e-06	6.000000e-05	2.600000e-05	2.600000e-05	6.100000e-05
-6.250000e+00	1.900000e-05	3.300000e-05	5.253000e-02	2.000000e-05	1.700000e-05	4.100000e-05	7.639000e-03	7.432000e-03	3.614000e-03	5.000000e-06	6.300000e-05	2.600000e-05	2.600000e-05	6.300000e-05
-6.200000e+00	2.200000e-05	3.900000e-05	5.519100e-02	2.100000e-05	1.900000e-05	4.100000e-05	7.635000e-03	7.463000e-03	3.742000e-03	7.000000e-06	6.500000e-05	2.600000e-05	2.600000e-05	6.500000e-05
-6.150000e+00	3.000000e-05	4.700000e-05	5.763400e-02	2.000000e-05	2.300000e-05	4.200000e-05	7.608000e-03	7.510000e-03	3.879000e-03	8.000000e-06	7.000000e-05	2.600000e-05	2.600000e-05	6.600000e-05
-6.100000e+00	4.500000e-05	7.300000e-05	6.014200e-02	2.200000e-05	2.800000e-05	4.400000e-05	7.647000e-03	7.521000e-03	4.038000e-03	1.000000e-05	7.300000e-05	2.700000e-05	2.700000e-05	6.800000e-05
-6.050000e+00	7.600000e-05	1.230000e-04	6.256600e-02	2.800000e-05	3.400000e-05	4.800000e-05	7.713000e-03	7.568000e-03	4.222000e-03	1.400000e-05	7.700000e-05	2.700000e-05	2.700000e-05	7.000000e-05
-6.000000e+00	1.480000e-04	2.270000e-04	6.501700e-02	3.600000e-05	4.300000e-05	5.500000e-05	7.801000e-03	7.671000e-03	4.406000e-03	2.100000e-05	8.300000e-05	2.700000e-05	2.800000e-05	7.100000e-05
-5.950000e+00	3.270000e-04	4.700000e-04	6.745800e-02	4.900000e-05	5.500000e-05	6.800000e-05	7.882000e-03	7.810000e-03	4.590000e-03	3.100000e-05	9.000000e-05	2.800000e-05	2.800000e-05	7.300000e-05
-5.900000e+00	7.770000e-04	1.073000e-03	6.986600e-02	7.100000e-05	7.200000e-05	9.000000e-05	7.959000e-03	7.961000e-03	4.776000e-03	5.300000e-05	9.600000e-05	2.900000e-05	2.900000e-05	7.500000e-05
-5.850000e+00	1.903000e-03	2.538000e-03	7.244300e-02	8.900000e-05	9.700000e-05	1.110000e-04	8.119000e-03	8.141000e-03	4.953000e-03	8.400000e-05	1.020000e-04	3.000000e-05	3.100000e-05	7.700000e-05
-5.800000e+00	3.719000e-03	4.576000e-03	7.468800e-02	1.210000e-04	1.250000e-04	1.500000e-04	8.343000e-03	8.346000e-03	5.190000e-03	1.110000e-04	1.120000e-04	3.200000e-05	3.300000e-05	7.900000e-05
-5.750000e+00	5.905000e-03	7.008000e-03	7.699000e-02	1.530000e-04	1.650000e-04	1.930000e-04	8.571000e-03	8.636000e-03	5.477000e-03	1.490000e-04	1.180000e-04	3.500000e-05	3.600000e-05	8.100000e-05
-5.700000e+00	8.293000e-03	9.619000e-03	7.927500e-02	1.990000e-04	2.180000e-04	2.550000e-04	8.883000e-03	8.923000e-03	5.787000e-03	2.040000e-04	1.230000e-04	3.800000e-05	3.900000e-05	8.300000e-05
-5.650000e+00	1.080400e-02	1.233000e-02	8.147600e-02	2.710000e-04	2.880000e-04	3.470000e-04	9.357000e-03	9.216000e-03	6.127000e-03	2.810000e-04	1.300000e-04	4.100000e-05	4.300000e-05	8.600000e-05
-5.600000e+00	1.336800e-02	1.513000e-02	8.363100e-02	3.790000e-04	3.820000e-04	4.770000e-04	1.002900e-02	9.578000e-03	6.528000e-03	3.840000e-04	1.420000e-04	4.500000e-05	4.700000e-05	8.900000e-05
-5.550000e+00	1.593200e-02	1.788400e-02	8.600400e-02	5.380000e-04	5.080000e-04	6.290000e-04	1.084300e-02	1.008000e-02	7.041000e-03	5.220000e-04	1.580000e-04	4.900000e-05	5.100000e-05	9.200000e-05
-5.500000e+00	1.845800e-02	2.053000e-02	8.785700e-02	7.230000e-04	6.850000e-04	8.630000e-04	1.187100e-02	1.056700e-02	7.622000e-03	6.900000e-04	1.680000e-04	5.400000e-05	5.700000e-05	9.500000e-05
-5.450000e+00	2.096500e-02	2.328000e-02	8.979300e-02	9.620000e-04	9.340000e-04	1.203000e-03	1.296300e-02	1.117800e-02	8.291000e-03	9.190000e-04	1.780000e-04	5.900000e-05	6.200000e-05	1.000000e-04
-5.400000e+00	2.346100e-02	2.603700e-02	9.170200e-02	1.275000e-03	1.262000e-03	1.714000e-03	1.426900e-02	1.195300e-02	9.059000e-03	1.232000e-03	1.980000e-04	6.500000e-05	6.900000e-05	1.040000e-04
-5.350000e+00	2.590000e-02	2.882800e-02	9.347800e-02	1.713000e-03	1.693000e-03	2.464000e-03	1.583900e-02	1.288100e-02	9.991000e-03	1.662000e-03	2.220000e-04	7.100000e-05	7.600000e-05	1.100000e-04
-5.300000e+00	2.827000e-02	3.170900e-02	9.499600e-02	2.334000e-03	2.265000e-03	3.498000e-03	1.770700e-02	1.395800e-02	1.114100e-02	2.253000e-03	2.450000e-04	7.900000e-05	8.400000e-05	1.150000e-04
-5.250000e+00	3.074000e-02	3.458700e-02	9.611000e-02	3.086000e-03	3.025000e-03	4.822000e-03	2.002900e-02	1.525100e-02	1.244100e-02	3.044000e-03	2.740000e-04	8.700000e-05	9.300000e-05	1.220000e-04
-5.200000e+00	3.303300e-02	3.754700e-02	9.738500e-02	4.067000e-03	4.060000e-03	6.503000e-03	2.282300e-02	1.707400e-02	1.394400e-02	4.049000e-03	3.010000e-04	9.600000e-05	1.040000e-04	1.300000e-04
-5.150000e+00	3.535300e-02	4.075000e-02	9.843800e-02	5.406000e-03	5.417000e-03	8.593000e-03	2.622100e-02	1.906800e-02	1.594100e-02	5.365000e-03	3.250000e-04	1.060000e-04	1.160000e-04	1.390000e-04
-5.100000e+00	3.789000e-02	4.407100e-02	9.952100e-02	7.202000e-03	7.166000e-03	1.123600e-02	3.045800e-02	2.144100e-02	1.847500e-02	7.053000e-03	3.610000e-04	1.180000e-04	1.320000e-04	1.490000e-04
-5.050000e+00	4.053100e-02	4.757600e-02	1.005600e-01	9.531000e-03	9.461000e-03	1.455400e-02	3.581200e-02	2.441600e-02	2.158000e-02	9.310000e-03	4.000000e-04	1.310000e-04	1.510000e-04	1.610000e-04
-5.000000e+00	4.303700e-02	5.136000e-02	1.014250e-01	1.248500e-02	1.250300e-02	1.866200e-02	4.255000e-02	2.813600e-02	2.534200e-02	1.241300e-02	4.260000e-04	1.470000e-04	1.760000e-04	1.750000e-04
-4.950000e+00	4.533400e-02	5.528600e-02	1.022060e-01	1.634400e-02	1.635400e-02	2.378700e-02	5.079200e-02	3.245600e-02	3.004000e-02	1.630600e-02	4.630000e-04	1.660000e-04	2.070000e-04	1.930000e-04
-4.900000e+00	4.780200e-02	5.993000e-02	1.024990e-01	2.152900e-02	2.139300e-02	3.040600e-02	6.105400e-02	3.803100e-02	3.601100e-02	2.130600e-02	5.170000e-04	1.880000e-04	2.380000e-04	2.140000e-04
-4.850000e+00	5.046100e-02	6.545800e-02	1.028640e-01	2.811200e-02	2.785000e-02	3.874900e-02	7.337800e-02	4.503800e-02	4.328100e-02	2.776100e-02	5.790000e-04	2.160000e-04	2.690000e-04	2.400000e-04
-4.800000e+00	5.299800e-02	7.293300e-02	1.031130e-01	3.643500e-02	3.622900e-02	4.924200e-02	8.835000e-02	5.350100e-02	5.232400e-02	3.614900e-02	6.590000e-04	2.510000e-04	3.050000e-04	2.730000e-04
-4.750000e+00	5.546700e-02	8.373600e-02	1.033680e-01	4.708000e-02	4.704500e-02	6.248100e-02	1.067080e-01	6.359800e-02	6.368100e-02	4.704600e-02	7.490000e-04	2.940000e-04	3.480000e-04	3.150000e-04
-4.700000e+00	5.801900e-02	9.994500e-02	1.037390e-01	6.084500e-02	6.082300e-02	7.918300e-02	1.293260e-01	7.575100e-02	7.786900e-02	6.107200e-02	8.360000e-04	3.480000e-04	4.020000e-04	3.670000e-04
-4.650000e+00	6.052200e-02	1.250890e-01	1.039930e-01	7.844200e-02	7.826000e-02	9.993600e-02	1.571400e-01	9.073200e-02	9.515600e-02	7.874500e-02	9.320000e-04	4.160000e-04	4.690000e-04	4.340000e-04
-4.600000e+00	6.304600e-02	1.413780e-01	1.041660e-01	1.005150e-01	1.005220e-01	1.254520e-01	1.920270e-01	1.089170e-01	1.166250e-01	1.006850e-01	1.055000e-03	5.030000e-04	5.550000e-04	5.200000e-04
-4.550000e+00	6.567700e-02	1.509350e-01	1.044710e-01	1.284630e-01	1.287380e-01	1.574790e-01	2.351570e-01	1.311200e-01	1.429530e-01	1.285150e-01	1.174000e-03	6.120000e-04	6.630000e-04	6.270000e-04
-4.500000e+00	6.822300e-02	1.559270e-01	1.046070e-01	1.636190e-01	1.639840e-01	1.973320e-01	2.878340e-01	1.580500e-01	1.751370e-01	1.637120e-01	1.318000e-03	7.460000e-04	7.960000e-04	7.610000e-04
-4.450000e+00	7.064400e-02	1.582740e-01	1.047120e-01	2.076080e-01	2.078700e-01	2.463510e-01	3.521390e-01	1.907980e-01	2.142770e-01	2.075890e-01	1.502000e-03	9.130000e-04	9.610000e-04	9.260000e-04
-4.400000e+00	7.302400e-02	1.594590e-01	1.049810e-01	2.623190e-01	2.625120e-01	3.061490e-01	4.308830e-01	2.306960e-01	2.616710e-01	2.616060e-01	1.725000e-03	1.120000e-03	1.167000e-03	1.132000e-03
-4.350000e+00	7.553100e-02	1.608450e-01	1.052750e-01	3.297180e-01	3.299730e-01	3.793600e-01	5.270160e-01	2.787870e-01	3.190870e-01	3.286070e-01	1.951000e-03	1.375000e-03	1.420000e-03	1.386000e-03
-4.300000e+00	7.828800e-02	1.620240e-01	1.054840e-01	4.118060e-01	4.116930e-01	4.681310e-01	6.427440e-01	3.360460e-01	3.880040e-01	4.106920e-01	2.244000e-03	1.685000e-03	1.729000e-03	1.695000e-03
-4.250000e+00	8.102800e-02	1.626390e-01	1.058520e-01	5.114640e-01	5.108920e-01	5.759000e-01	7.820870e-01	4.045210e-01	4.707180e-01	5.100190e-01	2.610000e-03	2.061000e-03	2.103000e-03	2.069000e-03
-4.200000e+00	8.369200e-02	1.630870e-01	1.064170e-01	6.319620e-01	6.312800e-01	7.052540e-01	9.484170e-01	4.858440e-01	5.687990e-01	6.305500e-01	3.042000e-03	2.513000e-03	2.554000e-03	2.520000e-03
-4.150000e+00	8.635100e-02	1.634190e-01	1.071600e-01	7.767420e-01	7.761980e-01	8.594630e-01	1.145731e+00	5.818620e-01	6.843370e-01	7.753160e-01	3.547000e-03	3.055000e-03	3.094000e-03	3.060000e-03
-4.100000e+00	8.906200e-02	1.635980e-01	1.080300e-01	9.494580e-01	9.488130e-01	1.042615e+00	1.378968e+00	6.944240e-01	8.199040e-01	9.472160e-01	4.141000e-03	3.699000e-03	3.736000e-03	3.704000e-03
-4.050000e+00	9.169000e-02	1.637500e-01	1.089500e-01	1.154262e+00	1.153381e+00	1.259488e+00	1.654439e+00	8.248520e-01	9.781380e-01	1.152229e+00	4.811000e-03	4.461000e-03	4.497000e-03	4.465000e-03
-4.000000e+00	9.446300e-02	1.643550e-01	1.097800e-01	1.393326e+00	1.391527e+00	1.511734e+00	1.976171e+00	9.753580e-01	1.161700e+00	1.389855e+00	5.603000e-03	5.351000e-03	5.385000e-03	5.353000e-03
-3.950000e+00	9.739400e-02	1.647780e-01	1.108810e-01	1.671553e+00	1.668900e+00	1.804935e+00	2.348606e+00	1.148965e+00	1.372772e+00	1.666614e+00	6.546000e-03	6.384000e-03	6.417000e-03	6.386000e-03
-3.900000e+00	1.003530e-01	1.651170e-01	1.121710e-01	1.992282e+00	1.989662e+00	2.143182e+00	2.777982e+00	1.348247e+00	1.614674e+00	1.986551e+00	7.643000e-03	7.577000e-03	7.608000e-03	7.578000e-03
-3.850000e+00	1.033970e-01	1.656850e-01	1.134620e-01	2.360024e+00	2.358219e+00	2.530778e+00	3.269873e+00	1.575069e+00	1.889662e+00	2.354163e+00	8.913000e-03	8.947000e-03	8.977000e-03	8.948000e-03
-3.800000e+00	1.065620e-01	1.666460e-01	1.146910e-01	2.779853e+00	2.779281e+00	2.971984e+00	3.828874e+00	1.831061e+00	2.199876e+00	2.773902e+00	1.036900e-02	1.050900e-02	1.053700e-02	1.050900e-02
-3.750000e+00	1.096000e-01	1.676530e-01	1.161560e-01	3.255445e+00	3.257923e+00	3.470444e+00	4.458584e+00	2.118959e+00	2.549831e+00	3.248966e+00	1.196100e-02	1.227500e-02	1.230200e-02	1.227500e-02
-3.700000e+00	1.129950e-01	1.685450e-01	1.180910e-01	3.784600e+00	3.786299e+00	4.025301e+00	5.160292e+00	2.438773e+00	2.939749e+00	3.777300e+00	1.377500e-02	1.423500e-02	1.426100e-02	1.423500e-02
-3.650000e+00	1.166120e-01	1.695800e-01	1.200370e-01	4.373985e+00	4.375056e+00	4.643362e+00	5.941049e+00	2.793523e+00	3.373404e+00	4.364513e+00	1.574600e-02	1.641300e-02	1.643700e-02	1.641200e-02
-3.600000e+00	1.201560e-01	1.704310e-01	1.222940e-01	5.023554e+00	5.023139e+00	5.323468e+00	6.803596e+00	3.185289e+00	3.851948e+00	5.012452e+00	1.791300e-02	1.881300e-02	1.883500e-02	1.881200e-02
-3.550000e+00	1.235460e-01	1.714900e-01	1.248800e-01	5.733138e+00	5.730830e+00	6.067418e+00	7.747816e+00	3.616335e+00	4.376057e+00	5.720686e+00	2.033000e-02	2.143700e-02	2.145700e-02	2.143600e-02
-3.500000e+00	1.268930e-01	1.729910e-01	1.277200e-01	6.502112e+00	6.498384e+00	6.877715e+00	8.772215e+00	4.088025e+00	4.946645e+00	6.487876e+00	2.300400e-02	2.428200e-02	2.430100e-02	2.428200e-02
-3.450000e+00	1.304560e-01	1.740970e-01	1.308610e-01	7.328449e+00	7.322638e+00	7.752041e+00	9.877309e+00	4.598852e+00	5.566134e+00	7.314843e+00	2.577200e-02	2.734300e-02	2.736100e-02	2.734400e-02
-3.400000e+00	1.344060e-01	1.754400e-01	1.342450e-01	8.196605e+00	8.190209e+00	8.673903e+00	1.105097e+01	5.143080e+00	6.225309e+00	8.181984e+00	2.873900e-02	3.056400e-02	3.057900e-02	3.056500e-02
-3.350000e+00	1.381640e-01	1.768820e-01	1.376730e-01	9.112329e+00	9.104904e+00	9.647773e+00	1.229162e+01	5.725395e+00	6.928557e+00	9.093890e+00	3.185300e-02	3.396000e-02	3.397400e-02	3.396300e-02
-3.300000e+00	1.418790e-01	1.782860e-01	1.413760e-01	1.006877e+01	1.006018e+01	1.066678e+01	1.359443e+01	6.344109e+00	7.673981e+00	1.004606e+01	3.513300e-02	3.750900e-02	3.752200e-02	3.751400e-02
-3.250000e+00	1.458000e-01	1.796720e-01	1.457430e-01	1.105749e+01	1.104820e+01	1.172483e+01	1.495339e+01	6.996565e+00	8.458727e+00	1.103056e+01	3.855500e-02	4.118200e-02	4.119300e-02	4.118900e-02
-3.200000e+00	1.500080e-01	1.811270e-01	1.508940e-01	1.206881e+01	1.205925e+01	1.281497e+01	1.635976e+01	7.678937e+00	9.278098e+00	1.203714e+01	4.207400e-02	4.494300e-02	4.495300e-02	4.495200e-02
-3.150000e+00	1.540930e-01	1.827080e-01	1.561780e-01	1.309249e+01	1.308075e+01	1.392644e+01	1.779974e+01	8.385992e+00	1.012424e+01	1.305558e+01	4.566600e-02	4.875200e-02	4.876000e-02	4.876400e-02
-3.100000e+00	1.580640e-01	1.839490e-01	1.611300e-01	1.409101e+01	1.408407e+01	1.503172e+01	1.923275e+01	9.102872e+00	1.097980e+01	1.405783e+01	4.926200e-02	5.249800e-02	5.250500e-02	5.251300e-02
-3.050000e+00	1.621660e-01	1.853240e-01	1.667680e-01	1.507970e+01	1.507448e+01	1.613122e+01	2.067292e+01	9.834785e+00	1.184765e+01	1.504514e+01	5.284600e-02	5.619100e-02	5.619700e-02	5.621100e-02
-3.000000e+00	1.660640e-01	1.868030e-01	1.731570e-01	1.604383e+01	1.603663e+01	1.721509e+01	2.210593e+01	1.057591e+01	1.272149e+01	1.600556e+01	5.640300e-02	5.978800e-02	5.979200e-02	5.981300e-02
-2.950000e+00	1.697740e-01	1.884240e-01	1.802510e-01	1.696829e+01	1.695773e+01	1.827274e+01	2.351589e+01	1.131898e+01	1.359139e+01	1.692680e+01	5.991800e-02	6.323800e-02	6.324100e-02	6.326900e-02
-2.900000e+00	1.734740e-01	1.900850e-01	1.879950e-01	1.783951e+01	1.782660e+01	1.929333e+01	2.488600e+01	1.205564e+01	1.444621e+01	1.779600e+01	6.334100e-02	6.649100e-02	6.649200e-02	6.652800e-02
-2.850000e+00	1.772870e-01	1.913290e-01	1.964680e-01	1.864761e+01	1.863189e+01	2.026631e+01	2.619939e+01	1.277693e+01	1.527732e+01	1.859942e+01	6.655800e-02	6.949400e-02	6.949300e-02	6.953800e-02
-2.800000e+00	1.807140e-01	1.923080e-01	2.054850e-01	1.934838e+01	1.933126e+01	2.115421e+01	2.741153e+01	1.345603e+01	1.605479e+01	1.929794e+01	6.958500e-02	7.209200e-02	7.208900e-02	7.214400e-02
-2.750000e+00	1.842360e-01	1.929360e-01	2.154320e-01	1.995914e+01	1.993648e+01	2.197160e+01	2.854748e+01	1.410496e+01	1.679197e+01	1.990471e+01	7.233100e-02	7.433700e-02	7.433300e-02	7.439900e-02
-2.700000e+00	1.874530e-01	1.937480e-01	2.263530e-01	2.047255e+01	2.044694e+01	2.270357e+01	2.959098e+01	1.470932e+01	1.747526e+01	2.041533e+01	7.483200e-02	7.619300e-02	7.618700e-02	7.626600e-02
-2.650000e+00	1.903790e-01	1.944830e-01	2.382050e-01	2.088279e+01	2.085676e+01	2.334798e+01	3.052741e+01	1.526133e+01	1.809078e+01	2.082468e+01	7.710900e-02	7.762600e-02	7.761900e-02	7.771300e-02
-2.600000e+00	1.931950e-01	1.948450e-01	2.509530e-01	2.118554e+01	2.115967e+01	2.390755e+01	3.134479e+01	1.575575e+01	1.862638e+01	2.112747e+01	7.918800e-02	7.861200e-02	7.860400e-02	7.871300e-02
-2.550000e+00	1.959770e-01	1.952710e-01	2.647000e-01	2.137784e+01	2.135479e+01	2.438006e+01	3.203478e+01	1.618456e+01	1.907394e+01	2.131904e+01	8.111700e-02	7.913200e-02	7.912200e-02	7.924900e-02
-2.500000e+00	1.982220e-01	1.953170e-01	2.806540e-01	2.143944e+01	2.141427e+01	2.473615e+01	3.253952e+01	1.651898e+01	1.940036e+01	2.137710e+01	8.270900e-02	7.907100e-02	7.905900e-02	7.920600e-02
-2.450000e+00	2.002030e-01	1.951120e-01	2.981820e-01	2.140078e+01	2.137190e+01	2.500641e+01	3.286563e+01	1.676958e+01	1.962667e+01	2.133517e+01	8.393300e-02	7.855800e-02	7.854500e-02	7.871300e-02
-2.400000e+00	2.020540e-01	1.948260e-01	3.175150e-01	2.126775e+01	2.123429e+01	2.519525e+01	3.296754e+01	1.693795e+01	1.975576e+01	2.119992e+01	8.507600e-02	7.761100e-02	7.759600e-02	7.778900e-02
-2.350000e+00	2.040310e-01	1.942320e-01	3.389460e-01	2.104463e+01	2.100703e+01	2.530604e+01	3.281023e+01	1.702360e+01	1.978412e+01	2.097512e+01	8.605100e-02	7.625300e-02	7.623600e-02	7.645600e-02
-2.300000e+00	2.061770e-01	1.932210e-01	3.627930e-01	2.073728e+01	2.069660e+01	2.534077e+01	3.238138e+01	1.702463e+01	1.970815e+01	2.066602e+01	8.675600e-02	7.451200e-02	7.449400e-02	7.474200e-02
-2.250000e+00	2.079580e-01	1.923260e-01	3.893370e-01	2.035598e+01	2.031227e+01	2.529995e+01	3.170153e+01	1.693856e+01	1.953067e+01	2.028340e+01	8.745900e-02	7.242900e-02	7.241000e-02	7.268800e-02
-2.200000e+00	2.092030e-01	1.911580e-01	4.190370e-01	1.989325e+01	1.984439e+01	2.516556e+01	3.076318e+01	1.674444e+01	1.922214e+01	1.981330e+01	8.793500e-02	6.995200e-02	6.993100e-02	7.024300e-02
-2.150000e+00	2.105340e-01	1.899730e-01	4.521990e-01	1.937305e+01	1.932275e+01	2.494909e+01	2.968534e+01	1.646885e+01	1.880990e+01	1.928984e+01	8.814800e-02	6.722100e-02	6.719800e-02	6.754700e-02
-2.100000e+00	2.116980e-01	1.886930e-01	4.885510e-01	1.880491e+01	1.875326e+01	2.463174e+01	2.854215e+01	1.611051e+01	1.830446e+01	1.872051e+01	8.825900e-02	6.427100e-02	6.424800e-02	6.463400e-02
-2.050000e+00	2.127460e-01	1.873090e-01	5.281070e-01	1.819515e+01	1.814050e+01	2.419289e+01	2.736074e+01	1.568010e+01	1.771306e+01	1.811030e+01	8.832000e-02	6.114100e-02	6.111600e-02	6.154200e-02
-2.000000e+00	2.137730e-01	1.857550e-01	5.711890e-01	1.754867e+01	1.748970e+01	2.360971e+01	2.613390e+01	1.518974e+01	1.704454e+01	1.746323e+01	8.827100e-02	5.786900e-02	5.784200e-02	5.831100e-02
-1.950000e+00	2.146490e-01	1.837800e-01	6.184220e-01	1.687052e+01	1.680841e+01	2.285750e+01	2.483247e+01	1.464386e+01	1.631323e+01	1.678374e+01	8.792000e-02	5.449200e-02	5.446400e-02	5.497600e-02
-1.900000e+00	2.157410e-01	1.824480e-01	6.694250e-01	1.616151e+01	1.609183e+01	2.183585e+01	2.340853e+01	1.403121e+01	1.551527e+01	1.607232e+01	8.802600e-02	5.097500e-02	5.094600e-02	5.150500e-02
-1.850000e+00	2.160820e-01	1.805470e-01	7.241650e-01	1.543398e+01	1.535936e+01	2.067355e+01	2.191656e+01	1.338130e+01	1.468841e+01	1.534099e+01	8.785300e-02	4.742600e-02	4.739500e-02	4.800200e-02
-1.800000e+00	2.163570e-01	1.788430e-01	7.824820e-01	1.469164e+01	1.461508e+01	1.952376e+01	2.037841e+01	1.270113e+01	1.384246e+01	1.459590e+01	8.740200e-02	4.387600e-02	4.384400e-02	4.450000e-02
-1.750000e+00	2.167780e-01	1.772700e-01	8.440130e-01	1.394141e+01	1.386260e+01	1.843165e+01	1.881207e+01	1.199665e+01	1.298180e+01	1.384240e+01	8.675100e-02	4.035700e-02	4.032300e-02	4.102800e-02
-1.700000e+00	2.173370e-01	1.755200e-01	9.086080e-01	1.318919e+01	1.310645e+01	1.737474e+01	1.723548e+01	1.127431e+01	1.211036e+01	1.308632e+01	8.600300e-02	3.689800e-02	3.686300e-02	3.761600e-02
-1.650000e+00	2.180710e-01	1.736030e-01	9.769590e-01	1.243681e+01	1.235313e+01	1.629610e+01	1.566885e+01	1.054210e+01	1.123526e+01	1.233479e+01	8.523100e-02	3.352700e-02	3.349200e-02	3.429200e-02
-1.600000e+00	2.182690e-01	1.721190e-01	1.047181e+00	1.167867e+01	1.159500e+01	1.516026e+01	1.409203e+01	9.797082e+00	1.035210e+01	1.157951e+01	8.375000e-02	3.022100e-02	3.018400e-02	3.103200e-02
-1.550000e+00	2.188470e-01	1.705390e-01	1.119599e+00	1.092860e+01	1.085036e+01	1.400732e+01	1.255492e+01	9.056189e+00	9.482874e+00	1.083386e+01	8.211800e-02	2.705300e-02	2.701500e-02	2.791000e-02
-1.500000e+00	2.196050e-01	1.686880e-01	1.193851e+00	1.018905e+01	1.011683e+01	1.284639e+01	1.107412e+01	8.325593e+00	8.632898e+00	1.010242e+01	8.034500e-02	2.404600e-02	2.400600e-02	2.494300e-02
-1.450000e+00	2.202000e-01	1.667500e-01	1.269291e+00	9.463643e+00	9.399086e+00	1.168957e+01	9.666180e+00	7.611705e+00	7.809896e+00	9.387421e+00	7.828500e-02	2.121400e-02	2.117300e-02	2.214800e-02
-1.400000e+00	2.204560e-01	1.648850e-01	1.345219e+00	8.756292e+00	8.702042e+00	1.054844e+01	8.345142e+00	6.919811e+00	7.020498e+00	8.690886e+00	7.582800e-02	1.857000e-02	1.852800e-02	1.953500e-02
-1.350000e+00	2.206740e-01	1.628820e-01	1.421234e+00	8.070613e+00	8.026360e+00	9.432114e+00	7.121373e+00	6.253319e+00	6.268296e+00	8.015989e+00	7.306700e-02	1.612100e-02	1.607800e-02	1.711000e-02
-1.300000e+00	2.207400e-01	1.607200e-01	1.494296e+00	7.394405e+00	7.364919e+00	8.333913e+00	5.984821e+00	5.607668e+00	5.550794e+00	7.357650e+00	7.014400e-02	1.383800e-02	1.379500e-02	1.484800e-02
-1.250000e+00	2.206420e-01	1.590300e-01	1.563269e+00	6.741453e+00	6.728808e+00	7.288470e+00	4.968110e+00	4.993646e+00	4.879443e+00	6.723715e+00	6.709300e-02	1.176600e-02	1.172100e-02	1.278700e-02
-1.200000e+00	2.203390e-01	1.571590e-01	1.628215e+00	6.114018e+00	6.119477e+00	6.300370e+00	4.070469e+00	4.415759e+00	4.255059e+00	6.115309e+00	6.402600e-02	9.903000e-03	9.858000e-03	1.092500e-02
-1.150000e+00	2.199430e-01	1.550970e-01	1.687437e+00	5.514456e+00	5.537778e+00	5.376848e+00	3.290722e+00	3.875396e+00	3.679457e+00	5.532957e+00	6.084200e-02	8.247000e-03	8.201000e-03	9.258000e-03
-1.100000e+00	2.195170e-01	1.530440e-01	1.739052e+00	4.944288e+00	4.984563e+00	4.526000e+00	2.624671e+00	3.373085e+00	3.154338e+00	4.978475e+00	5.744700e-02	6.790000e-03	6.744000e-03	7.778000e-03
-1.050000e+00	2.188900e-01	1.510170e-01	1.782972e+00	4.403779e+00	4.461003e+00	3.755180e+00	2.064644e+00	2.909688e+00	2.680603e+00	4.455793e+00	5.392400e-02	5.524000e-03	5.478000e-03	6.476000e-03
-1.000000e+00	2.181530e-01	1.485440e-01	1.811897e+00	3.886656e+00	3.961173e+00	3.056192e+00	1.595073e+00	2.479877e+00	2.248887e+00	3.957950e+00	4.951600e-02	4.422000e-03	4.376000e-03	5.328000e-03
-9.500000e-01	2.171960e-01	1.461560e-01	1.827934e+00	3.401023e+00	3.492741e+00	2.446208e+00	1.212401e+00	2.093023e+00	1.867586e+00	3.489028e+00	4.540600e-02	3.492000e-03	3.446000e-03	4.339000e-03
-9.000000e-01	2.156840e-01	1.435990e-01	1.829742e+00	2.948289e+00	3.054633e+00	1.924348e+00	9.058490e-01	1.746963e+00	1.533498e+00	3.051280e+00	4.152400e-02	2.718000e-03	2.672000e-03	3.494000e-03
-8.500000e-01	2.136640e-01	1.408280e-01	1.815036e+00	2.530141e+00	2.647257e+00	1.486897e+00	6.649220e-01	1.440316e+00	1.244108e+00	2.644599e+00	3.781100e-02	2.084000e-03	2.039000e-03	2.778000e-03
-8.000000e-01	2.112820e-01	1.378750e-01	1.782158e+00	2.147495e+00	2.271439e+00	1.127983e+00	4.790890e-01	1.171685e+00	9.965150e-01	2.268894e+00	3.411400e-02	1.574000e-03	1.530000e-03	2.179000e-03
-7.500000e-01	2.085050e-01	1.347340e-01	1.731598e+00	1.800160e+00	1.927796e+00	8.400860e-01	3.382200e-01	9.392780e-01	7.871540e-01	1.925122e+00	3.015500e-02	1.172000e-03	1.129000e-03	1.684000e-03
-7.000000e-01	2.052580e-01	1.313940e-01	1.655886e+00	1.482962e+00	1.611241e+00	6.109890e-01	2.318670e-01	7.380800e-01	6.091840e-01	1.608733e+00	2.690900e-02	8.570000e-04	8.150000e-04	1.263000e-03
-6.500000e-01	2.017030e-01	1.280040e-01	1.559534e+00	1.201151e+00	1.326134e+00	4.349790e-01	1.550700e-01	5.703190e-01	4.629430e-01	1.324305e+00	2.341200e-02	6.190000e-04	5.780000e-04	9.270000e-04
-6.000000e-01	1.974260e-01	1.240480e-01	1.445025e+00	9.555500e-01	1.072531e+00	3.028520e-01	1.007970e-01	4.316950e-01	3.449160e-01	1.071811e+00	2.009300e-02	4.440000e-04	4.040000e-04	6.620000e-04
-5.500000e-01	1.926920e-01	1.198790e-01	1.314323e+00	7.450260e-01	8.503030e-01	2.063310e-01	6.356000e-02	3.197120e-01	2.517440e-01	8.504500e-01	1.720900e-02	3.170000e-04	2.790000e-04	4.550000e-04
-5.000000e-01	1.876230e-01	1.157850e-01	1.170406e+00	5.678080e-01	6.589610e-01	1.375460e-01	3.879200e-02	2.315770e-01	1.796820e-01	6.594080e-01	1.473600e-02	2.280000e-04	1.920000e-04	3.000000e-04
-4.500000e-01	1.814910e-01	1.112220e-01	1.018137e+00	4.219000e-01	4.975520e-01	8.946800e-02	2.280000e-02	1.638300e-01	1.248620e-01	4.979490e-01	1.239700e-02	1.660000e-04	1.320000e-04	1.880000e-04
-4.000000e-01	1.742530e-01	1.062010e-01	8.547950e-01	3.014900e-01	3.617140e-01	5.623000e-02	1.259000e-02	1.116830e-01	8.403300e-02	3.616010e-01	1.001000e-02	1.250000e-04	9.200000e-05	1.110000e-04
-3.500000e-01	1.668990e-01	1.013610e-01	6.930040e-01	2.080370e-01	2.527750e-01	3.432300e-02	6.429000e-03	8.199300e-02	5.481200e-02	2.527250e-01	8.276000e-03	8.800000e-05	6.100000e-05	6.200000e-05
-3.000000e-01	1.591950e-01	9.621900e-02	5.384360e-01	1.378890e-01	1.684260e-01	2.054300e-02	3.005000e-03	5.828900e-02	3.455100e-02	1.686110e-01	6.527000e-03	3.300000e-05	2.500000e-05	2.400000e-05
-2.500000e-01	1.514640e-01	9.091800e-02	4.009850e-01	8.804500e-02	1.070170e-01	1.223300e-02	1.282000e-03	3.971900e-02	2.107200e-02	1.072050e-01	4.998000e-03	8.000000e-06	7.000000e-06	7.000000e-06
-2.000000e-01	1.434310e-01	8.553000e-02	2.789980e-01	5.305100e-02	6.292600e-02	7.499000e-03	4.910000e-04	2.775500e-02	1.232000e-02	6.294200e-02	3.649000e-03	3.000000e-06	3.000000e-06	3.000000e-06
-1.500000e-01	1.353790e-01	8.001400e-02	1.826390e-01	3.050700e-02	3.419700e-02	4.878000e-03	1.840000e-04	1.905700e-02	6.865000e-03	3.427400e-02	4.056000e-03	0.000000e+00	0.000000e+00	0.000000e+00
-1.000000e-01	1.273470e-01	7.442900e-02	1.126770e-01	1.719500e-02	1.727600e-02	3.431000e-03	6.900000e-05	5.927000e-03	3.411000e-03	1.726700e-02	5.145200e-02	0.000000e+00	0.000000e+00	0.000000e+00
-5.000000e-02	1.190490e-01	6.850800e-02	7.007800e-02	9.986000e-03	8.727000e-03	2.502000e-03	2.800000e-05	2.292000e-03	1.515000e-03	8.694000e-03	2.810377e+00	0.000000e+00	0.000000e+00	0.000000e+00
0.000000e+00	1.140690e-01	6.490200e-02	5.356000e-02	7.258000e-03	5.713000e-03	2.043000e-03	1.600000e-05	1.291000e-03	8.450000e-04	5.652000e-03	7.044114e+01	0.000000e+00	0.000000e+00	0.000000e+00
