-8.900000e+00	1.300000e-05	1.300000e-05	1.300000e-05	1.300000e-05	1.300000e-05	3.500000e-05	2.530000e-04	1.810000e-04	1.560000e-04	0.000000e+00	3.200000e-05	2.600000e-05	2.600000e-05	2.600000e-05
-8.850000e+00	1.600000e-05	1.500000e-05	1.600000e-05	1.600000e-05	1.500000e-05	4.200000e-05	2.920000e-04	2.040000e-04	1.850000e-04	0.000000e+00	3.800000e-05	3.100000e-05	3.100000e-05	3.100000e-05
-8.800000e+00	1.800000e-05	1.800000e-05	1.900000e-05	1.800000e-05	1.800000e-05	4.900000e-05	3.500000e-04	2.340000e-04	2.170000e-04	0.000000e+00	4.400000e-05	3.700000e-05	3.700000e-05	3.700000e-05
-8.750000e+00	2.200000e-05	2.200000e-05	2.300000e-05	2.200000e-05	2.100000e-05	5.800000e-05	4.170000e-04	2.760000e-04	2.530000e-04	0.000000e+00	5.100000e-05	4.300000e-05	4.300000e-05	4.300000e-05
-8.700000e+00	2.600000e-05	2.500000e-05	2.700000e-05	2.500000e-05	2.500000e-05	6.800000e-05	4.730000e-04	3.150000e-04	2.930000e-04	0.000000e+00	5.900000e-05	5.100000e-05	5.100000e-05	5.100000e-05
-8.650000e+00	3.000000e-05	3.000000e-05	3.100000e-05	2.900000e-05	2.900000e-05	7.800000e-05	5.260000e-04	3.510000e-04	3.370000e-04	0.000000e+00	6.800000e-05	5.900000e-05	5.900000e-05	5.900000e-05
-8.600000e+00	3.500000e-05	3.500000e-05	3.400000e-05	3.400000e-05	3.400000e-05	9.000000e-05	5.980000e-04	3.930000e-04	3.860000e-04	0.000000e+00	7.800000e-05	6.800000e-05	6.800000e-05	6.800000e-05
-8.550000e+00	3.900000e-05	4.000000e-05	3.900000e-05	3.900000e-05	3.900000e-05	1.020000e-04	6.730000e-04	4.400000e-04	4.390000e-04	0.000000e+00	8.900000e-05	7.700000e-05	7.700000e-05	7.700000e-05
-8.500000e+00	4.400000e-05	4.400000e-05	4.400000e-05	4.400000e-05	4.400000e-05	1.130000e-04	7.550000e-04	5.050000e-04	4.920000e-04	0.000000e+00	1.000000e-04	8.800000e-05	8.800000e-05	8.800000e-05
-8.450000e+00	4.900000e-05	4.900000e-05	4.900000e-05	5.000000e-05	4.800000e-05	1.250000e-04	8.570000e-04	5.690000e-04	5.470000e-04	0.000000e+00	1.120000e-04	9.900000e-05	9.900000e-05	9.900000e-05
-8.400000e+00	5.400000e-05	5.500000e-05	5.400000e-05	5.600000e-05	5.400000e-05	1.390000e-04	9.570000e-04	6.320000e-04	6.070000e-04	0.000000e+00	1.250000e-04	1.100000e-04	1.100000e-04	1.110000e-04
-8.350000e+00	6.100000e-05	6.200000e-05	6.100000e-05	6.100000e-05	6.000000e-05	1.540000e-04	1.063000e-03	7.040000e-04	6.740000e-04	0.000000e+00	1.400000e-04	1.240000e-04	1.240000e-04	1.240000e-04
-8.300000e+00	6.800000e-05	7.000000e-05	6.900000e-05	6.800000e-05	6.700000e-05	1.700000e-04	1.193000e-03	7.920000e-04	7.470000e-04	0.000000e+00	1.560000e-04	1.380000e-04	1.380000e-04	1.390000e-04
-8.250000e+00	7.600000e-05	7.600000e-05	7.700000e-05	7.500000e-05	7.400000e-05	1.870000e-04	1.334000e-03	8.780000e-04	8.220000e-04	0.000000e+00	1.730000e-04	1.530000e-04	1.530000e-04	1.550000e-04
-8.200000e+00	8.400000e-05	8.300000e-05	8.400000e-05	8.300000e-05	8.200000e-05	2.050000e-04	1.497000e-03	9.790000e-04	9.020000e-04	0.000000e+00	1.910000e-04	1.690000e-04	1.690000e-04	1.720000e-04
-8.150000e+00	9.200000e-05	9.000000e-05	9.200000e-05	9.000000e-05	8.900000e-05	2.230000e-04	1.659000e-03	1.075000e-03	9.780000e-04	0.000000e+00	2.070000e-04	1.830000e-04	1.830000e-04	1.900000e-04
-8.100000e+00	1.000000e-04	9.800000e-05	1.010000e-04	9.700000e-05	9.600000e-05	2.420000e-04	1.837000e-03	1.185000e-03	1.061000e-03	0.000000e+00	2.250000e-04	1.980000e-04	1.980000e-04	2.100000e-04
-8.050000e+00	1.080000e-04	1.070000e-04	1.100000e-04	1.050000e-04	1.040000e-04	2.620000e-04	2.036000e-03	1.312000e-03	1.150000e-03	0.000000e+00	2.440000e-04	2.150000e-04	2.150000e-04	2.340000e-04
-8.000000e+00	1.160000e-04	1.150000e-04	1.210000e-04	1.140000e-04	1.120000e-04	2.830000e-04	2.260000e-03	1.457000e-03	1.245000e-03	1.000000e-06	2.650000e-04	2.320000e-04	2.320000e-04	2.620000e-04
-7.950000e+00	1.230000e-04	1.230000e-04	1.350000e-04	1.230000e-04	1.210000e-04	3.050000e-04	2.513000e-03	1.615000e-03	1.354000e-03	0.000000e+00	2.880000e-04	2.490000e-04	2.490000e-04	2.910000e-04
-7.900000e+00	1.300000e-04	1.320000e-04	1.500000e-04	1.320000e-04	1.290000e-04	3.270000e-04	2.811000e-03	1.791000e-03	1.473000e-03	2.000000e-06	3.110000e-04	2.680000e-04	2.680000e-04	3.270000e-04
-7.850000e+00	1.380000e-04	1.410000e-04	1.710000e-04	1.400000e-04	1.370000e-04	3.510000e-04	3.110000e-03	1.959000e-03	1.584000e-03	3.000000e-06	3.340000e-04	2.860000e-04	2.860000e-04	3.630000e-04
-7.800000e+00	1.470000e-04	1.510000e-04	1.990000e-04	1.480000e-04	1.450000e-04	3.750000e-04	3.411000e-03	2.140000e-03	1.698000e-03	4.000000e-06	3.580000e-04	3.040000e-04	3.040000e-04	4.020000e-04
-7.750000e+00	1.560000e-04	1.590000e-04	2.310000e-04	1.580000e-04	1.540000e-04	3.990000e-04	3.722000e-03	2.339000e-03	1.815000e-03	5.000000e-06	3.830000e-04	3.220000e-04	3.220000e-04	4.470000e-04
-7.700000e+00	1.640000e-04	1.680000e-04	2.640000e-04	1.680000e-04	1.630000e-04	4.230000e-04	4.051000e-03	2.549000e-03	1.934000e-03	6.000000e-06	4.100000e-04	3.410000e-04	3.410000e-04	5.010000e-04
-7.650000e+00	1.730000e-04	1.790000e-04	3.020000e-04	1.780000e-04	1.720000e-04	4.470000e-04	4.388000e-03	2.766000e-03	2.059000e-03	8.000000e-06	4.370000e-04	3.590000e-04	3.590000e-04	5.610000e-04
-7.600000e+00	1.810000e-04	1.850000e-04	3.520000e-04	1.860000e-04	1.810000e-04	4.710000e-04	4.755000e-03	3.025000e-03	2.197000e-03	7.000000e-06	4.640000e-04	3.760000e-04	3.760000e-04	6.220000e-04
-7.550000e+00	1.890000e-04	1.910000e-04	4.250000e-04	1.950000e-04	1.900000e-04	4.960000e-04	5.141000e-03	3.326000e-03	2.332000e-03	6.000000e-06	4.920000e-04	3.940000e-04	3.940000e-04	7.060000e-04
-7.500000e+00	1.990000e-04	1.980000e-04	5.250000e-04	2.070000e-04	2.000000e-04	5.210000e-04	5.522000e-03	3.631000e-03	2.475000e-03	7.000000e-06	5.200000e-04	4.110000e-04	4.110000e-04	8.000000e-04
-7.450000e+00	2.090000e-04	2.060000e-04	6.680000e-04	2.200000e-04	2.110000e-04	5.470000e-04	5.886000e-03	3.950000e-03	2.622000e-03	1.100000e-05	5.480000e-04	4.280000e-04	4.280000e-04	9.120000e-04
-7.400000e+00	2.170000e-04	2.120000e-04	9.020000e-04	2.310000e-04	2.250000e-04	5.760000e-04	6.239000e-03	4.309000e-03	2.774000e-03	1.800000e-05	5.780000e-04	4.450000e-04	4.450000e-04	1.056000e-03
-7.350000e+00	2.280000e-04	2.200000e-04	1.364000e-03	2.450000e-04	2.370000e-04	6.070000e-04	6.602000e-03	4.714000e-03	2.937000e-03	2.400000e-05	6.090000e-04	4.610000e-04	4.610000e-04	1.235000e-03
-7.300000e+00	2.360000e-04	2.280000e-04	2.421000e-03	2.670000e-04	2.550000e-04	6.340000e-04	6.876000e-03	5.167000e-03	3.105000e-03	3.300000e-05	6.380000e-04	4.760000e-04	4.760000e-04	1.483000e-03
-7.250000e+00	2.430000e-04	2.370000e-04	4.854000e-03	2.890000e-04	2.740000e-04	6.650000e-04	7.121000e-03	5.615000e-03	3.286000e-03	4.600000e-05	6.640000e-04	4.900000e-04	4.900000e-04	1.795000e-03
-7.200000e+00	2.530000e-04	2.490000e-04	1.009100e-02	3.140000e-04	2.940000e-04	6.980000e-04	7.303000e-03	6.107000e-03	3.456000e-03	6.400000e-05	6.870000e-04	5.040000e-04	5.040000e-04	2.145000e-03
-7.150000e+00	2.720000e-04	2.680000e-04	1.908500e-02	3.470000e-04	3.170000e-04	7.360000e-04	7.469000e-03	6.632000e-03	3.628000e-03	8.500000e-05	7.060000e-04	5.170000e-04	5.180000e-04	2.465000e-03
-7.100000e+00	3.060000e-04	3.020000e-04	2.931300e-02	3.890000e-04	3.470000e-04	7.830000e-04	7.670000e-03	7.125000e-03	3.814000e-03	1.080000e-04	7.200000e-04	5.310000e-04	5.310000e-04	2.698000e-03
-7.050000e+00	3.750000e-04	3.690000e-04	3.530900e-02	4.150000e-04	3.820000e-04	8.430000e-04	7.866000e-03	7.495000e-03	3.978000e-03	1.390000e-04	7.320000e-04	5.470000e-04	5.470000e-04	2.884000e-03
-7.000000e+00	5.420000e-04	5.500000e-04	3.882800e-02	4.610000e-04	4.420000e-04	9.030000e-04	8.001000e-03	7.700000e-03	4.149000e-03	1.950000e-04	7.430000e-04	5.700000e-04	5.710000e-04	3.044000e-03
-6.950000e+00	9.550000e-04	9.800000e-04	4.164700e-02	5.210000e-04	5.200000e-04	9.880000e-04	8.209000e-03	7.897000e-03	4.372000e-03	2.690000e-04	7.560000e-04	6.090000e-04	6.120000e-04	3.202000e-03
-6.900000e+00	1.898000e-03	1.957000e-03	4.420700e-02	6.110000e-04	6.260000e-04	1.110000e-03	8.452000e-03	8.152000e-03	4.641000e-03	3.660000e-04	7.700000e-04	6.800000e-04	6.870000e-04	3.359000e-03
-6.850000e+00	3.612000e-03	3.717000e-03	4.681200e-02	7.340000e-04	7.580000e-04	1.264000e-03	8.715000e-03	8.436000e-03	4.938000e-03	4.880000e-04	7.840000e-04	7.870000e-04	7.990000e-04	3.515000e-03
-6.800000e+00	5.820000e-03	5.953000e-03	4.953200e-02	8.930000e-04	9.070000e-04	1.445000e-03	8.999000e-03	8.691000e-03	5.258000e-03	6.350000e-04	7.990000e-04	9.240000e-04	9.410000e-04	3.670000e-03
-6.750000e+00	8.195000e-03	8.467000e-03	5.212400e-02	1.118000e-03	1.083000e-03	1.678000e-03	9.300000e-03	8.894000e-03	5.644000e-03	8.120000e-04	8.180000e-04	1.079000e-03	1.099000e-03	3.828000e-03
-6.700000e+00	1.055800e-02	1.086900e-02	5.471500e-02	1.379000e-03	1.339000e-03	2.006000e-03	9.701000e-03	9.209000e-03	6.123000e-03	1.064000e-03	8.430000e-04	1.241000e-03	1.262000e-03	3.989000e-03
-6.650000e+00	1.299000e-02	1.322000e-02	5.708200e-02	1.718000e-03	1.674000e-03	2.426000e-03	1.019500e-02	9.641000e-03	6.623000e-03	1.376000e-03	8.720000e-04	1.409000e-03	1.432000e-03	4.149000e-03
-6.600000e+00	1.545300e-02	1.561200e-02	5.929400e-02	2.163000e-03	2.126000e-03	2.942000e-03	1.085000e-02	1.012800e-02	7.184000e-03	1.806000e-03	9.030000e-04	1.584000e-03	1.607000e-03	4.316000e-03
-6.550000e+00	1.791000e-02	1.806400e-02	6.156700e-02	2.744000e-03	2.701000e-03	3.568000e-03	1.163900e-02	1.066300e-02	7.831000e-03	2.385000e-03	9.390000e-04	1.765000e-03	1.787000e-03	4.493000e-03
-6.500000e+00	2.034700e-02	2.052100e-02	6.399400e-02	3.502000e-03	3.395000e-03	4.346000e-03	1.256200e-02	1.128100e-02	8.570000e-03	3.126000e-03	9.820000e-04	1.952000e-03	1.975000e-03	4.679000e-03
-6.450000e+00	2.283600e-02	2.296400e-02	6.622000e-02	4.505000e-03	4.320000e-03	5.383000e-03	1.382700e-02	1.204000e-02	9.382000e-03	4.091000e-03	1.036000e-03	2.149000e-03	2.174000e-03	4.868000e-03
-6.400000e+00	2.520800e-02	2.538400e-02	6.858300e-02	5.748000e-03	5.565000e-03	6.747000e-03	1.549300e-02	1.292800e-02	1.039700e-02	5.289000e-03	1.104000e-03	2.341000e-03	2.368000e-03	5.066000e-03
-6.350000e+00	2.749100e-02	2.786600e-02	7.101900e-02	7.359000e-03	7.210000e-03	8.387000e-03	1.760000e-02	1.401200e-02	1.158400e-02	6.865000e-03	1.181000e-03	2.556000e-03	2.589000e-03	5.280000e-03
-6.300000e+00	2.991400e-02	3.043100e-02	7.358000e-02	9.390000e-03	9.266000e-03	1.049500e-02	2.024900e-02	1.531400e-02	1.305900e-02	8.846000e-03	1.276000e-03	2.791000e-03	2.831000e-03	5.530000e-03
-6.250000e+00	3.242100e-02	3.299200e-02	7.621300e-02	1.194300e-02	1.182600e-02	1.320700e-02	2.355800e-02	1.686800e-02	1.480000e-02	1.133900e-02	1.390000e-03	3.048000e-03	3.095000e-03	5.801000e-03
-6.200000e+00	3.490400e-02	3.551200e-02	7.879500e-02	1.518700e-02	1.507400e-02	1.662900e-02	2.767000e-02	1.870700e-02	1.674700e-02	1.453800e-02	1.524000e-03	3.332000e-03	3.386000e-03	6.081000e-03
-6.150000e+00	3.758700e-02	3.824200e-02	8.116800e-02	1.933500e-02	1.918700e-02	2.097600e-02	3.277700e-02	2.084800e-02	1.902000e-02	1.866800e-02	1.686000e-03	3.649000e-03	3.709000e-03	6.390000e-03
-6.100000e+00	4.017700e-02	4.081900e-02	8.374600e-02	2.458900e-02	2.452400e-02	2.666700e-02	3.927400e-02	2.353900e-02	2.192400e-02	2.395500e-02	1.886000e-03	4.004000e-03	4.070000e-03	6.742000e-03
-6.050000e+00	4.278100e-02	4.340300e-02	8.632200e-02	3.142900e-02	3.131200e-02	3.366900e-02	4.726100e-02	2.680600e-02	2.534500e-02	3.067900e-02	2.116000e-03	4.406000e-03	4.482000e-03	7.127000e-03
-6.000000e+00	4.534600e-02	4.607400e-02	8.892000e-02	4.000500e-02	3.986600e-02	4.245500e-02	5.724600e-02	3.074600e-02	2.945100e-02	3.918700e-02	2.384000e-03	4.861000e-03	4.951000e-03	7.567000e-03
-5.950000e+00	4.780500e-02	4.877600e-02	9.151300e-02	5.074000e-02	5.056700e-02	5.352100e-02	6.976900e-02	3.549400e-02	3.439600e-02	4.989200e-02	2.702000e-03	5.380000e-03	5.488000e-03	8.077000e-03
-5.900000e+00	5.019300e-02	5.138700e-02	9.408200e-02	6.432500e-02	6.391800e-02	6.739000e-02	8.545000e-02	4.121500e-02	4.034100e-02	6.323700e-02	3.088000e-03	5.980000e-03	6.108000e-03	8.667000e-03
-5.850000e+00	5.280600e-02	5.382700e-02	9.669200e-02	8.135100e-02	8.068900e-02	8.470700e-02	1.051370e-01	4.807800e-02	4.752800e-02	7.957800e-02	3.555000e-03	6.687000e-03	6.838000e-03	9.349000e-03
-5.800000e+00	5.554500e-02	5.644400e-02	9.919000e-02	1.020230e-01	1.016170e-01	1.062140e-01	1.296430e-01	5.649200e-02	5.625400e-02	1.002330e-01	4.103000e-03	7.494000e-03	7.664000e-03	1.014200e-02
-5.750000e+00	5.833800e-02	5.941100e-02	1.020000e-01	1.280270e-01	1.276090e-01	1.328540e-01	1.597320e-01	6.663300e-02	6.664200e-02	1.259230e-01	4.748000e-03	8.430000e-03	8.628000e-03	1.107000e-02
-5.700000e+00	6.104000e-02	6.239000e-02	1.047750e-01	1.602190e-01	1.601610e-01	1.655750e-01	1.963450e-01	7.887600e-02	7.905200e-02	1.579180e-01	5.512000e-03	9.515000e-03	9.769000e-03	1.215600e-02
-5.650000e+00	6.383500e-02	6.529500e-02	1.074220e-01	2.000590e-01	2.003190e-01	2.059300e-01	2.411770e-01	9.358100e-02	9.383900e-02	1.974990e-01	6.409000e-03	1.079400e-02	1.110400e-02	1.342500e-02
-5.600000e+00	6.685900e-02	6.827600e-02	1.100450e-01	2.494270e-01	2.490810e-01	2.558880e-01	2.965050e-01	1.111370e-01	1.114470e-01	2.460820e-01	7.455000e-03	1.231000e-02	1.264900e-02	1.490500e-02
-5.550000e+00	6.970300e-02	7.168300e-02	1.128780e-01	3.096310e-01	3.091090e-01	3.168970e-01	3.642410e-01	1.320950e-01	1.326490e-01	3.057260e-01	8.685000e-03	1.406500e-02	1.445000e-02	1.662800e-02
-5.500000e+00	7.289600e-02	7.511000e-02	1.160390e-01	3.825460e-01	3.823760e-01	3.921810e-01	4.456910e-01	1.572090e-01	1.577900e-01	3.781190e-01	1.013100e-02	1.611600e-02	1.654900e-02	1.867900e-02
-5.450000e+00	7.629400e-02	7.886800e-02	1.195440e-01	4.715850e-01	4.712680e-01	4.824910e-01	5.450050e-01	1.873290e-01	1.875280e-01	4.665140e-01	1.182900e-02	1.853300e-02	1.902700e-02	2.107400e-02
-5.400000e+00	7.981600e-02	8.275900e-02	1.232070e-01	5.790110e-01	5.787150e-01	5.912250e-01	6.648800e-01	2.230590e-01	2.228320e-01	5.731130e-01	1.378700e-02	2.134900e-02	2.190400e-02	2.386000e-02
-5.350000e+00	8.350300e-02	8.679300e-02	1.269910e-01	7.083350e-01	7.082940e-01	7.220630e-01	8.092920e-01	2.653380e-01	2.645910e-01	7.008680e-01	1.604800e-02	2.461500e-02	2.524400e-02	2.710100e-02
-5.300000e+00	8.736900e-02	9.107400e-02	1.309330e-01	8.639150e-01	8.638520e-01	8.788070e-01	9.828510e-01	3.153340e-01	3.137030e-01	8.537610e-01	1.867300e-02	2.840500e-02	2.913200e-02	3.087100e-02
-5.250000e+00	9.119500e-02	9.565000e-02	1.350700e-01	1.049129e+00	1.048447e+00	1.065247e+00	1.188536e+00	3.740580e-01	3.713610e-01	1.036949e+00	2.170800e-02	3.281300e-02	3.363200e-02	3.523800e-02
-5.200000e+00	9.565400e-02	1.005640e-01	1.389190e-01	1.266980e+00	1.267235e+00	1.284844e+00	1.427891e+00	4.428570e-01	4.386340e-01	1.253559e+00	2.519500e-02	3.791300e-02	3.882600e-02	4.029800e-02
-5.150000e+00	1.003910e-01	1.057420e-01	1.434720e-01	1.523998e+00	1.524082e+00	1.543870e+00	1.707224e+00	5.231160e-01	5.167260e-01	1.508013e+00	2.918200e-02	4.375600e-02	4.480100e-02	4.610800e-02
-5.100000e+00	1.054080e-01	1.113280e-01	1.482880e-01	1.824362e+00	1.824404e+00	1.846600e+00	2.032895e+00	6.163940e-01	6.073860e-01	1.804750e+00	3.375500e-02	5.047000e-02	5.166100e-02	5.278400e-02
-5.050000e+00	1.108450e-01	1.175540e-01	1.533060e-01	2.173360e+00	2.173823e+00	2.198325e+00	2.410690e+00	7.242060e-01	7.121070e-01	2.150129e+00	3.897600e-02	5.816200e-02	5.951000e-02	6.042800e-02
-5.000000e+00	1.168470e-01	1.246360e-01	1.586760e-01	2.577259e+00	2.578004e+00	2.605261e+00	2.846629e+00	8.481260e-01	8.322760e-01	2.551398e+00	4.490000e-02	6.692700e-02	6.846000e-02	6.914100e-02
-4.950000e+00	1.233880e-01	1.326560e-01	1.645470e-01	3.042433e+00	3.042483e+00	3.073795e+00	3.349368e+00	9.900660e-01	9.696830e-01	3.013526e+00	5.159800e-02	7.689600e-02	7.864700e-02	7.903800e-02
-4.900000e+00	1.300180e-01	1.413600e-01	1.705260e-01	3.569783e+00	3.569238e+00	3.604988e+00	3.915765e+00	1.150337e+00	1.124793e+00	3.537738e+00	5.914800e-02	8.811700e-02	9.012500e-02	9.019900e-02
-4.850000e+00	1.372050e-01	1.513980e-01	1.771020e-01	4.169552e+00	4.169070e+00	4.207924e+00	4.560359e+00	1.332297e+00	1.300351e+00	4.132355e+00	6.764700e-02	1.007720e-01	1.030620e-01	1.027800e-01
-4.800000e+00	1.448370e-01	1.635620e-01	1.841620e-01	4.845884e+00	4.845524e+00	4.889143e+00	5.286525e+00	1.537285e+00	1.498476e+00	4.801313e+00	7.719000e-02	1.149590e-01	1.175780e-01	1.168880e-01
-4.750000e+00	1.531140e-01	1.786820e-01	1.917760e-01	5.603787e+00	5.602343e+00	5.652916e+00	6.099483e+00	1.766834e+00	1.720348e+00	5.550574e+00	8.785300e-02	1.307910e-01	1.337700e-01	1.326450e-01
-4.700000e+00	1.622790e-01	1.975390e-01	2.000630e-01	6.448332e+00	6.444122e+00	6.502740e+00	7.005163e+00	2.022520e+00	1.966887e+00	6.386948e+00	9.970900e-02	1.483950e-01	1.516960e-01	1.501790e-01
-4.650000e+00	1.722520e-01	2.206850e-01	2.090150e-01	7.382602e+00	7.377156e+00	7.445186e+00	8.007009e+00	2.305592e+00	2.240394e+00	7.314894e+00	1.128540e-01	1.679130e-01	1.713690e-01	1.696040e-01
-4.600000e+00	1.830760e-01	2.370270e-01	2.191320e-01	8.399607e+00	8.392999e+00	8.468008e+00	9.096793e+00	2.614598e+00	2.538703e+00	8.320888e+00	1.273010e-01	1.893010e-01	1.927910e-01	1.909000e-01
-4.550000e+00	1.946140e-01	2.511310e-01	2.294880e-01	9.505901e+00	9.499528e+00	9.583495e+00	1.028506e+01	2.952907e+00	2.865690e+00	9.416506e+00	1.432110e-01	2.127750e-01	2.162540e-01	2.142860e-01
-4.500000e+00	2.071440e-01	2.643730e-01	2.403890e-01	1.070515e+01	1.069766e+01	1.079242e+01	1.157198e+01	3.319545e+00	3.221469e+00	1.060237e+01	1.606720e-01	2.384260e-01	2.418690e-01	2.398380e-01
-4.450000e+00	2.206370e-01	2.776260e-01	2.519900e-01	1.199500e+01	1.198571e+01	1.209231e+01	1.295741e+01	3.715177e+00	3.606384e+00	1.187732e+01	1.797780e-01	2.663240e-01	2.697200e-01	2.676310e-01
-4.400000e+00	2.349070e-01	2.914720e-01	2.643130e-01	1.336956e+01	1.335959e+01	1.347884e+01	1.443966e+01	4.140876e+00	4.020781e+00	1.323874e+01	2.006120e-01	2.965190e-01	2.998660e-01	2.977280e-01
-4.350000e+00	2.498160e-01	3.065490e-01	2.772810e-01	1.482526e+01	1.481371e+01	1.494883e+01	1.601307e+01	4.595511e+00	4.464491e+00	1.468338e+01	2.232080e-01	3.290520e-01	3.323490e-01	3.301650e-01
-4.300000e+00	2.658010e-01	3.221080e-01	2.916700e-01	1.633666e+01	1.632317e+01	1.647620e+01	1.765161e+01	5.072466e+00	4.932226e+00	1.618152e+01	2.475190e-01	3.636500e-01	3.668940e-01	3.646690e-01
-4.250000e+00	2.827900e-01	3.384180e-01	3.067560e-01	1.791276e+01	1.789839e+01	1.806759e+01	1.936359e+01	5.575941e+00	5.428120e+00	1.774169e+01	2.737030e-01	4.005380e-01	4.037240e-01	4.014670e-01
-4.200000e+00	3.004810e-01	3.552910e-01	3.226650e-01	1.954383e+01	1.953111e+01	1.971286e+01	2.113864e+01	6.103827e+00	5.947734e+00	1.935412e+01	3.017960e-01	4.396900e-01	4.428090e-01	4.405290e-01
-4.150000e+00	3.190050e-01	3.730080e-01	3.393410e-01	2.121817e+01	2.120845e+01	2.140209e+01	2.296673e+01	6.654102e+00	6.490533e+00	2.100912e+01	3.318370e-01	4.810350e-01	4.840750e-01	4.817830e-01
-4.100000e+00	3.385650e-01	3.918070e-01	3.567690e-01	2.292222e+01	2.291426e+01	2.312464e+01	2.483672e+01	7.224638e+00	7.057024e+00	2.269546e+01	3.638490e-01	5.244730e-01	5.274240e-01	5.251330e-01
-4.050000e+00	3.589330e-01	4.112290e-01	3.752610e-01	2.464081e+01	2.463173e+01	2.486727e+01	2.673378e+01	7.812814e+00	7.643672e+00	2.439769e+01	3.978120e-01	5.698930e-01	5.727560e-01	5.704650e-01
-4.000000e+00	3.797920e-01	4.306500e-01	3.943770e-01	2.633303e+01	2.631648e+01	2.658560e+01	2.861260e+01	8.407845e+00	8.241304e+00	2.607279e+01	4.334140e-01	6.165950e-01	6.193770e-01	6.170960e-01
-3.950000e+00	4.011120e-01	4.509150e-01	4.137370e-01	2.800490e+01	2.798483e+01	2.828493e+01	3.048280e+01	9.015148e+00	8.854591e+00	2.772515e+01	4.708110e-01	6.648140e-01	6.675020e-01	6.652500e-01
-3.900000e+00	4.227700e-01	4.716330e-01	4.336330e-01	2.964550e+01	2.962324e+01	2.995480e+01	3.233036e+01	9.631325e+00	9.481012e+00	2.934340e+01	5.100260e-01	7.143140e-01	7.169050e-01	7.146930e-01
-3.850000e+00	4.448830e-01	4.926540e-01	4.541800e-01	3.123883e+01	3.121515e+01	3.158174e+01	3.414097e+01	1.025318e+01	1.011800e+01	3.091564e+01	5.509840e-01	7.648480e-01	7.673430e-01	7.651800e-01
-3.800000e+00	4.675150e-01	5.138300e-01	4.752390e-01	3.276751e+01	3.274400e+01	3.314923e+01	3.589849e+01	1.087819e+01	1.076353e+01	3.242843e+01	5.935490e-01	8.161490e-01	8.185450e-01	8.164440e-01
-3.750000e+00	4.902830e-01	5.347210e-01	4.963340e-01	3.421784e+01	3.419738e+01	3.463799e+01	3.758283e+01	1.150514e+01	1.141686e+01	3.386558e+01	6.375800e-01	8.679010e-01	8.701890e-01	8.681730e-01
-3.700000e+00	5.128500e-01	5.557830e-01	5.176210e-01	3.554098e+01	3.551645e+01	3.600918e+01	3.914712e+01	1.212094e+01	1.206584e+01	3.517285e+01	6.824580e-01	9.189860e-01	9.211720e-01	9.192530e-01
-3.650000e+00	5.354500e-01	5.768070e-01	5.389040e-01	3.676570e+01	3.674002e+01	3.728166e+01	4.062183e+01	1.273297e+01	1.271583e+01	3.637452e+01	7.284370e-01	9.696990e-01	9.717810e-01	9.699640e-01
-3.600000e+00	5.576570e-01	5.976410e-01	5.598820e-01	3.787767e+01	3.785276e+01	3.844917e+01	4.198955e+01	1.333984e+01	1.336549e+01	3.746558e+01	7.753330e-01	1.019663e+00	1.021638e+00	1.019939e+00
-3.550000e+00	5.794550e-01	6.180310e-01	5.805210e-01	3.887128e+01	3.884737e+01	3.950417e+01	4.323796e+01	1.393936e+01	1.401404e+01	3.844210e+01	8.228710e-01	1.068491e+00	1.070357e+00	1.068798e+00
-3.500000e+00	6.007750e-01	6.377440e-01	6.008670e-01	3.974455e+01	3.972052e+01	4.044103e+01	4.436201e+01	1.452989e+01	1.466104e+01	3.929943e+01	8.707550e-01	1.115793e+00	1.117551e+00	1.116156e+00
-3.450000e+00	6.209420e-01	6.567130e-01	6.208310e-01	4.049277e+01	4.046785e+01	4.125957e+01	4.536607e+01	1.511204e+01	1.530610e+01	4.003003e+01	9.187690e-01	1.161196e+00	1.162844e+00	1.161637e+00
-3.400000e+00	6.398710e-01	6.743040e-01	6.393620e-01	4.108289e+01	4.105220e+01	4.192563e+01	4.621720e+01	1.568068e+01	1.594234e+01	4.060530e+01	9.660210e-01	1.203301e+00	1.204829e+00	1.203852e+00
-3.350000e+00	6.577890e-01	6.907520e-01	6.571630e-01	4.154667e+01	4.151842e+01	4.246623e+01	4.692969e+01	1.623991e+01	1.657361e+01	4.105746e+01	1.012717e+00	1.242647e+00	1.244057e+00	1.243337e+00
-3.300000e+00	6.747190e-01	7.058740e-01	6.743030e-01	4.188800e+01	4.186087e+01	4.289051e+01	4.751812e+01	1.678827e+01	1.720035e+01	4.138756e+01	1.058515e+00	1.278878e+00	1.280160e+00	1.279734e+00
-3.250000e+00	6.902430e-01	7.196930e-01	6.904210e-01	4.210862e+01	4.207881e+01	4.320211e+01	4.797855e+01	1.732541e+01	1.782054e+01	4.159814e+01	1.103034e+00	1.311617e+00	1.312769e+00	1.312672e+00
-3.200000e+00	7.040740e-01	7.322030e-01	7.052110e-01	4.220942e+01	4.217604e+01	4.340245e+01	4.830509e+01	1.785026e+01	1.843056e+01	4.169015e+01	1.145902e+00	1.340515e+00	1.341547e+00	1.341810e+00
-3.150000e+00	7.167000e-01	7.431180e-01	7.189810e-01	4.219183e+01	4.216042e+01	4.349448e+01	4.850775e+01	1.835888e+01	1.902640e+01	4.165979e+01	1.186815e+00	1.365298e+00	1.366220e+00	1.366880e+00
-3.100000e+00	7.266780e-01	7.514650e-01	7.309620e-01	4.203482e+01	4.200276e+01	4.345197e+01	4.856531e+01	1.884053e+01	1.959725e+01	4.149235e+01	1.224439e+00	1.384409e+00	1.385199e+00	1.386325e+00
-3.050000e+00	7.351490e-01	7.575920e-01	7.412320e-01	4.177152e+01	4.173089e+01	4.331933e+01	4.849690e+01	1.930173e+01	2.014381e+01	4.121969e+01	1.259183e+00	1.398855e+00	1.399511e+00	1.401157e+00
-3.000000e+00	7.416450e-01	7.618250e-01	7.502320e-01	4.140531e+01	4.135811e+01	4.309211e+01	4.830854e+01	1.973545e+01	2.066490e+01	4.084202e+01	1.290676e+00	1.408446e+00	1.408967e+00	1.411192e+00
-2.950000e+00	7.463080e-01	7.640580e-01	7.579890e-01	4.093643e+01	4.088856e+01	4.277364e+01	4.800394e+01	2.013927e+01	2.115616e+01	4.036648e+01	1.318611e+00	1.413027e+00	1.413412e+00	1.416279e+00
-2.900000e+00	7.492340e-01	7.640810e-01	7.644430e-01	4.036748e+01	4.032353e+01	4.237043e+01	4.758826e+01	2.051105e+01	2.161141e+01	3.980109e+01	1.342682e+00	1.412510e+00	1.412759e+00	1.416332e+00
-2.850000e+00	7.497810e-01	7.619070e-01	7.698030e-01	3.970851e+01	3.966749e+01	4.188777e+01	4.707164e+01	2.084423e+01	2.202429e+01	3.914903e+01	1.362528e+00	1.406907e+00	1.407022e+00	1.411371e+00
-2.800000e+00	7.478400e-01	7.576090e-01	7.735240e-01	3.894736e+01	3.891184e+01	4.132041e+01	4.642378e+01	2.112019e+01	2.238118e+01	3.839107e+01	1.376516e+00	1.394885e+00	1.394873e+00	1.400101e+00
-2.750000e+00	7.432610e-01	7.515370e-01	7.758630e-01	3.811275e+01	3.807549e+01	4.068467e+01	4.566980e+01	2.135092e+01	2.268136e+01	3.755774e+01	1.386015e+00	1.377884e+00	1.377743e+00	1.383936e+00
-2.700000e+00	7.369750e-01	7.434530e-01	7.773720e-01	3.720682e+01	3.716850e+01	3.999291e+01	4.482871e+01	2.152723e+01	2.291919e+01	3.665555e+01	1.390448e+00	1.356001e+00	1.355727e+00	1.362980e+00
-2.650000e+00	7.293330e-01	7.334120e-01	7.783800e-01	3.623577e+01	3.619932e+01	3.924654e+01	4.390393e+01	2.164414e+01	2.309119e+01	3.569194e+01	1.389706e+00	1.329418e+00	1.329008e+00	1.337420e+00
-2.600000e+00	7.201350e-01	7.215150e-01	7.789850e-01	3.520815e+01	3.517487e+01	3.844776e+01	4.289566e+01	2.169926e+01	2.319355e+01	3.467386e+01	1.383915e+00	1.298390e+00	1.297847e+00	1.307520e+00
-2.550000e+00	7.086700e-01	7.076790e-01	7.790280e-01	3.413329e+01	3.410060e+01	3.760997e+01	4.181202e+01	2.169093e+01	2.321961e+01	3.360651e+01	1.373192e+00	1.263240e+00	1.262566e+00	1.273616e+00
-2.500000e+00	6.956750e-01	6.921130e-01	7.790750e-01	3.299756e+01	3.295464e+01	3.672533e+01	4.062143e+01	2.159480e+01	2.314937e+01	3.247933e+01	1.355989e+00	1.223096e+00	1.222290e+00	1.234902e+00
-2.450000e+00	6.810510e-01	6.749370e-01	7.796560e-01	3.182175e+01	3.177590e+01	3.581266e+01	3.936524e+01	2.142735e+01	2.299626e+01	3.131987e+01	1.333877e+00	1.179555e+00	1.178615e+00	1.192918e+00
-2.400000e+00	6.648670e-01	6.566210e-01	7.812020e-01	3.061909e+01	3.057120e+01	3.487116e+01	3.803796e+01	2.118605e+01	2.275808e+01	3.013316e+01	1.307025e+00	1.133070e+00	1.131997e+00	1.148132e+00
-2.350000e+00	6.476490e-01	6.374410e-01	7.840890e-01	2.939534e+01	2.934582e+01	3.390445e+01	3.664535e+01	2.087140e+01	2.243550e+01	2.892310e+01	1.275792e+00	1.084099e+00	1.082894e+00	1.101002e+00
-2.300000e+00	6.299110e-01	6.174630e-01	7.886540e-01	2.815510e+01	2.810503e+01	3.291422e+01	3.519367e+01	2.048542e+01	2.203026e+01	2.769612e+01	1.240547e+00	1.033090e+00	1.031754e+00	1.051969e+00
-2.250000e+00	6.117320e-01	5.965390e-01	7.952030e-01	2.690693e+01	2.685527e+01	3.189491e+01	3.368100e+01	2.003016e+01	2.154355e+01	2.646407e+01	1.201515e+00	9.804640e-01	9.789980e-01	1.001450e+00
-2.200000e+00	5.925570e-01	5.746720e-01	8.039620e-01	2.564271e+01	2.558865e+01	3.082465e+01	3.207819e+01	1.948574e+01	2.095104e+01	2.521182e+01	1.158102e+00	9.258480e-01	9.242580e-01	9.491910e-01
-2.150000e+00	5.734330e-01	5.530550e-01	8.158160e-01	2.438120e+01	2.431785e+01	2.971803e+01	3.042165e+01	1.887956e+01	2.028603e+01	2.395910e+01	1.112159e+00	8.706790e-01	8.689610e-01	8.965290e-01
-2.100000e+00	5.540240e-01	5.312870e-01	8.307790e-01	2.312489e+01	2.305909e+01	2.855541e+01	2.872362e+01	1.821562e+01	1.955372e+01	2.272318e+01	1.063963e+00	8.154210e-01	8.135780e-01	8.439200e-01
-2.050000e+00	5.344060e-01	5.094630e-01	8.490960e-01	2.187797e+01	2.181342e+01	2.732581e+01	2.699785e+01	1.750115e+01	1.875976e+01	2.150427e+01	1.013970e+00	7.604820e-01	7.585210e-01	7.917620e-01
-2.000000e+00	5.148990e-01	4.878400e-01	8.713030e-01	2.064654e+01	2.058051e+01	2.601844e+01	2.526306e+01	1.674414e+01	1.791213e+01	2.029991e+01	9.626430e-01	7.062580e-01	7.041780e-01	7.404220e-01
-1.950000e+00	4.959130e-01	4.665580e-01	8.982950e-01	1.943865e+01	1.936877e+01	2.461643e+01	2.354469e+01	1.595127e+01	1.702258e+01	1.911563e+01	9.103320e-01	6.531380e-01	6.509280e-01	6.902500e-01
-1.900000e+00	4.769080e-01	4.455810e-01	9.288410e-01	1.824697e+01	1.817749e+01	2.307932e+01	2.185289e+01	1.511763e+01	1.608314e+01	1.794922e+01	8.568280e-01	6.008940e-01	5.984580e-01	6.411290e-01
-1.850000e+00	4.584170e-01	4.251120e-01	9.639420e-01	1.708671e+01	1.701840e+01	2.151988e+01	2.020171e+01	1.426715e+01	1.513013e+01	1.681226e+01	8.037900e-01	5.502850e-01	5.477900e-01	5.938730e-01
-1.800000e+00	4.405410e-01	4.053340e-01	1.002429e+00	1.596069e+01	1.589203e+01	2.002406e+01	1.858384e+01	1.340762e+01	1.417444e+01	1.571127e+01	7.510900e-01	5.017180e-01	4.991480e-01	5.486850e-01
-1.750000e+00	4.232120e-01	3.864840e-01	1.044886e+00	1.487117e+01	1.480217e+01	1.860247e+01	1.700605e+01	1.254549e+01	1.322148e+01	1.464654e+01	6.991880e-01	4.554440e-01	4.527270e-01	5.057130e-01
-1.700000e+00	4.063780e-01	3.686100e-01	1.091966e+00	1.381915e+01	1.375197e+01	1.723195e+01	1.547669e+01	1.168621e+01	1.227538e+01	1.361873e+01	6.485880e-01	4.115640e-01	4.086740e-01	4.650600e-01
-1.650000e+00	3.901570e-01	3.513870e-01	1.142200e+00	1.280397e+01	1.274140e+01	1.588570e+01	1.399792e+01	1.083463e+01	1.134197e+01	1.263331e+01	5.994600e-01	3.700640e-01	3.670940e-01	4.267950e-01
-1.600000e+00	3.752380e-01	3.346370e-01	1.197012e+00	1.182315e+01	1.176579e+01	1.454030e+01	1.255862e+01	9.984492e+00	1.041043e+01	1.168048e+01	5.504710e-01	3.306370e-01	3.277710e-01	3.908100e-01
-1.550000e+00	3.612550e-01	3.190360e-01	1.254217e+00	1.088557e+01	1.083144e+01	1.321930e+01	1.118830e+01	9.155306e+00	9.503394e+00	1.076860e+01	5.032290e-01	2.940130e-01	2.910410e-01	3.574920e-01
-1.500000e+00	3.482990e-01	3.047400e-01	1.314051e+00	9.990953e+00	9.939611e+00	1.193411e+01	9.891871e+00	8.352929e+00	8.627697e+00	9.896750e+00	4.586450e-01	2.601320e-01	2.570790e-01	3.267140e-01
-1.450000e+00	3.361240e-01	2.916300e-01	1.375432e+00	9.138040e+00	9.092489e+00	1.069257e+01	8.676420e+00	7.581264e+00	7.787719e+00	9.066677e+00	4.162620e-01	2.289710e-01	2.258800e-01	2.983960e-01
-1.400000e+00	3.245280e-01	2.794430e-01	1.437068e+00	8.326953e+00	8.292179e+00	9.502182e+00	7.547820e+00	6.845046e+00	6.986783e+00	8.280982e+00	3.757050e-01	2.005000e-01	1.973760e-01	2.724470e-01
-1.350000e+00	3.136670e-01	2.678920e-01	1.498932e+00	7.560403e+00	7.540064e+00	8.371780e+00	6.508997e+00	6.151186e+00	6.228030e+00	7.541860e+00	3.375000e-01	1.746520e-01	1.715020e-01	2.487440e-01
-1.300000e+00	3.041940e-01	2.564690e-01	1.560197e+00	6.827130e+00	6.824574e+00	7.291643e+00	5.546932e+00	5.482461e+00	5.505102e+00	6.836869e+00	3.014990e-01	1.511240e-01	1.479410e-01	2.272620e-01
-1.250000e+00	2.954670e-01	2.466020e-01	1.618356e+00	6.136922e+00	6.147781e+00	6.285867e+00	4.679762e+00	4.856931e+00	4.832526e+00	6.171694e+00	2.679470e-01	1.300800e-01	1.268680e-01	2.077710e-01
-1.200000e+00	2.874370e-01	2.376370e-01	1.673312e+00	5.489947e+00	5.514605e+00	5.357005e+00	3.905707e+00	4.275022e+00	4.212061e+00	5.548214e+00	2.367130e-01	1.113750e-01	1.081700e-01	1.900760e-01
-1.150000e+00	2.797680e-01	2.293140e-01	1.723665e+00	4.884353e+00	4.924385e+00	4.508754e+00	3.223332e+00	3.736901e+00	3.643203e+00	4.964861e+00	2.080310e-01	9.487000e-02	9.168600e-02	1.740110e-01
-1.100000e+00	2.722830e-01	2.215810e-01	1.767458e+00	4.319522e+00	4.375036e+00	3.744556e+00	2.630428e+00	3.242733e+00	3.124987e+00	4.420064e+00	1.818960e-01	8.043000e-02	7.725700e-02	1.594060e-01
-1.050000e+00	2.653550e-01	2.144440e-01	1.803118e+00	3.797483e+00	3.865469e+00	3.066561e+00	2.123349e+00	2.792713e+00	2.656813e+00	3.914062e+00	1.578330e-01	6.792300e-02	6.474500e-02	1.460620e-01
-1.000000e+00	2.596520e-01	2.083290e-01	1.827293e+00	3.307183e+00	3.389956e+00	2.464885e+00	1.686700e+00	2.380864e+00	2.233316e+00	3.437704e+00	1.359650e-01	5.710400e-02	5.390300e-02	1.337290e-01
-9.500000e-01	2.539020e-01	2.023280e-01	1.837266e+00	2.856161e+00	2.951280e+00	1.948806e+00	1.324366e+00	2.011854e+00	1.859336e+00	2.996800e+00	1.163680e-01	4.786700e-02	4.468200e-02	1.222140e-01
-9.000000e-01	2.483630e-01	1.962950e-01	1.832887e+00	2.445177e+00	2.549315e+00	1.515111e+00	1.026224e+00	1.684388e+00	1.531547e+00	2.592504e+00	9.897500e-02	4.006400e-02	3.693000e-02	1.114250e-01
-8.500000e-01	2.430120e-01	1.903960e-01	1.812974e+00	2.072415e+00	2.182280e+00	1.157728e+00	7.850210e-01	1.396238e+00	1.247271e+00	2.222767e+00	8.354700e-02	3.353800e-02	3.045100e-02	1.011410e-01
-8.000000e-01	2.376440e-01	1.848470e-01	1.776274e+00	1.736690e+00	1.848980e+00	8.689930e-01	5.931240e-01	1.145279e+00	1.003500e+00	1.886267e+00	6.994700e-02	2.811900e-02	2.507000e-02	9.119800e-02
-7.500000e-01	2.319570e-01	1.796990e-01	1.722446e+00	1.438469e+00	1.549576e+00	6.404510e-01	4.421640e-01	9.297260e-01	7.966610e-01	1.583862e+00	5.820900e-02	2.363000e-02	2.065000e-02	8.159600e-02
-7.000000e-01	2.264880e-01	1.743610e-01	1.644643e+00	1.169569e+00	1.276891e+00	4.618260e-01	3.234960e-01	7.450060e-01	6.211560e-01	1.307224e+00	4.799800e-02	1.998300e-02	1.706600e-02	7.241200e-02
-6.500000e-01	2.208810e-01	1.690310e-01	1.548238e+00	9.360520e-01	1.036495e+00	3.262750e-01	2.342990e-01	5.905570e-01	4.765050e-01	1.062503e+00	3.911800e-02	1.701400e-02	1.417800e-02	6.337200e-02
-6.000000e-01	2.147650e-01	1.636030e-01	1.434818e+00	7.356360e-01	8.267330e-01	2.262530e-01	1.675170e-01	4.632010e-01	3.590010e-01	8.483680e-01	3.163500e-02	1.460000e-02	1.185500e-02	5.433000e-02
-5.500000e-01	2.083230e-01	1.579250e-01	1.306631e+00	5.664190e-01	6.464130e-01	1.540450e-01	1.185390e-01	3.604900e-01	2.652680e-01	6.638760e-01	2.535700e-02	1.264000e-02	1.000000e-02	4.573400e-02
-5.000000e-01	2.017890e-01	1.520150e-01	1.166287e+00	4.264970e-01	4.939870e-01	1.030020e-01	8.345800e-02	2.796550e-01	1.919140e-01	5.076350e-01	2.013900e-02	1.104200e-02	8.521000e-03	3.784000e-02
-4.500000e-01	1.950310e-01	1.462220e-01	1.016697e+00	3.136460e-01	3.674070e-01	6.774800e-02	5.876800e-02	2.174760e-01	1.355830e-01	3.776740e-01	1.595300e-02	9.716000e-03	7.320000e-03	3.045000e-02
-4.000000e-01	1.879990e-01	1.397450e-01	8.557600e-01	2.223750e-01	2.623640e-01	4.388500e-02	4.173100e-02	1.717820e-01	9.326600e-02	2.701910e-01	1.257400e-02	8.768000e-03	6.467000e-03	2.364100e-02
-3.500000e-01	1.803920e-01	1.328450e-01	6.975450e-01	1.528980e-01	1.804050e-01	2.821400e-02	3.005200e-02	1.399810e-01	6.244800e-02	1.858680e-01	9.693000e-03	7.798000e-03	5.645000e-03	1.767900e-02
-3.000000e-01	1.723820e-01	1.258680e-01	5.471400e-01	1.018430e-01	1.186750e-01	1.825300e-02	2.217000e-02	1.195870e-01	4.064500e-02	1.223150e-01	7.270000e-03	6.883000e-03	4.917000e-03	1.270700e-02
-2.500000e-01	1.644370e-01	1.191100e-01	4.133070e-01	6.590300e-02	7.478400e-02	1.205200e-02	1.676500e-02	1.078800e-01	2.578200e-02	7.721000e-02	5.356000e-03	6.061000e-03	4.266000e-03	8.847000e-03
-2.000000e-01	1.566160e-01	1.124340e-01	2.954220e-01	4.137400e-02	4.416600e-02	8.508000e-03	1.312400e-02	1.072530e-01	1.569100e-02	4.554700e-02	3.942000e-03	5.164000e-03	3.579000e-03	5.791000e-03
-1.500000e-01	1.487780e-01	1.055930e-01	2.022830e-01	2.557400e-02	2.469500e-02	6.422000e-03	1.044300e-02	1.183970e-01	9.279000e-03	2.537100e-02	4.092000e-03	4.228000e-03	2.863000e-03	3.624000e-03
-1.000000e-01	1.413860e-01	9.826800e-02	1.345480e-01	1.604800e-02	1.348200e-02	5.018000e-03	8.142000e-03	1.508460e-01	5.191000e-03	1.374400e-02	4.930100e-02	2.982000e-03	2.017000e-03	2.052000e-03
-5.000000e-02	1.341420e-01	9.105900e-02	9.264900e-02	1.044200e-02	7.634000e-03	3.853000e-03	6.099000e-03	1.631760e-01	2.550000e-03	7.751000e-03	2.688367e+00	1.171000e-03	7.830000e-04	6.990000e-04
0.000000e+00	1.297400e-01	8.675200e-02	7.599300e-02	8.123000e-03	5.448000e-03	3.208000e-03	4.900000e-03	1.850000e-03	1.315000e-03	5.537000e-03	6.738607e+01	0.000000e+00	0.000000e+00	0.000000e+00
