-8.900000e+00	0.000000e+00	0.000000e+00	0.000000e+00	0.000000e+00	0.000000e+00	0.000000e+00	0.000000e+00	0.000000e+00	0.000000e+00	0.000000e+00	0.000000e+00	0.000000e+00	0.000000e+00	0.000000e+00
-8.850000e+00	0.000000e+00	0.000000e+00	0.000000e+00	0.000000e+00	0.000000e+00	0.000000e+00	1.000000e-06	0.000000e+00	0.000000e+00	0.000000e+00	0.000000e+00	0.000000e+00	0.000000e+00	0.000000e+00
-8.800000e+00	0.000000e+00	0.000000e+00	0.000000e+00	0.000000e+00	0.000000e+00	0.000000e+00	0.000000e+00	1.000000e-06	0.000000e+00	0.000000e+00	0.000000e+00	0.000000e+00	0.000000e+00	0.000000e+00
-8.750000e+00	0.000000e+00	0.000000e+00	0.000000e+00	0.000000e+00	0.000000e+00	0.000000e+00	1.000000e-06	2.000000e-06	0.000000e+00	0.000000e+00	0.000000e+00	0.000000e+00	0.000000e+00	0.000000e+00
-8.700000e+00	0.000000e+00	0.000000e+00	0.000000e+00	0.000000e+00	0.000000e+00	0.000000e+00	2.000000e-06	4.000000e-06	0.000000e+00	0.000000e+00	0.000000e+00	0.000000e+00	0.000000e+00	0.000000e+00
-8.650000e+00	0.000000e+00	0.000000e+00	0.000000e+00	0.000000e+00	0.000000e+00	0.000000e+00	4.000000e-06	9.000000e-06	0.000000e+00	0.000000e+00	0.000000e+00	0.000000e+00	0.000000e+00	0.000000e+00
-8.600000e+00	0.000000e+00	0.000000e+00	0.000000e+00	0.000000e+00	0.000000e+00	0.000000e+00	5.000000e-06	2.200000e-05	0.000000e+00	0.000000e+00	0.000000e+00	0.000000e+00	0.000000e+00	0.000000e+00
-8.550000e+00	0.000000e+00	0.000000e+00	0.000000e+00	0.000000e+00	0.000000e+00	0.000000e+00	1.000000e-05	4.100000e-05	0.000000e+00	0.000000e+00	0.000000e+00	0.000000e+00	0.000000e+00	0.000000e+00
-8.500000e+00	0.000000e+00	0.000000e+00	0.000000e+00	0.000000e+00	0.000000e+00	0.000000e+00	1.800000e-05	7.100000e-05	0.000000e+00	0.000000e+00	0.000000e+00	0.000000e+00	0.000000e+00	0.000000e+00
-8.450000e+00	0.000000e+00	0.000000e+00	0.000000e+00	0.000000e+00	0.000000e+00	0.000000e+00	3.200000e-05	1.040000e-04	0.000000e+00	0.000000e+00	0.000000e+00	0.000000e+00	0.000000e+00	0.000000e+00
-8.400000e+00	0.000000e+00	0.000000e+00	0.000000e+00	0.000000e+00	0.000000e+00	0.000000e+00	5.300000e-05	1.380000e-04	2.000000e-06	0.000000e+00	0.000000e+00	0.000000e+00	0.000000e+00	0.000000e+00
-8.350000e+00	0.000000e+00	0.000000e+00	0.000000e+00	0.000000e+00	0.000000e+00	0.000000e+00	8.600000e-05	1.730000e-04	3.000000e-06	0.000000e+00	0.000000e+00	0.000000e+00	0.000000e+00	0.000000e+00
-8.300000e+00	0.000000e+00	0.000000e+00	0.000000e+00	0.000000e+00	0.000000e+00	2.000000e-06	1.350000e-04	2.190000e-04	6.000000e-06	0.000000e+00	1.000000e-06	0.000000e+00	0.000000e+00	0.000000e+00
-8.250000e+00	0.000000e+00	0.000000e+00	1.000000e-06	0.000000e+00	0.000000e+00	3.000000e-06	2.020000e-04	2.780000e-04	1.000000e-05	0.000000e+00	2.000000e-06	1.000000e-06	1.000000e-06	1.000000e-06
-8.200000e+00	0.000000e+00	0.000000e+00	1.000000e-06	0.000000e+00	0.000000e+00	4.000000e-06	2.920000e-04	3.400000e-04	1.700000e-05	0.000000e+00	2.000000e-06	2.000000e-06	2.000000e-06	2.000000e-06
-8.150000e+00	1.000000e-06	1.000000e-06	1.000000e-06	1.000000e-06	1.000000e-06	5.000000e-06	4.080000e-04	4.090000e-04	2.600000e-05	0.000000e+00	4.000000e-06	2.000000e-06	2.000000e-06	2.000000e-06
-8.100000e+00	2.000000e-06	2.000000e-06	2.000000e-06	2.000000e-06	2.000000e-06	8.000000e-06	5.420000e-04	4.910000e-04	4.000000e-05	0.000000e+00	5.000000e-06	3.000000e-06	3.000000e-06	3.000000e-06
-8.050000e+00	2.000000e-06	2.000000e-06	2.000000e-06	2.000000e-06	2.000000e-06	1.000000e-05	7.050000e-04	5.840000e-04	5.800000e-05	0.000000e+00	7.000000e-06	4.000000e-06	4.000000e-06	4.000000e-06
-8.000000e+00	3.000000e-06	3.000000e-06	3.000000e-06	3.000000e-06	3.000000e-06	1.400000e-05	9.230000e-04	6.860000e-04	8.100000e-05	0.000000e+00	1.000000e-05	5.000000e-06	5.000000e-06	5.000000e-06
-7.950000e+00	3.000000e-06	3.000000e-06	4.000000e-06	3.000000e-06	3.000000e-06	1.800000e-05	1.208000e-03	8.170000e-04	1.100000e-04	0.000000e+00	1.300000e-05	7.000000e-06	7.000000e-06	7.000000e-06
-7.900000e+00	4.000000e-06	4.000000e-06	5.000000e-06	4.000000e-06	4.000000e-06	2.300000e-05	1.537000e-03	9.470000e-04	1.440000e-04	0.000000e+00	1.600000e-05	9.000000e-06	9.000000e-06	9.000000e-06
-7.850000e+00	5.000000e-06	5.000000e-06	6.000000e-06	5.000000e-06	5.000000e-06	2.800000e-05	1.873000e-03	1.090000e-03	1.780000e-04	0.000000e+00	1.900000e-05	1.000000e-05	1.000000e-05	1.000000e-05
-7.800000e+00	7.000000e-06	7.000000e-06	7.000000e-06	6.000000e-06	6.000000e-06	3.400000e-05	2.239000e-03	1.253000e-03	2.170000e-04	0.000000e+00	2.300000e-05	1.300000e-05	1.300000e-05	1.300000e-05
-7.750000e+00	8.000000e-06	8.000000e-06	8.000000e-06	8.000000e-06	7.000000e-06	4.000000e-05	2.665000e-03	1.436000e-03	2.630000e-04	0.000000e+00	2.800000e-05	1.500000e-05	1.500000e-05	1.500000e-05
-7.700000e+00	9.000000e-06	9.000000e-06	1.000000e-05	9.000000e-06	9.000000e-06	4.600000e-05	3.145000e-03	1.634000e-03	3.170000e-04	0.000000e+00	3.300000e-05	1.800000e-05	1.800000e-05	1.800000e-05
-7.650000e+00	1.000000e-05	1.000000e-05	1.300000e-05	1.000000e-05	1.000000e-05	5.000000e-05	3.559000e-03	1.831000e-03	3.710000e-04	0.000000e+00	3.800000e-05	2.000000e-05	2.000000e-05	2.000000e-05
-7.600000e+00	1.200000e-05	1.200000e-05	1.500000e-05	1.200000e-05	1.200000e-05	5.400000e-05	4.008000e-03	2.087000e-03	4.190000e-04	0.000000e+00	4.300000e-05	2.300000e-05	2.300000e-05	2.300000e-05
-7.550000e+00	1.300000e-05	1.400000e-05	1.800000e-05	1.400000e-05	1.300000e-05	5.800000e-05	4.501000e-03	2.397000e-03	4.660000e-04	0.000000e+00	4.800000e-05	2.600000e-05	2.600000e-05	2.600000e-05
-7.500000e+00	1.500000e-05	1.600000e-05	2.300000e-05	1.500000e-05	1.400000e-05	6.200000e-05	4.945000e-03	2.709000e-03	5.150000e-04	0.000000e+00	5.200000e-05	2.900000e-05	2.900000e-05	3.000000e-05
-7.450000e+00	1.600000e-05	1.700000e-05	3.300000e-05	1.700000e-05	1.600000e-05	6.500000e-05	5.349000e-03	3.036000e-03	5.680000e-04	0.000000e+00	5.600000e-05	3.200000e-05	3.200000e-05	3.300000e-05
-7.400000e+00	1.800000e-05	1.800000e-05	5.000000e-05	1.800000e-05	1.700000e-05	6.800000e-05	5.773000e-03	3.427000e-03	6.250000e-04	0.000000e+00	6.000000e-05	3.500000e-05	3.500000e-05	3.600000e-05
-7.350000e+00	1.900000e-05	1.900000e-05	7.300000e-05	1.900000e-05	1.800000e-05	7.100000e-05	6.225000e-03	3.907000e-03	7.040000e-04	0.000000e+00	6.400000e-05	3.800000e-05	3.800000e-05	4.100000e-05
-7.300000e+00	2.200000e-05	2.100000e-05	1.290000e-04	2.000000e-05	2.000000e-05	7.400000e-05	6.522000e-03	4.343000e-03	7.680000e-04	0.000000e+00	6.800000e-05	4.000000e-05	4.000000e-05	4.800000e-05
-7.250000e+00	2.300000e-05	2.200000e-05	2.650000e-04	2.100000e-05	2.000000e-05	7.500000e-05	6.805000e-03	4.837000e-03	8.370000e-04	0.000000e+00	7.000000e-05	4.200000e-05	4.200000e-05	6.100000e-05
-7.200000e+00	2.300000e-05	2.200000e-05	5.970000e-04	2.200000e-05	2.100000e-05	7.600000e-05	7.035000e-03	5.369000e-03	9.280000e-04	0.000000e+00	7.200000e-05	4.400000e-05	4.400000e-05	7.700000e-05
-7.150000e+00	2.400000e-05	2.400000e-05	1.419000e-03	2.400000e-05	2.200000e-05	7.700000e-05	7.174000e-03	5.874000e-03	1.030000e-03	0.000000e+00	7.300000e-05	4.500000e-05	4.500000e-05	9.600000e-05
-7.100000e+00	2.500000e-05	2.500000e-05	3.474000e-03	2.500000e-05	2.200000e-05	7.700000e-05	7.231000e-03	6.284000e-03	1.124000e-03	0.000000e+00	7.500000e-05	4.600000e-05	4.600000e-05	1.130000e-04
-7.050000e+00	2.700000e-05	2.600000e-05	8.128000e-03	2.400000e-05	2.300000e-05	7.700000e-05	7.302000e-03	6.592000e-03	1.228000e-03	0.000000e+00	7.500000e-05	4.700000e-05	4.700000e-05	1.290000e-04
-7.000000e+00	2.700000e-05	2.600000e-05	1.264500e-02	2.500000e-05	2.300000e-05	7.700000e-05	7.373000e-03	6.866000e-03	1.333000e-03	0.000000e+00	7.500000e-05	4.800000e-05	4.800000e-05	1.420000e-04
-6.950000e+00	2.800000e-05	2.600000e-05	1.691700e-02	2.600000e-05	2.400000e-05	7.800000e-05	7.440000e-03	7.045000e-03	1.477000e-03	0.000000e+00	7.600000e-05	4.900000e-05	4.900000e-05	1.550000e-04
-6.900000e+00	2.800000e-05	2.600000e-05	2.071500e-02	2.700000e-05	2.500000e-05	7.900000e-05	7.508000e-03	7.146000e-03	1.638000e-03	0.000000e+00	7.700000e-05	5.000000e-05	5.000000e-05	1.680000e-04
-6.850000e+00	2.900000e-05	2.800000e-05	2.410800e-02	2.700000e-05	2.500000e-05	8.000000e-05	7.558000e-03	7.202000e-03	1.816000e-03	0.000000e+00	7.700000e-05	5.100000e-05	5.100000e-05	1.790000e-04
-6.800000e+00	3.000000e-05	3.000000e-05	2.721000e-02	2.700000e-05	2.600000e-05	8.100000e-05	7.576000e-03	7.246000e-03	2.015000e-03	0.000000e+00	7.800000e-05	5.200000e-05	5.200000e-05	1.900000e-04
-6.750000e+00	3.000000e-05	3.000000e-05	3.009700e-02	2.700000e-05	2.600000e-05	8.300000e-05	7.587000e-03	7.311000e-03	2.231000e-03	0.000000e+00	8.200000e-05	5.300000e-05	5.300000e-05	2.020000e-04
-6.700000e+00	3.100000e-05	2.800000e-05	3.272000e-02	2.700000e-05	2.600000e-05	8.400000e-05	7.627000e-03	7.305000e-03	2.434000e-03	0.000000e+00	8.300000e-05	5.300000e-05	5.300000e-05	2.120000e-04
-6.650000e+00	3.000000e-05	3.000000e-05	3.541900e-02	2.700000e-05	2.700000e-05	8.500000e-05	7.623000e-03	7.353000e-03	2.637000e-03	1.000000e-06	8.500000e-05	5.400000e-05	5.400000e-05	2.230000e-04
-6.600000e+00	2.900000e-05	3.400000e-05	3.804800e-02	2.900000e-05	2.700000e-05	8.600000e-05	7.609000e-03	7.374000e-03	2.823000e-03	2.000000e-06	8.800000e-05	5.500000e-05	5.500000e-05	2.330000e-04
-6.550000e+00	3.000000e-05	3.800000e-05	4.067700e-02	3.100000e-05	2.800000e-05	8.600000e-05	7.625000e-03	7.372000e-03	2.985000e-03	2.000000e-06	9.100000e-05	5.600000e-05	5.600000e-05	2.440000e-04
-6.500000e+00	3.100000e-05	4.000000e-05	4.338500e-02	3.100000e-05	2.800000e-05	8.500000e-05	7.667000e-03	7.369000e-03	3.143000e-03	3.000000e-06	9.200000e-05	5.600000e-05	5.600000e-05	2.540000e-04
-6.450000e+00	3.500000e-05	4.300000e-05	4.594600e-02	3.200000e-05	2.800000e-05	8.600000e-05	7.650000e-03	7.338000e-03	3.361000e-03	4.000000e-06	9.500000e-05	5.700000e-05	5.700000e-05	2.640000e-04
-6.400000e+00	4.000000e-05	4.500000e-05	4.848100e-02	3.300000e-05	3.100000e-05	8.700000e-05	7.697000e-03	7.452000e-03	3.565000e-03	6.000000e-06	9.400000e-05	5.700000e-05	5.800000e-05	2.740000e-04
-6.350000e+00	4.100000e-05	5.000000e-05	5.082900e-02	3.500000e-05	3.300000e-05	8.900000e-05	7.675000e-03	7.526000e-03	3.732000e-03	7.000000e-06	9.400000e-05	5.800000e-05	5.800000e-05	2.840000e-04
-6.300000e+00	4.400000e-05	5.700000e-05	5.324300e-02	3.700000e-05	3.800000e-05	9.200000e-05	7.643000e-03	7.575000e-03	3.883000e-03	1.000000e-05	9.700000e-05	5.900000e-05	5.900000e-05	2.940000e-04
-6.250000e+00	5.400000e-05	6.900000e-05	5.572000e-02	4.200000e-05	4.500000e-05	9.700000e-05	7.647000e-03	7.666000e-03	4.026000e-03	1.400000e-05	1.050000e-04	5.900000e-05	6.000000e-05	3.040000e-04
-6.200000e+00	7.600000e-05	9.300000e-05	5.816800e-02	5.200000e-05	5.500000e-05	1.040000e-04	7.698000e-03	7.816000e-03	4.168000e-03	2.100000e-05	1.160000e-04	6.000000e-05	6.100000e-05	3.140000e-04
-6.150000e+00	1.240000e-04	1.500000e-04	6.062700e-02	6.200000e-05	6.400000e-05	1.110000e-04	7.753000e-03	7.887000e-03	4.328000e-03	3.200000e-05	1.260000e-04	6.100000e-05	6.200000e-05	3.240000e-04
-6.100000e+00	2.410000e-04	3.000000e-04	6.290400e-02	7.300000e-05	7.600000e-05	1.290000e-04	7.864000e-03	7.966000e-03	4.521000e-03	4.400000e-05	1.300000e-04	6.300000e-05	6.400000e-05	3.330000e-04
-6.050000e+00	5.280000e-04	6.580000e-04	6.529300e-02	9.400000e-05	8.900000e-05	1.480000e-04	7.979000e-03	8.063000e-03	4.721000e-03	6.400000e-05	1.340000e-04	6.600000e-05	6.700000e-05	3.430000e-04
-6.000000e+00	1.227000e-03	1.522000e-03	6.784900e-02	1.170000e-04	1.030000e-04	1.710000e-04	8.110000e-03	8.144000e-03	4.903000e-03	8.900000e-05	1.350000e-04	7.000000e-05	7.300000e-05	3.530000e-04
-5.950000e+00	2.650000e-03	3.217000e-03	7.040700e-02	1.450000e-04	1.240000e-04	2.060000e-04	8.321000e-03	8.236000e-03	5.100000e-03	1.200000e-04	1.410000e-04	7.700000e-05	8.200000e-05	3.630000e-04
-5.900000e+00	4.770000e-03	5.510000e-03	7.284600e-02	1.830000e-04	1.610000e-04	2.600000e-04	8.649000e-03	8.387000e-03	5.357000e-03	1.620000e-04	1.530000e-04	8.700000e-05	9.400000e-05	3.740000e-04
-5.850000e+00	7.120000e-03	7.980000e-03	7.542700e-02	2.450000e-04	2.300000e-04	3.290000e-04	9.001000e-03	8.625000e-03	5.662000e-03	2.100000e-04	1.620000e-04	9.900000e-05	1.070000e-04	3.840000e-04
-5.800000e+00	9.551000e-03	1.042300e-02	7.776800e-02	3.290000e-04	3.050000e-04	4.440000e-04	9.401000e-03	8.876000e-03	5.896000e-03	2.960000e-04	1.650000e-04	1.120000e-04	1.210000e-04	3.940000e-04
-5.750000e+00	1.208600e-02	1.299900e-02	7.998900e-02	4.380000e-04	4.000000e-04	6.000000e-04	9.866000e-03	9.199000e-03	6.246000e-03	4.030000e-04	1.810000e-04	1.250000e-04	1.350000e-04	4.040000e-04
-5.700000e+00	1.455300e-02	1.566000e-02	8.227000e-02	5.800000e-04	5.330000e-04	8.110000e-04	1.042900e-02	9.597000e-03	6.674000e-03	5.410000e-04	1.950000e-04	1.400000e-04	1.510000e-04	4.150000e-04
-5.650000e+00	1.699300e-02	1.835900e-02	8.452000e-02	7.620000e-04	7.170000e-04	1.106000e-03	1.118800e-02	1.009500e-02	7.157000e-03	7.280000e-04	2.050000e-04	1.550000e-04	1.680000e-04	4.260000e-04
-5.600000e+00	1.955500e-02	2.109300e-02	8.668400e-02	9.970000e-04	9.610000e-04	1.531000e-03	1.217900e-02	1.069700e-02	7.712000e-03	9.880000e-04	2.160000e-04	1.720000e-04	1.860000e-04	4.380000e-04
-5.550000e+00	2.218300e-02	2.398500e-02	8.910200e-02	1.347000e-03	1.308000e-03	2.129000e-03	1.318200e-02	1.132400e-02	8.429000e-03	1.312000e-03	2.300000e-04	1.900000e-04	2.050000e-04	4.500000e-04
-5.500000e+00	2.463300e-02	2.674300e-02	9.147100e-02	1.770000e-03	1.756000e-03	2.843000e-03	1.458700e-02	1.217600e-02	9.292000e-03	1.729000e-03	2.530000e-04	2.090000e-04	2.270000e-04	4.630000e-04
-5.450000e+00	2.710100e-02	2.941300e-02	9.357000e-02	2.337000e-03	2.352000e-03	3.749000e-03	1.632000e-02	1.305400e-02	1.032500e-02	2.308000e-03	2.830000e-04	2.290000e-04	2.500000e-04	4.770000e-04
-5.400000e+00	2.952300e-02	3.206600e-02	9.562600e-02	3.085000e-03	3.134000e-03	4.917000e-03	1.844100e-02	1.416400e-02	1.155600e-02	3.071000e-03	3.130000e-04	2.520000e-04	2.760000e-04	4.930000e-04
-5.350000e+00	3.194100e-02	3.483400e-02	9.755300e-02	4.087000e-03	4.158000e-03	6.422000e-03	2.103100e-02	1.560400e-02	1.303200e-02	4.068000e-03	3.440000e-04	2.760000e-04	3.050000e-04	5.100000e-04
-5.300000e+00	3.443500e-02	3.779600e-02	9.922900e-02	5.448000e-03	5.484000e-03	8.346000e-03	2.419300e-02	1.741400e-02	1.483200e-02	5.385000e-03	3.780000e-04	3.030000e-04	3.380000e-04	5.290000e-04
-5.250000e+00	3.702100e-02	4.080600e-02	1.008120e-01	7.237000e-03	7.156000e-03	1.078600e-02	2.803900e-02	1.966100e-02	1.709700e-02	7.132000e-03	4.220000e-04	3.330000e-04	3.770000e-04	5.520000e-04
-5.200000e+00	3.950900e-02	4.370800e-02	1.023380e-01	9.505000e-03	9.528000e-03	1.381300e-02	3.325300e-02	2.229900e-02	2.000700e-02	9.388000e-03	4.710000e-04	3.680000e-04	4.240000e-04	5.780000e-04
-5.150000e+00	4.187100e-02	4.703800e-02	1.037840e-01	1.248200e-02	1.250400e-02	1.768600e-02	3.961200e-02	2.539000e-02	2.362900e-02	1.226700e-02	5.170000e-04	4.080000e-04	4.840000e-04	6.100000e-04
-5.100000e+00	4.427300e-02	5.041600e-02	1.048850e-01	1.627000e-02	1.632300e-02	2.260800e-02	4.719500e-02	2.933600e-02	2.808600e-02	1.601600e-02	5.740000e-04	4.540000e-04	5.610000e-04	6.480000e-04
-5.050000e+00	4.674500e-02	5.390900e-02	1.057750e-01	2.118400e-02	2.127900e-02	2.882600e-02	5.624500e-02	3.438200e-02	3.352900e-02	2.093400e-02	6.360000e-04	5.090000e-04	6.550000e-04	6.930000e-04
-5.000000e+00	4.923300e-02	5.772500e-02	1.066330e-01	2.768800e-02	2.771700e-02	3.665400e-02	6.714600e-02	4.063000e-02	4.016700e-02	2.733400e-02	7.030000e-04	5.740000e-04	7.660000e-04	7.490000e-04
-4.950000e+00	5.167900e-02	6.173800e-02	1.073090e-01	3.590300e-02	3.604600e-02	4.651700e-02	8.027100e-02	4.812800e-02	4.832700e-02	3.546600e-02	7.990000e-04	6.520000e-04	8.930000e-04	8.180000e-04
-4.900000e+00	5.426600e-02	6.643300e-02	1.080930e-01	4.638400e-02	4.631800e-02	5.878200e-02	9.626500e-02	5.721200e-02	5.856300e-02	4.580900e-02	9.250000e-04	7.480000e-04	1.031000e-03	9.060000e-04
-4.850000e+00	5.692000e-02	7.211500e-02	1.087300e-01	5.979900e-02	5.971500e-02	7.434500e-02	1.160240e-01	6.852300e-02	7.108200e-02	5.914600e-02	1.071000e-03	8.640000e-04	1.178000e-03	1.014000e-03
-4.800000e+00	5.941400e-02	7.964900e-02	1.090580e-01	7.683000e-02	7.682500e-02	9.373100e-02	1.404020e-01	8.227300e-02	8.653100e-02	7.614700e-02	1.254000e-03	1.007000e-03	1.338000e-03	1.148000e-03
-4.750000e+00	6.184700e-02	9.049100e-02	1.092750e-01	9.834000e-02	9.823300e-02	1.178310e-01	1.703790e-01	9.879200e-02	1.053990e-01	9.766100e-02	1.466000e-03	1.183000e-03	1.520000e-03	1.315000e-03
-4.700000e+00	6.441200e-02	1.068630e-01	1.096640e-01	1.254370e-01	1.248530e-01	1.478760e-01	2.071370e-01	1.185630e-01	1.282040e-01	1.247740e-01	1.696000e-03	1.400000e-03	1.735000e-03	1.522000e-03
-4.650000e+00	6.709100e-02	1.320990e-01	1.103250e-01	1.595450e-01	1.588380e-01	1.850510e-01	2.522430e-01	1.422380e-01	1.561470e-01	1.588210e-01	2.000000e-03	1.666000e-03	1.995000e-03	1.779000e-03
-4.600000e+00	6.949900e-02	1.484050e-01	1.108440e-01	2.018800e-01	2.012950e-01	2.312130e-01	3.073420e-01	1.706980e-01	1.897920e-01	2.012800e-01	2.371000e-03	1.993000e-03	2.317000e-03	2.099000e-03
-4.550000e+00	7.207900e-02	1.573890e-01	1.112320e-01	2.540950e-01	2.539860e-01	2.877720e-01	3.743030e-01	2.045520e-01	2.297520e-01	2.532100e-01	2.778000e-03	2.394000e-03	2.711000e-03	2.492000e-03
-4.500000e+00	7.473700e-02	1.620930e-01	1.115180e-01	3.185210e-01	3.187990e-01	3.571620e-01	4.557330e-01	2.448230e-01	2.776440e-01	3.175180e-01	3.253000e-03	2.882000e-03	3.191000e-03	2.972000e-03
-4.450000e+00	7.747700e-02	1.646380e-01	1.118270e-01	3.978830e-01	3.980530e-01	4.422660e-01	5.541760e-01	2.928720e-01	3.350090e-01	3.967420e-01	3.832000e-03	3.474000e-03	3.773000e-03	3.555000e-03
-4.400000e+00	8.027700e-02	1.662500e-01	1.123010e-01	4.950460e-01	4.946570e-01	5.458620e-01	6.726170e-01	3.501290e-01	4.031920e-01	4.931870e-01	4.539000e-03	4.187000e-03	4.476000e-03	4.260000e-03
-4.350000e+00	8.294800e-02	1.679260e-01	1.130220e-01	6.124060e-01	6.122860e-01	6.692660e-01	8.159530e-01	4.173880e-01	4.833200e-01	6.102620e-01	5.379000e-03	5.042000e-03	5.321000e-03	5.106000e-03
-4.300000e+00	8.566200e-02	1.690850e-01	1.133740e-01	7.522200e-01	7.528970e-01	8.161070e-01	9.854180e-01	4.960590e-01	5.770920e-01	7.496640e-01	6.379000e-03	6.060000e-03	6.331000e-03	6.118000e-03
-4.250000e+00	8.863700e-02	1.698170e-01	1.141330e-01	9.197230e-01	9.192770e-01	9.918740e-01	1.187247e+00	5.878090e-01	6.868080e-01	9.164390e-01	7.563000e-03	7.265000e-03	7.527000e-03	7.315000e-03
-4.200000e+00	9.165200e-02	1.706580e-01	1.150160e-01	1.118220e+00	1.116643e+00	1.199906e+00	1.424288e+00	6.938710e-01	8.146360e-01	1.114539e+00	8.941000e-03	8.682000e-03	8.935000e-03	8.726000e-03
-4.150000e+00	9.478300e-02	1.716870e-01	1.159440e-01	1.351719e+00	1.349675e+00	1.443855e+00	1.701554e+00	8.163500e-01	9.627740e-01	1.347357e+00	1.056200e-02	1.034200e-02	1.058500e-02	1.037900e-02
-4.100000e+00	9.813900e-02	1.727230e-01	1.170160e-01	1.624580e+00	1.622262e+00	1.728031e+00	2.025293e+00	9.576450e-01	1.133376e+00	1.618684e+00	1.248000e-02	1.227400e-02	1.250700e-02	1.230400e-02
-4.050000e+00	1.015520e-01	1.735220e-01	1.184730e-01	1.940289e+00	1.937912e+00	2.057932e+00	2.399603e+00	1.118878e+00	1.328499e+00	1.935389e+00	1.466500e-02	1.450600e-02	1.472800e-02	1.452900e-02
-4.000000e+00	1.051510e-01	1.746410e-01	1.198680e-01	2.300623e+00	2.300967e+00	2.433966e+00	2.828104e+00	1.300806e+00	1.549957e+00	2.294783e+00	1.717700e-02	1.705000e-02	1.726500e-02	1.706900e-02
-3.950000e+00	1.087040e-01	1.758690e-01	1.216910e-01	2.714296e+00	2.714719e+00	2.863741e+00	3.315821e+00	1.507771e+00	1.799995e+00	2.705617e+00	2.006100e-02	1.994900e-02	2.015400e-02	1.996200e-02
-3.900000e+00	1.124600e-01	1.773770e-01	1.237050e-01	3.183728e+00	3.183776e+00	3.351093e+00	3.866827e+00	1.741455e+00	2.081483e+00	3.171738e+00	2.330900e-02	2.322800e-02	2.342400e-02	2.323700e-02
-3.850000e+00	1.164620e-01	1.789850e-01	1.259680e-01	3.712280e+00	3.711772e+00	3.899726e+00	4.486820e+00	2.003238e+00	2.397335e+00	3.696871e+00	2.695200e-02	2.691100e-02	2.710000e-02	2.691600e-02
-3.800000e+00	1.206250e-01	1.805700e-01	1.285790e-01	4.303256e+00	4.301277e+00	4.512427e+00	5.181430e+00	2.294456e+00	2.749981e+00	4.284213e+00	3.102500e-02	3.101800e-02	3.120300e-02	3.102000e-02
-3.750000e+00	1.248390e-01	1.824920e-01	1.313970e-01	4.957242e+00	4.954163e+00	5.189538e+00	5.952246e+00	2.616966e+00	3.140432e+00	4.935661e+00	3.549500e-02	3.557800e-02	3.574000e-02	3.557800e-02
-3.700000e+00	1.291450e-01	1.848510e-01	1.340860e-01	5.666400e+00	5.664709e+00	5.929034e+00	6.792022e+00	2.970814e+00	3.568151e+00	5.645258e+00	4.039500e-02	4.054100e-02	4.069400e-02	4.053900e-02
-3.650000e+00	1.337560e-01	1.871700e-01	1.372390e-01	6.440170e+00	6.440225e+00	6.735934e+00	7.704943e+00	3.359353e+00	4.036127e+00	6.416715e+00	4.575700e-02	4.595300e-02	4.609600e-02	4.595000e-02
-3.600000e+00	1.386090e-01	1.893170e-01	1.407290e-01	7.275375e+00	7.275522e+00	7.608553e+00	8.694534e+00	3.782803e+00	4.545684e+00	7.250572e+00	5.160600e-02	5.181000e-02	5.194400e-02	5.180800e-02
-3.550000e+00	1.435650e-01	1.916230e-01	1.445810e-01	8.169235e+00	8.168666e+00	8.542712e+00	9.758865e+00	4.242033e+00	5.097997e+00	8.143471e+00	5.788300e-02	5.810200e-02	5.822600e-02	5.810200e-02
-3.500000e+00	1.486210e-01	1.944130e-01	1.488430e-01	9.119023e+00	9.117638e+00	9.534074e+00	1.089252e+01	4.737723e+00	5.693743e+00	9.089341e+00	6.450800e-02	6.480800e-02	6.492200e-02	6.481100e-02
-3.450000e+00	1.541610e-01	1.975030e-01	1.534410e-01	1.012091e+01	1.011322e+01	1.058239e+01	1.209150e+01	5.268664e+00	6.332522e+00	1.008234e+01	7.149600e-02	7.189700e-02	7.200100e-02	7.190500e-02
-3.400000e+00	1.596190e-01	2.006690e-01	1.586050e-01	1.114542e+01	1.113748e+01	1.166012e+01	1.333601e+01	5.831031e+00	7.005875e+00	1.110050e+01	7.839500e-02	7.922400e-02	7.931900e-02	7.923900e-02
-3.350000e+00	1.648710e-01	2.037630e-01	1.640930e-01	1.219936e+01	1.219214e+01	1.277628e+01	1.462824e+01	6.424579e+00	7.716411e+00	1.215099e+01	8.580100e-02	8.681800e-02	8.690500e-02	8.684200e-02
-3.300000e+00	1.700880e-01	2.070320e-01	1.697500e-01	1.327405e+01	1.326700e+01	1.392054e+01	1.595826e+01	7.051088e+00	8.461177e+00	1.322383e+01	9.347500e-02	9.462000e-02	9.469800e-02	9.465500e-02
-3.250000e+00	1.755220e-01	2.101310e-01	1.757190e-01	1.435953e+01	1.435335e+01	1.508368e+01	1.731365e+01	7.707539e+00	9.236409e+00	1.430723e+01	1.012990e-01	1.025600e-01	1.026290e-01	1.026070e-01
-3.200000e+00	1.813060e-01	2.128920e-01	1.821260e-01	1.544441e+01	1.544032e+01	1.625560e+01	1.868232e+01	8.388694e+00	1.003793e+01	1.538810e+01	1.092060e-01	1.105570e-01	1.106170e-01	1.106210e-01
-3.150000e+00	1.872010e-01	2.161570e-01	1.886760e-01	1.651585e+01	1.650921e+01	1.742211e+01	2.005689e+01	9.091898e+00	1.086176e+01	1.645276e+01	1.170550e-01	1.185230e-01	1.185730e-01	1.186050e-01
-3.100000e+00	1.931170e-01	2.192330e-01	1.955840e-01	1.753454e+01	1.752743e+01	1.854553e+01	2.139468e+01	9.803665e+00	1.168911e+01	1.746489e+01	1.247050e-01	1.261970e-01	1.262380e-01	1.263010e-01
-3.050000e+00	1.986280e-01	2.222690e-01	2.028860e-01	1.850773e+01	1.850115e+01	1.963393e+01	2.270626e+01	1.052199e+01	1.252645e+01	1.843493e+01	1.320460e-01	1.336290e-01	1.336600e-01	1.337600e-01
-3.000000e+00	2.038640e-01	2.253180e-01	2.105220e-01	1.942092e+01	1.941728e+01	2.067843e+01	2.397971e+01	1.124365e+01	1.336274e+01	1.934564e+01	1.390970e-01	1.407170e-01	1.407380e-01	1.408780e-01
-2.950000e+00	2.088890e-01	2.280830e-01	2.186660e-01	2.026202e+01	2.026070e+01	2.166634e+01	2.520213e+01	1.196345e+01	1.418924e+01	2.018404e+01	1.457980e-01	1.473640e-01	1.473760e-01	1.475600e-01
-2.900000e+00	2.137800e-01	2.302490e-01	2.275590e-01	2.102108e+01	2.101886e+01	2.258497e+01	2.636124e+01	1.267465e+01	1.499873e+01	2.094032e+01	1.520490e-01	1.534760e-01	1.534790e-01	1.537130e-01
-2.850000e+00	2.187320e-01	2.318390e-01	2.373080e-01	2.168959e+01	2.168745e+01	2.342659e+01	2.744727e+01	1.336989e+01	1.578403e+01	2.160601e+01	1.577690e-01	1.589660e-01	1.589600e-01	1.592500e-01
-2.800000e+00	2.230320e-01	2.334400e-01	2.476890e-01	2.223120e+01	2.222314e+01	2.415189e+01	2.839521e+01	1.401848e+01	1.651302e+01	2.214081e+01	1.636190e-01	1.635130e-01	1.634970e-01	1.638510e-01
-2.750000e+00	2.269920e-01	2.351640e-01	2.585750e-01	2.266441e+01	2.265290e+01	2.479267e+01	2.923736e+01	1.462913e+01	1.719043e+01	2.256815e+01	1.681870e-01	1.672600e-01	1.672350e-01	1.676610e-01
-2.700000e+00	2.304660e-01	2.366660e-01	2.695820e-01	2.299004e+01	2.297547e+01	2.534007e+01	2.994949e+01	1.519389e+01	1.781008e+01	2.289016e+01	1.717160e-01	1.701510e-01	1.701170e-01	1.706220e-01
-2.650000e+00	2.333790e-01	2.377970e-01	2.812550e-01	2.320706e+01	2.318923e+01	2.579107e+01	3.052648e+01	1.570663e+01	1.836450e+01	2.310277e+01	1.744520e-01	1.721460e-01	1.721030e-01	1.726960e-01
-2.600000e+00	2.358880e-01	2.384730e-01	2.942260e-01	2.331482e+01	2.329353e+01	2.614805e+01	3.097133e+01	1.616029e+01	1.884587e+01	2.320352e+01	1.765160e-01	1.732180e-01	1.731660e-01	1.738570e-01
-2.550000e+00	2.385520e-01	2.385280e-01	3.081240e-01	2.331558e+01	2.329007e+01	2.641813e+01	3.128223e+01	1.654364e+01	1.924712e+01	2.319993e+01	1.777750e-01	1.733550e-01	1.732930e-01	1.740930e-01
-2.500000e+00	2.409480e-01	2.380550e-01	3.237310e-01	2.318828e+01	2.316107e+01	2.658298e+01	3.141464e+01	1.683916e+01	1.952722e+01	2.307214e+01	1.782620e-01	1.723440e-01	1.722730e-01	1.731960e-01
-2.450000e+00	2.428920e-01	2.371940e-01	3.406660e-01	2.297501e+01	2.294500e+01	2.667392e+01	3.140521e+01	1.705713e+01	1.971813e+01	2.285317e+01	1.781520e-01	1.704370e-01	1.703560e-01	1.714150e-01
-2.400000e+00	2.443920e-01	2.359850e-01	3.594210e-01	2.267808e+01	2.264090e+01	2.669322e+01	3.125240e+01	1.719490e+01	1.981405e+01	2.255326e+01	1.774010e-01	1.676790e-01	1.675890e-01	1.687960e-01
-2.350000e+00	2.454760e-01	2.346240e-01	3.802560e-01	2.230377e+01	2.225775e+01	2.664428e+01	3.095255e+01	1.724896e+01	1.981072e+01	2.217893e+01	1.759620e-01	1.641170e-01	1.640170e-01	1.653860e-01
-2.300000e+00	2.461640e-01	2.331390e-01	4.031930e-01	2.185922e+01	2.180765e+01	2.652872e+01	3.050087e+01	1.721704e+01	1.970603e+01	2.173443e+01	1.738740e-01	1.598060e-01	1.596970e-01	1.612410e-01
-2.250000e+00	2.464340e-01	2.310760e-01	4.280110e-01	2.134942e+01	2.129930e+01	2.634362e+01	2.989260e+01	1.710016e+01	1.950040e+01	2.122315e+01	1.713320e-01	1.548220e-01	1.547040e-01	1.564340e-01
-2.200000e+00	2.466250e-01	2.288330e-01	4.559310e-01	2.077208e+01	2.071675e+01	2.607773e+01	2.909767e+01	1.687654e+01	1.916971e+01	2.064567e+01	1.683670e-01	1.490480e-01	1.489200e-01	1.508580e-01
-2.150000e+00	2.462640e-01	2.262510e-01	4.873400e-01	2.014305e+01	2.008674e+01	2.573228e+01	2.814030e+01	1.657316e+01	1.874397e+01	2.001629e+01	1.642340e-01	1.427780e-01	1.426420e-01	1.448010e-01
-2.100000e+00	2.459440e-01	2.234710e-01	5.225110e-01	1.947316e+01	1.941547e+01	2.529036e+01	2.704451e+01	1.619486e+01	1.822690e+01	1.934962e+01	1.601810e-01	1.360970e-01	1.359530e-01	1.383450e-01
-2.050000e+00	2.457370e-01	2.205030e-01	5.612560e-01	1.877068e+01	1.870992e+01	2.473375e+01	2.584331e+01	1.574850e+01	1.762788e+01	1.865201e+01	1.563950e-01	1.290910e-01	1.289380e-01	1.315800e-01
-2.000000e+00	2.454230e-01	2.173420e-01	6.033270e-01	1.804159e+01	1.797688e+01	2.404079e+01	2.457711e+01	1.524153e+01	1.695675e+01	1.792485e+01	1.525280e-01	1.218450e-01	1.216830e-01	1.245890e-01
-1.950000e+00	2.447260e-01	2.140680e-01	6.490520e-01	1.729011e+01	1.722212e+01	2.318516e+01	2.329163e+01	1.468073e+01	1.621958e+01	1.716770e+01	1.481650e-01	1.144400e-01	1.142690e-01	1.174380e-01
-1.900000e+00	2.435220e-01	2.107770e-01	6.979270e-01	1.650824e+01	1.643394e+01	2.208203e+01	2.196900e+01	1.405728e+01	1.542059e+01	1.638776e+01	1.440260e-01	1.068040e-01	1.066240e-01	1.100760e-01
-1.850000e+00	2.422460e-01	2.074520e-01	7.503800e-01	1.571697e+01	1.563997e+01	2.085650e+01	2.059923e+01	1.339364e+01	1.459525e+01	1.559357e+01	1.393750e-01	9.915000e-02	9.896200e-02	1.027020e-01
-1.800000e+00	2.413150e-01	2.040130e-01	8.070070e-01	1.491660e+01	1.483914e+01	1.965366e+01	1.919730e+01	1.270360e+01	1.375370e+01	1.479354e+01	1.346410e-01	9.154600e-02	9.134900e-02	9.538000e-02
-1.750000e+00	2.406450e-01	2.006560e-01	8.676980e-01	1.411303e+01	1.403538e+01	1.851178e+01	1.777577e+01	1.199266e+01	1.289953e+01	1.399332e+01	1.300490e-01	8.406500e-02	8.385800e-02	8.820300e-02
-1.700000e+00	2.398750e-01	1.974430e-01	9.316940e-01	1.331283e+01	1.323371e+01	1.740665e+01	1.634672e+01	1.126488e+01	1.203619e+01	1.319693e+01	1.255010e-01	7.676500e-02	7.654700e-02	8.122100e-02
-1.650000e+00	2.385880e-01	1.939330e-01	9.977320e-01	1.251957e+01	1.243729e+01	1.628687e+01	1.492310e+01	1.052797e+01	1.117144e+01	1.240766e+01	1.204900e-01	6.967600e-02	6.945200e-02	7.440700e-02
-1.600000e+00	2.373470e-01	1.906260e-01	1.066343e+00	1.172778e+01	1.164655e+01	1.511889e+01	1.349235e+01	9.781203e+00	1.029699e+01	1.162068e+01	1.155250e-01	6.276300e-02	6.253000e-02	6.777700e-02
-1.550000e+00	2.362640e-01	1.873140e-01	1.138195e+00	1.094779e+01	1.087116e+01	1.393406e+01	1.210090e+01	9.039508e+00	9.438912e+00	1.085003e+01	1.104520e-01	5.617500e-02	5.593400e-02	6.145300e-02
-1.500000e+00	2.355710e-01	1.842960e-01	1.211309e+00	1.018273e+01	1.011391e+01	1.274728e+01	1.075974e+01	8.310548e+00	8.601018e+00	1.009792e+01	1.052830e-01	4.994400e-02	4.969600e-02	5.546700e-02
-1.450000e+00	2.348710e-01	1.814250e-01	1.284853e+00	9.436279e+00	9.377566e+00	1.157119e+01	9.482120e+00	7.598938e+00	7.789105e+00	9.364556e+00	1.002650e-01	4.410000e-02	4.384400e-02	4.983800e-02
-1.400000e+00	2.338340e-01	1.785010e-01	1.358670e+00	8.711783e+00	8.663919e+00	1.041702e+01	8.278149e+00	6.908858e+00	7.009077e+00	8.650835e+00	9.539900e-02	3.866200e-02	3.840000e-02	4.458000e-02
-1.350000e+00	2.328850e-01	1.756230e-01	1.432528e+00	8.011755e+00	7.973219e+00	9.295219e+00	7.152432e+00	6.245606e+00	6.265727e+00	7.959921e+00	9.008300e-02	3.364500e-02	3.337900e-02	3.970000e-02
-1.300000e+00	2.318700e-01	1.726740e-01	1.503196e+00	7.327845e+00	7.301933e+00	8.197499e+00	6.096453e+00	5.600837e+00	5.554040e+00	7.291979e+00	8.500400e-02	2.899100e-02	2.872000e-02	3.515500e-02
-1.250000e+00	2.308840e-01	1.698960e-01	1.571183e+00	6.669452e+00	6.657674e+00	7.152827e+00	5.136180e+00	4.990106e+00	4.887430e+00	6.652128e+00	7.968700e-02	2.477500e-02	2.449800e-02	3.099000e-02
-1.200000e+00	2.299240e-01	1.671790e-01	1.635573e+00	6.038071e+00	6.043720e+00	6.169301e+00	4.276727e+00	4.415786e+00	4.268735e+00	6.040854e+00	7.454000e-02	2.099000e-02	2.071000e-02	2.719300e-02
-1.150000e+00	2.288590e-01	1.644350e-01	1.694294e+00	5.435179e+00	5.460355e+00	5.254349e+00	3.518627e+00	3.878147e+00	3.698382e+00	5.459173e+00	6.936500e-02	1.762400e-02	1.734100e-02	2.374700e-02
-1.100000e+00	2.276360e-01	1.616360e-01	1.745275e+00	4.862772e+00	4.907130e+00	4.414735e+00	2.859369e+00	3.377994e+00	3.176593e+00	4.907650e+00	6.401700e-02	1.466100e-02	1.437600e-02	2.063200e-02
-1.050000e+00	2.264840e-01	1.588550e-01	1.787889e+00	4.323526e+00	4.384243e+00	3.656164e+00	2.294348e+00	2.917738e+00	2.704280e+00	4.385911e+00	5.883700e-02	1.208200e-02	1.179700e-02	1.783000e-02
-1.000000e+00	2.252630e-01	1.559060e-01	1.816519e+00	3.808097e+00	3.884819e+00	2.969414e+00	1.808491e+00	2.490773e+00	2.273975e+00	3.887390e+00	5.390400e-02	9.835000e-03	9.548000e-03	1.528800e-02
-9.500000e-01	2.235770e-01	1.532350e-01	1.833335e+00	3.325696e+00	3.418542e+00	2.371863e+00	1.406843e+00	2.106144e+00	1.893957e+00	3.421496e+00	4.909700e-02	7.928000e-03	7.641000e-03	1.301000e-02
-9.000000e-01	2.217940e-01	1.502920e-01	1.835373e+00	2.877808e+00	2.985079e+00	1.862871e+00	1.078242e+00	1.761229e+00	1.560592e+00	2.987661e+00	4.447300e-02	6.331000e-03	6.045000e-03	1.097600e-02
-8.500000e-01	2.197250e-01	1.470840e-01	1.819979e+00	2.465865e+00	2.583986e+00	1.438000e+00	8.136120e-01	1.455218e+00	1.270410e+00	2.585339e+00	4.005400e-02	5.009000e-03	4.727000e-03	9.165000e-03
-8.000000e-01	2.171060e-01	1.438240e-01	1.785837e+00	2.090021e+00	2.214504e+00	1.090031e+00	6.042090e-01	1.186955e+00	1.020660e+00	2.214659e+00	3.580900e-02	3.930000e-03	3.655000e-03	7.557000e-03
-7.500000e-01	2.140660e-01	1.406020e-01	1.733871e+00	1.748930e+00	1.875597e+00	8.101400e-01	4.413040e-01	9.541960e-01	8.091460e-01	1.876518e+00	3.165700e-02	3.062000e-03	2.794000e-03	6.138000e-03
-7.000000e-01	2.103300e-01	1.371920e-01	1.657496e+00	1.437892e+00	1.563998e+00	5.876650e-01	3.150200e-01	7.526840e-01	6.287220e-01	1.566101e+00	2.760000e-02	2.374000e-03	2.112000e-03	4.869000e-03
-6.500000e-01	2.068900e-01	1.336000e-01	1.560839e+00	1.163816e+00	1.283546e+00	4.177040e-01	2.201710e-01	5.831750e-01	4.803890e-01	1.286075e+00	2.394600e-02	1.840000e-03	1.586000e-03	3.769000e-03
-6.000000e-01	2.026840e-01	1.296320e-01	1.446399e+00	9.244860e-01	1.035760e+00	2.909070e-01	1.502520e-01	4.430480e-01	3.600890e-01	1.038061e+00	2.072400e-02	1.433000e-03	1.188000e-03	2.834000e-03
-5.500000e-01	1.976380e-01	1.252380e-01	1.316163e+00	7.195330e-01	8.198570e-01	1.982210e-01	1.000430e-01	3.297980e-01	2.643310e-01	8.214570e-01	1.780300e-02	1.127000e-03	8.910000e-04	2.061000e-03
-5.000000e-01	1.920340e-01	1.204740e-01	1.172711e+00	5.476290e-01	6.344430e-01	1.319920e-01	6.489900e-02	2.429820e-01	1.897640e-01	6.355780e-01	1.511200e-02	8.910000e-04	6.690000e-04	1.435000e-03
-4.500000e-01	1.859230e-01	1.154660e-01	1.019987e+00	4.059640e-01	4.781560e-01	8.596700e-02	4.081900e-02	1.827600e-01	1.330730e-01	4.800300e-01	1.272200e-02	6.970000e-04	4.980000e-04	9.350000e-04
-4.000000e-01	1.787260e-01	1.102130e-01	8.567540e-01	2.896250e-01	3.466990e-01	5.429700e-02	2.468700e-02	1.339590e-01	9.029500e-02	3.479030e-01	1.012700e-02	5.160000e-04	3.540000e-04	5.610000e-04
-3.500000e-01	1.709590e-01	1.050720e-01	6.944050e-01	1.997840e-01	2.409940e-01	3.344700e-02	1.439200e-02	9.819100e-02	5.933600e-02	2.423220e-01	8.292000e-03	3.790000e-04	2.500000e-04	3.380000e-04
-3.000000e-01	1.629020e-01	9.977400e-02	5.402320e-01	1.323950e-01	1.600700e-01	2.028300e-02	8.016000e-03	7.266700e-02	3.781900e-02	1.612500e-01	6.618000e-03	2.480000e-04	1.590000e-04	1.800000e-04
-2.500000e-01	1.547300e-01	9.446300e-02	4.034540e-01	8.434600e-02	1.017180e-01	1.224600e-02	4.239000e-03	5.416600e-02	2.340700e-02	1.023100e-01	5.050000e-03	1.280000e-04	8.200000e-05	7.800000e-05
-2.000000e-01	1.464830e-01	8.900800e-02	2.820950e-01	5.083600e-02	6.006100e-02	7.612000e-03	2.020000e-03	3.664800e-02	1.385800e-02	6.007400e-02	3.825000e-03	2.700000e-05	2.000000e-05	1.900000e-05
-1.500000e-01	1.383590e-01	8.336600e-02	1.854850e-01	2.955600e-02	3.285000e-02	5.091000e-03	8.810000e-04	2.296600e-02	7.855000e-03	3.276400e-02	4.032000e-03	4.000000e-06	4.000000e-06	4.000000e-06
-1.000000e-01	1.298570e-01	7.739300e-02	1.153980e-01	1.685600e-02	1.664500e-02	3.625000e-03	3.430000e-04	1.196100e-02	4.118000e-03	1.657400e-02	5.121200e-02	0.000000e+00	0.000000e+00	0.000000e+00
-5.000000e-02	1.214110e-01	7.112600e-02	7.255600e-02	9.954000e-03	8.500000e-03	2.637000e-03	1.380000e-04	2.665000e-03	1.939000e-03	8.509000e-03	2.804174e+00	0.000000e+00	0.000000e+00	0.000000e+00
0.000000e+00	1.162100e-01	6.729200e-02	5.571900e-02	7.370000e-03	5.655000e-03	2.172000e-03	7.700000e-05	1.562000e-03	1.110000e-03	5.649000e-03	7.028500e+01	0.000000e+00	0.000000e+00	0.000000e+00
