-8.900000e+00	2.000000e-05	2.000000e-05	2.000000e-05	2.000000e-05	1.900000e-05	4.900000e-05	3.100000e-04	2.190000e-04	2.090000e-04	0.000000e+00	4.500000e-05	3.900000e-05	3.900000e-05	3.900000e-05
-8.850000e+00	2.400000e-05	2.300000e-05	2.400000e-05	2.300000e-05	2.300000e-05	5.700000e-05	3.440000e-04	2.490000e-04	2.440000e-04	0.000000e+00	5.200000e-05	4.600000e-05	4.600000e-05	4.600000e-05
-8.800000e+00	2.800000e-05	2.800000e-05	2.800000e-05	2.700000e-05	2.600000e-05	6.600000e-05	3.800000e-04	2.870000e-04	2.820000e-04	0.000000e+00	6.000000e-05	5.400000e-05	5.400000e-05	5.400000e-05
-8.750000e+00	3.100000e-05	3.200000e-05	3.200000e-05	3.100000e-05	3.000000e-05	7.500000e-05	4.270000e-04	3.250000e-04	3.220000e-04	0.000000e+00	6.900000e-05	6.200000e-05	6.200000e-05	6.200000e-05
-8.700000e+00	3.500000e-05	3.700000e-05	3.600000e-05	3.500000e-05	3.500000e-05	8.600000e-05	4.820000e-04	3.670000e-04	3.670000e-04	0.000000e+00	7.800000e-05	7.100000e-05	7.100000e-05	7.100000e-05
-8.650000e+00	4.000000e-05	4.200000e-05	4.100000e-05	4.000000e-05	4.000000e-05	9.700000e-05	5.450000e-04	4.110000e-04	4.160000e-04	0.000000e+00	8.900000e-05	8.100000e-05	8.100000e-05	8.100000e-05
-8.600000e+00	4.600000e-05	4.600000e-05	4.600000e-05	4.500000e-05	4.500000e-05	1.090000e-04	6.190000e-04	4.590000e-04	4.680000e-04	0.000000e+00	1.010000e-04	9.200000e-05	9.200000e-05	9.200000e-05
-8.550000e+00	5.200000e-05	5.200000e-05	5.100000e-05	5.100000e-05	5.000000e-05	1.210000e-04	6.970000e-04	5.160000e-04	5.180000e-04	0.000000e+00	1.130000e-04	1.030000e-04	1.030000e-04	1.030000e-04
-8.500000e+00	5.700000e-05	5.800000e-05	5.800000e-05	5.600000e-05	5.600000e-05	1.340000e-04	7.670000e-04	5.830000e-04	5.750000e-04	0.000000e+00	1.260000e-04	1.150000e-04	1.150000e-04	1.150000e-04
-8.450000e+00	6.400000e-05	6.500000e-05	6.400000e-05	6.300000e-05	6.200000e-05	1.490000e-04	8.670000e-04	6.470000e-04	6.380000e-04	0.000000e+00	1.400000e-04	1.280000e-04	1.280000e-04	1.280000e-04
-8.400000e+00	7.000000e-05	7.200000e-05	7.100000e-05	7.000000e-05	6.900000e-05	1.650000e-04	9.770000e-04	7.170000e-04	7.090000e-04	0.000000e+00	1.550000e-04	1.420000e-04	1.420000e-04	1.420000e-04
-8.350000e+00	7.800000e-05	8.000000e-05	7.900000e-05	7.700000e-05	7.700000e-05	1.820000e-04	1.109000e-03	7.940000e-04	7.850000e-04	0.000000e+00	1.720000e-04	1.580000e-04	1.580000e-04	1.590000e-04
-8.300000e+00	8.600000e-05	8.700000e-05	8.900000e-05	8.600000e-05	8.500000e-05	2.010000e-04	1.277000e-03	8.750000e-04	8.670000e-04	0.000000e+00	1.910000e-04	1.760000e-04	1.760000e-04	1.780000e-04
-8.250000e+00	9.600000e-05	9.600000e-05	9.900000e-05	9.500000e-05	9.400000e-05	2.210000e-04	1.429000e-03	9.590000e-04	9.530000e-04	2.000000e-06	2.110000e-04	1.940000e-04	1.940000e-04	1.990000e-04
-8.200000e+00	1.060000e-04	1.050000e-04	1.080000e-04	1.040000e-04	1.020000e-04	2.410000e-04	1.586000e-03	1.061000e-03	1.037000e-03	1.000000e-06	2.290000e-04	2.110000e-04	2.110000e-04	2.200000e-04
-8.150000e+00	1.140000e-04	1.120000e-04	1.170000e-04	1.110000e-04	1.100000e-04	2.610000e-04	1.755000e-03	1.178000e-03	1.126000e-03	0.000000e+00	2.480000e-04	2.270000e-04	2.270000e-04	2.430000e-04
-8.100000e+00	1.200000e-04	1.190000e-04	1.280000e-04	1.190000e-04	1.180000e-04	2.810000e-04	1.932000e-03	1.297000e-03	1.216000e-03	0.000000e+00	2.680000e-04	2.440000e-04	2.440000e-04	2.680000e-04
-8.050000e+00	1.280000e-04	1.280000e-04	1.420000e-04	1.270000e-04	1.270000e-04	3.030000e-04	2.115000e-03	1.418000e-03	1.313000e-03	0.000000e+00	2.900000e-04	2.620000e-04	2.620000e-04	2.960000e-04
-8.000000e+00	1.380000e-04	1.390000e-04	1.560000e-04	1.370000e-04	1.360000e-04	3.270000e-04	2.316000e-03	1.554000e-03	1.426000e-03	0.000000e+00	3.130000e-04	2.820000e-04	2.820000e-04	3.280000e-04
-7.950000e+00	1.490000e-04	1.490000e-04	1.720000e-04	1.480000e-04	1.470000e-04	3.540000e-04	2.568000e-03	1.734000e-03	1.547000e-03	0.000000e+00	3.400000e-04	3.040000e-04	3.040000e-04	3.660000e-04
-7.900000e+00	1.580000e-04	1.560000e-04	1.900000e-04	1.590000e-04	1.570000e-04	3.780000e-04	2.876000e-03	1.900000e-03	1.662000e-03	1.000000e-06	3.630000e-04	3.230000e-04	3.230000e-04	4.060000e-04
-7.850000e+00	1.690000e-04	1.650000e-04	2.100000e-04	1.700000e-04	1.670000e-04	4.020000e-04	3.146000e-03	2.075000e-03	1.777000e-03	2.000000e-06	3.880000e-04	3.420000e-04	3.420000e-04	4.460000e-04
-7.800000e+00	1.790000e-04	1.760000e-04	2.330000e-04	1.810000e-04	1.770000e-04	4.280000e-04	3.441000e-03	2.263000e-03	1.899000e-03	4.000000e-06	4.140000e-04	3.620000e-04	3.620000e-04	4.880000e-04
-7.750000e+00	1.870000e-04	1.880000e-04	2.660000e-04	1.930000e-04	1.880000e-04	4.570000e-04	3.783000e-03	2.466000e-03	2.035000e-03	5.000000e-06	4.420000e-04	3.820000e-04	3.820000e-04	5.390000e-04
-7.700000e+00	1.970000e-04	1.980000e-04	3.110000e-04	2.040000e-04	1.980000e-04	4.860000e-04	4.156000e-03	2.685000e-03	2.181000e-03	7.000000e-06	4.720000e-04	4.030000e-04	4.030000e-04	6.040000e-04
-7.650000e+00	2.050000e-04	2.060000e-04	3.560000e-04	2.150000e-04	2.120000e-04	5.150000e-04	4.508000e-03	2.929000e-03	2.317000e-03	1.100000e-05	5.010000e-04	4.230000e-04	4.230000e-04	6.670000e-04
-7.600000e+00	2.140000e-04	2.150000e-04	4.110000e-04	2.290000e-04	2.230000e-04	5.420000e-04	4.891000e-03	3.197000e-03	2.460000e-03	1.300000e-05	5.320000e-04	4.430000e-04	4.430000e-04	7.380000e-04
-7.550000e+00	2.240000e-04	2.250000e-04	4.900000e-04	2.440000e-04	2.360000e-04	5.710000e-04	5.292000e-03	3.483000e-03	2.614000e-03	1.600000e-05	5.630000e-04	4.630000e-04	4.630000e-04	8.350000e-04
-7.500000e+00	2.350000e-04	2.360000e-04	6.150000e-04	2.590000e-04	2.500000e-04	5.980000e-04	5.674000e-03	3.786000e-03	2.769000e-03	2.000000e-05	5.950000e-04	4.830000e-04	4.830000e-04	9.450000e-04
-7.450000e+00	2.450000e-04	2.470000e-04	8.200000e-04	2.740000e-04	2.650000e-04	6.290000e-04	6.020000e-03	4.121000e-03	2.923000e-03	2.600000e-05	6.280000e-04	5.020000e-04	5.020000e-04	1.078000e-03
-7.400000e+00	2.550000e-04	2.570000e-04	1.173000e-03	2.910000e-04	2.780000e-04	6.650000e-04	6.331000e-03	4.497000e-03	3.081000e-03	3.800000e-05	6.610000e-04	5.200000e-04	5.200000e-04	1.254000e-03
-7.350000e+00	2.640000e-04	2.670000e-04	1.852000e-03	3.130000e-04	2.960000e-04	7.020000e-04	6.623000e-03	4.875000e-03	3.250000e-03	5.100000e-05	6.920000e-04	5.360000e-04	5.360000e-04	1.474000e-03
-7.300000e+00	2.790000e-04	2.770000e-04	3.380000e-03	3.310000e-04	3.160000e-04	7.450000e-04	6.871000e-03	5.298000e-03	3.441000e-03	6.700000e-05	7.230000e-04	5.540000e-04	5.540000e-04	1.785000e-03
-7.250000e+00	2.990000e-04	2.950000e-04	6.850000e-03	3.640000e-04	3.460000e-04	7.920000e-04	7.185000e-03	5.771000e-03	3.649000e-03	9.500000e-05	7.530000e-04	5.710000e-04	5.710000e-04	2.167000e-03
-7.200000e+00	3.340000e-04	3.270000e-04	1.318600e-02	4.020000e-04	3.860000e-04	8.500000e-04	7.466000e-03	6.281000e-03	3.847000e-03	1.310000e-04	7.810000e-04	5.890000e-04	5.890000e-04	2.586000e-03
-7.150000e+00	4.060000e-04	3.960000e-04	2.213500e-02	4.460000e-04	4.400000e-04	9.220000e-04	7.712000e-03	6.814000e-03	4.038000e-03	1.720000e-04	8.050000e-04	6.090000e-04	6.090000e-04	2.970000e-03
-7.100000e+00	5.610000e-04	5.530000e-04	3.120400e-02	5.050000e-04	5.060000e-04	1.006000e-03	7.942000e-03	7.317000e-03	4.236000e-03	2.170000e-04	8.260000e-04	6.360000e-04	6.370000e-04	3.261000e-03
-7.050000e+00	9.310000e-04	9.430000e-04	3.644000e-02	5.810000e-04	5.740000e-04	1.106000e-03	8.088000e-03	7.635000e-03	4.441000e-03	2.980000e-04	8.430000e-04	6.750000e-04	6.780000e-04	3.481000e-03
-7.000000e+00	1.892000e-03	1.938000e-03	3.966800e-02	6.810000e-04	6.660000e-04	1.226000e-03	8.266000e-03	7.967000e-03	4.699000e-03	3.800000e-04	8.580000e-04	7.510000e-04	7.570000e-04	3.670000e-03
-6.950000e+00	3.477000e-03	3.549000e-03	4.259100e-02	8.100000e-04	7.900000e-04	1.380000e-03	8.497000e-03	8.307000e-03	4.982000e-03	5.070000e-04	8.750000e-04	8.700000e-04	8.800000e-04	3.855000e-03
-6.900000e+00	5.585000e-03	5.644000e-03	4.523900e-02	9.720000e-04	9.680000e-04	1.576000e-03	8.813000e-03	8.636000e-03	5.307000e-03	6.740000e-04	8.940000e-04	1.022000e-03	1.036000e-03	4.040000e-03
-6.850000e+00	7.971000e-03	7.991000e-03	4.776800e-02	1.183000e-03	1.203000e-03	1.818000e-03	9.182000e-03	8.961000e-03	5.690000e-03	8.850000e-04	9.150000e-04	1.197000e-03	1.213000e-03	4.226000e-03
-6.800000e+00	1.046500e-02	1.046400e-02	5.031500e-02	1.465000e-03	1.492000e-03	2.117000e-03	9.605000e-03	9.309000e-03	6.141000e-03	1.151000e-03	9.390000e-04	1.383000e-03	1.402000e-03	4.415000e-03
-6.750000e+00	1.300000e-02	1.295400e-02	5.280600e-02	1.851000e-03	1.884000e-03	2.507000e-03	1.025100e-02	9.709000e-03	6.661000e-03	1.467000e-03	9.670000e-04	1.575000e-03	1.596000e-03	4.607000e-03
-6.700000e+00	1.547600e-02	1.543500e-02	5.540200e-02	2.351000e-03	2.356000e-03	3.057000e-03	1.093600e-02	1.014500e-02	7.195000e-03	1.952000e-03	1.002000e-03	1.771000e-03	1.791000e-03	4.800000e-03
-6.650000e+00	1.782700e-02	1.789300e-02	5.799700e-02	2.975000e-03	2.968000e-03	3.746000e-03	1.172600e-02	1.066700e-02	7.809000e-03	2.568000e-03	1.042000e-03	1.983000e-03	2.002000e-03	5.000000e-03
-6.600000e+00	2.017900e-02	2.034800e-02	6.045300e-02	3.758000e-03	3.760000e-03	4.614000e-03	1.270000e-02	1.133300e-02	8.546000e-03	3.361000e-03	1.090000e-03	2.201000e-03	2.221000e-03	5.209000e-03
-6.550000e+00	2.263600e-02	2.281300e-02	6.280800e-02	4.764000e-03	4.783000e-03	5.715000e-03	1.397900e-02	1.213900e-02	9.416000e-03	4.361000e-03	1.148000e-03	2.424000e-03	2.445000e-03	5.426000e-03
-6.500000e+00	2.520900e-02	2.527900e-02	6.519800e-02	6.071000e-03	6.099000e-03	7.113000e-03	1.567900e-02	1.304800e-02	1.042200e-02	5.612000e-03	1.216000e-03	2.660000e-03	2.682000e-03	5.654000e-03
-6.450000e+00	2.775300e-02	2.771900e-02	6.775800e-02	7.721000e-03	7.783000e-03	8.846000e-03	1.782500e-02	1.403100e-02	1.161200e-02	7.261000e-03	1.294000e-03	2.907000e-03	2.936000e-03	5.897000e-03
-6.400000e+00	3.015500e-02	3.019900e-02	7.026600e-02	9.952000e-03	1.001700e-02	1.114300e-02	2.046100e-02	1.528400e-02	1.303900e-02	9.482000e-03	1.400000e-03	3.174000e-03	3.209000e-03	6.166000e-03
-6.350000e+00	3.261600e-02	3.261900e-02	7.270600e-02	1.275900e-02	1.278600e-02	1.406600e-02	2.385000e-02	1.684000e-02	1.471300e-02	1.218100e-02	1.524000e-03	3.465000e-03	3.507000e-03	6.459000e-03
-6.300000e+00	3.511300e-02	3.504300e-02	7.503800e-02	1.629800e-02	1.627800e-02	1.772300e-02	2.803400e-02	1.865500e-02	1.667600e-02	1.558200e-02	1.669000e-03	3.786000e-03	3.832000e-03	6.775000e-03
-6.250000e+00	3.766200e-02	3.752700e-02	7.731400e-02	2.074400e-02	2.067300e-02	2.233600e-02	3.327600e-02	2.084600e-02	1.899900e-02	1.988600e-02	1.839000e-03	4.140000e-03	4.192000e-03	7.121000e-03
-6.200000e+00	4.023000e-02	4.007500e-02	7.962000e-02	2.631300e-02	2.618200e-02	2.818600e-02	3.991900e-02	2.356700e-02	2.178300e-02	2.530000e-02	2.040000e-03	4.536000e-03	4.594000e-03	7.506000e-03
-6.150000e+00	4.259900e-02	4.257500e-02	8.199800e-02	3.333800e-02	3.318800e-02	3.535300e-02	4.796800e-02	2.677900e-02	2.515300e-02	3.222200e-02	2.284000e-03	4.977000e-03	5.044000e-03	7.938000e-03
-6.100000e+00	4.510600e-02	4.527000e-02	8.442200e-02	4.219200e-02	4.228400e-02	4.461000e-02	5.858700e-02	3.074700e-02	2.928200e-02	4.095100e-02	2.571000e-03	5.481000e-03	5.563000e-03	8.437000e-03
-6.050000e+00	4.762100e-02	4.799000e-02	8.699700e-02	5.319200e-02	5.346800e-02	5.606800e-02	7.158500e-02	3.554200e-02	3.418400e-02	5.191800e-02	2.909000e-03	6.051000e-03	6.153000e-03	9.005000e-03
-6.000000e+00	5.017100e-02	5.073700e-02	8.966600e-02	6.707500e-02	6.741700e-02	7.034700e-02	8.762500e-02	4.132900e-02	4.006600e-02	6.566600e-02	3.309000e-03	6.703000e-03	6.825000e-03	9.658000e-03
-5.950000e+00	5.275200e-02	5.347000e-02	9.246900e-02	8.452100e-02	8.483800e-02	8.804800e-02	1.074980e-01	4.828000e-02	4.716500e-02	8.286000e-02	3.784000e-03	7.456000e-03	7.598000e-03	1.040800e-02
-5.900000e+00	5.540300e-02	5.620400e-02	9.542200e-02	1.062810e-01	1.065480e-01	1.099040e-01	1.321400e-01	5.664400e-02	5.572500e-02	1.043350e-01	4.344000e-03	8.328000e-03	8.492000e-03	1.127100e-02
-5.850000e+00	5.830300e-02	5.916300e-02	9.836600e-02	1.337400e-01	1.338120e-01	1.373200e-01	1.626840e-01	6.687500e-02	6.596200e-02	1.311390e-01	5.006000e-03	9.338000e-03	9.528000e-03	1.226600e-02
-5.800000e+00	6.116400e-02	6.208600e-02	1.012130e-01	1.671530e-01	1.671900e-01	1.710930e-01	1.995810e-01	7.922300e-02	7.828400e-02	1.642470e-01	5.788000e-03	1.052100e-02	1.074200e-02	1.344800e-02
-5.750000e+00	6.405200e-02	6.499200e-02	1.041400e-01	2.081300e-01	2.083920e-01	2.130990e-01	2.451770e-01	9.400500e-02	9.293900e-02	2.051480e-01	6.703000e-03	1.190000e-02	1.215300e-02	1.481500e-02
-5.700000e+00	6.710300e-02	6.802000e-02	1.069650e-01	2.584990e-01	2.587780e-01	2.645980e-01	3.009220e-01	1.119110e-01	1.105350e-01	2.552380e-01	7.777000e-03	1.350800e-02	1.379600e-02	1.637400e-02
-5.650000e+00	7.027300e-02	7.121800e-02	1.098410e-01	3.205390e-01	3.205670e-01	3.274720e-01	3.689530e-01	1.334920e-01	1.316550e-01	3.164770e-01	9.032000e-03	1.538200e-02	1.570800e-02	1.821200e-02
-5.600000e+00	7.346700e-02	7.457900e-02	1.129540e-01	3.966500e-01	3.965550e-01	4.041270e-01	4.518870e-01	1.592540e-01	1.568970e-01	3.913710e-01	1.049100e-02	1.756200e-02	1.793500e-02	2.041700e-02
-5.550000e+00	7.670400e-02	7.808300e-02	1.161710e-01	4.884370e-01	4.888350e-01	4.967680e-01	5.519160e-01	1.900220e-01	1.870460e-01	4.825650e-01	1.219300e-02	2.010700e-02	2.053400e-02	2.294600e-02
-5.500000e+00	7.995600e-02	8.182200e-02	1.197330e-01	5.983910e-01	5.994340e-01	6.087370e-01	6.718870e-01	2.266870e-01	2.228580e-01	5.917550e-01	1.417800e-02	2.308400e-02	2.357400e-02	2.583400e-02
-5.450000e+00	8.366100e-02	8.597500e-02	1.232620e-01	7.320750e-01	7.320590e-01	7.430900e-01	8.160680e-01	2.702520e-01	2.652910e-01	7.231670e-01	1.647700e-02	2.654000e-02	2.710000e-02	2.925800e-02
-5.400000e+00	8.742700e-02	9.046500e-02	1.271900e-01	8.914140e-01	8.901830e-01	9.032370e-01	9.889990e-01	3.219090e-01	3.151930e-01	8.804270e-01	1.912900e-02	3.054600e-02	3.118200e-02	3.329400e-02
-5.350000e+00	9.135400e-02	9.510600e-02	1.313790e-01	1.080049e+00	1.078583e+00	1.093274e+00	1.194844e+00	3.827690e-01	3.737260e-01	1.067606e+00	2.218900e-02	3.517900e-02	3.589600e-02	3.792600e-02
-5.300000e+00	9.571700e-02	9.981200e-02	1.356310e-01	1.303311e+00	1.302650e+00	1.318099e+00	1.437837e+00	4.540040e-01	4.423460e-01	1.289229e+00	2.571900e-02	4.052100e-02	4.132600e-02	4.316600e-02
-5.250000e+00	1.005640e-01	1.048590e-01	1.402910e-01	1.566751e+00	1.566187e+00	1.583374e+00	1.723918e+00	5.372660e-01	5.226110e-01	1.550213e+00	2.976200e-02	4.666900e-02	4.757100e-02	4.929700e-02
-5.200000e+00	1.056650e-01	1.103110e-01	1.452630e-01	1.873441e+00	1.872501e+00	1.891868e+00	2.053341e+00	6.338910e-01	6.151130e-01	1.853560e+00	3.438000e-02	5.372200e-02	5.473100e-02	5.631600e-02
-5.150000e+00	1.113040e-01	1.165110e-01	1.504790e-01	2.229750e+00	2.229104e+00	2.251199e+00	2.433999e+00	7.456050e-01	7.221450e-01	2.206628e+00	3.957200e-02	6.177900e-02	6.291300e-02	6.438300e-02
-5.100000e+00	1.172740e-01	1.233990e-01	1.562500e-01	2.641400e+00	2.640774e+00	2.666114e+00	2.872889e+00	8.743120e-01	8.451480e-01	2.615554e+00	4.551700e-02	7.095100e-02	7.223300e-02	7.354200e-02
-5.050000e+00	1.236310e-01	1.309570e-01	1.627250e-01	3.114868e+00	3.114114e+00	3.142709e+00	3.376468e+00	1.021853e+00	9.858710e-01	3.085390e+00	5.229100e-02	8.135800e-02	8.281200e-02	8.390000e-02
-5.000000e+00	1.305520e-01	1.392290e-01	1.697580e-01	3.656755e+00	3.656469e+00	3.687731e+00	3.951157e+00	1.190043e+00	1.146259e+00	3.621253e+00	5.991700e-02	9.312500e-02	9.477600e-02	9.560500e-02
-4.950000e+00	1.381400e-01	1.483370e-01	1.767400e-01	4.272301e+00	4.272788e+00	4.306472e+00	4.604974e+00	1.380855e+00	1.328117e+00	4.231443e+00	6.848100e-02	1.063780e-01	1.082510e-01	1.087860e-01
-4.900000e+00	1.464590e-01	1.582460e-01	1.843640e-01	4.960042e+00	4.963551e+00	5.001637e+00	5.336000e+00	1.594438e+00	1.531761e+00	4.914958e+00	7.808300e-02	1.211930e-01	1.233370e-01	1.235390e-01
-4.850000e+00	1.553300e-01	1.696600e-01	1.927930e-01	5.733000e+00	5.735520e+00	5.778788e+00	6.155991e+00	1.833526e+00	1.759559e+00	5.680544e+00	8.881500e-02	1.377310e-01	1.402000e-01	1.399360e-01
-4.800000e+00	1.648300e-01	1.832780e-01	2.017710e-01	6.594329e+00	6.593667e+00	6.643693e+00	7.067001e+00	2.099805e+00	2.013653e+00	6.533661e+00	1.007680e-01	1.561260e-01	1.589630e-01	1.582120e-01
-4.750000e+00	1.750990e-01	2.001380e-01	2.113720e-01	7.547959e+00	7.544425e+00	7.600902e+00	8.073758e+00	2.394778e+00	2.295383e+00	7.477972e+00	1.140280e-01	1.765030e-01	1.796910e-01	1.785070e-01
-4.700000e+00	1.862290e-01	2.211700e-01	2.217290e-01	8.596943e+00	8.592702e+00	8.653851e+00	9.181665e+00	2.719562e+00	2.605543e+00	8.515523e+00	1.286810e-01	1.989860e-01	2.024450e-01	2.009080e-01
-4.650000e+00	1.981020e-01	2.464450e-01	2.326940e-01	9.739879e+00	9.735933e+00	9.805517e+00	1.039188e+01	3.074565e+00	2.945176e+00	9.647695e+00	1.448470e-01	2.237030e-01	2.273860e-01	2.255610e-01
-4.600000e+00	2.111990e-01	2.644570e-01	2.446240e-01	1.096355e+01	1.096213e+01	1.103854e+01	1.169558e+01	3.456580e+00	3.310914e+00	1.086139e+01	1.624930e-01	2.505660e-01	2.542820e-01	2.523000e-01
-4.550000e+00	2.250570e-01	2.802200e-01	2.573690e-01	1.228153e+01	1.227990e+01	1.236524e+01	1.309426e+01	3.869485e+00	3.706239e+00	1.216353e+01	1.818050e-01	2.797930e-01	2.834930e-01	2.814420e-01
-4.500000e+00	2.397610e-01	2.951210e-01	2.709970e-01	1.368913e+01	1.368619e+01	1.378209e+01	1.459138e+01	4.312521e+00	4.131200e+00	1.355601e+01	2.028440e-01	3.114080e-01	3.151220e-01	3.130120e-01
-4.450000e+00	2.553950e-01	3.104220e-01	2.852570e-01	1.518148e+01	1.517775e+01	1.528496e+01	1.618181e+01	4.785080e+00	4.585613e+00	1.503697e+01	2.257000e-01	3.455170e-01	3.492340e-01	3.470560e-01
-4.400000e+00	2.720330e-01	3.267620e-01	3.001010e-01	1.675287e+01	1.674986e+01	1.686853e+01	1.785689e+01	5.286333e+00	5.068803e+00	1.659848e+01	2.504640e-01	3.822180e-01	3.858630e-01	3.836250e-01
-4.350000e+00	2.897220e-01	3.436230e-01	3.163400e-01	1.839567e+01	1.839408e+01	1.852505e+01	1.961433e+01	5.814491e+00	5.579174e+00	1.822370e+01	2.771800e-01	4.214300e-01	4.250100e-01	4.227270e-01
-4.300000e+00	3.084240e-01	3.615950e-01	3.335730e-01	2.007806e+01	2.007447e+01	2.022225e+01	2.141783e+01	6.363930e+00	6.109219e+00	1.988621e+01	3.057070e-01	4.628430e-01	4.662930e-01	4.639380e-01
-4.250000e+00	3.280560e-01	3.805120e-01	3.514400e-01	2.180803e+01	2.180108e+01	2.196643e+01	2.327941e+01	6.934362e+00	6.663941e+00	2.159572e+01	3.362420e-01	5.065230e-01	5.099580e-01	5.075910e-01
-4.200000e+00	3.484190e-01	3.999510e-01	3.700690e-01	2.357185e+01	2.356556e+01	2.374615e+01	2.518861e+01	7.523757e+00	7.239800e+00	2.334082e+01	3.687620e-01	5.525840e-01	5.559240e-01	5.535270e-01
-4.150000e+00	3.696100e-01	4.199230e-01	3.895440e-01	2.535623e+01	2.535353e+01	2.554917e+01	2.712819e+01	8.129046e+00	7.834164e+00	2.510758e+01	4.033320e-01	6.008970e-01	6.040900e-01	6.016530e-01
-4.100000e+00	3.917140e-01	4.406870e-01	4.098370e-01	2.714720e+01	2.714609e+01	2.736182e+01	2.907976e+01	8.747351e+00	8.444536e+00	2.688092e+01	4.400220e-01	6.512170e-01	6.543170e-01	6.518770e-01
-4.050000e+00	4.143820e-01	4.625030e-01	4.307330e-01	2.892826e+01	2.892280e+01	2.916797e+01	3.103236e+01	9.377848e+00	9.067197e+00	2.864665e+01	4.787640e-01	7.034020e-01	7.063990e-01	7.039960e-01
-4.000000e+00	4.379920e-01	4.845840e-01	4.519210e-01	3.065229e+01	3.064399e+01	3.091816e+01	3.293610e+01	1.000773e+01	9.695528e+00	3.034632e+01	5.191600e-01	7.564780e-01	7.594840e-01	7.570930e-01
-3.950000e+00	4.616980e-01	5.071320e-01	4.741640e-01	3.233281e+01	3.232260e+01	3.262110e+01	3.480752e+01	1.064083e+01	1.032972e+01	3.200470e+01	5.614470e-01	8.110290e-01	8.138830e-01	8.114850e-01
-3.900000e+00	4.856890e-01	5.300700e-01	4.965690e-01	3.395222e+01	3.393955e+01	3.426929e+01	3.662688e+01	1.127415e+01	1.097143e+01	3.360481e+01	6.055530e-01	8.665560e-01	8.693290e-01	8.669500e-01
-3.850000e+00	5.101120e-01	5.533890e-01	5.191040e-01	3.549773e+01	3.548320e+01	3.584635e+01	3.838192e+01	1.190559e+01	1.161756e+01	3.513076e+01	6.513840e-01	9.227900e-01	9.255230e-01	9.232080e-01
-3.800000e+00	5.349370e-01	5.770070e-01	5.420760e-01	3.695783e+01	3.694244e+01	3.733675e+01	4.006212e+01	1.253318e+01	1.226376e+01	3.656754e+01	6.988290e-01	9.795370e-01	9.821360e-01	9.799330e-01
-3.750000e+00	5.597940e-01	6.005990e-01	5.654550e-01	3.831767e+01	3.829757e+01	3.873857e+01	4.165075e+01	1.315401e+01	1.290942e+01	3.790079e+01	7.477670e-01	1.036431e+00	1.038806e+00	1.036766e+00
-3.700000e+00	5.843070e-01	6.236470e-01	5.884090e-01	3.953321e+01	3.950442e+01	3.999982e+01	4.310114e+01	1.375657e+01	1.354279e+01	3.909526e+01	7.974040e-01	1.091906e+00	1.094166e+00	1.092102e+00
-3.650000e+00	6.084970e-01	6.462260e-01	6.113750e-01	4.063493e+01	4.060201e+01	4.114688e+01	4.444570e+01	1.434997e+01	1.417188e+01	4.017921e+01	8.480740e-01	1.146492e+00	1.148706e+00	1.146753e+00
-3.600000e+00	6.319850e-01	6.684100e-01	6.340030e-01	4.161550e+01	4.158371e+01	4.217581e+01	4.567505e+01	1.493311e+01	1.479800e+01	4.113984e+01	8.995590e-01	1.199860e+00	1.202019e+00	1.200190e+00
-3.550000e+00	6.548070e-01	6.899310e-01	6.560360e-01	4.247031e+01	4.244116e+01	4.308634e+01	4.678250e+01	1.550553e+01	1.542065e+01	4.197427e+01	9.516590e-01	1.251686e+00	1.253688e+00	1.252056e+00
-3.500000e+00	6.770770e-01	7.105080e-01	6.773110e-01	4.319640e+01	4.316858e+01	4.387870e+01	4.776326e+01	1.606730e+01	1.603885e+01	4.268514e+01	1.004129e+00	1.301562e+00	1.303319e+00	1.301970e+00
-3.450000e+00	6.985800e-01	7.302210e-01	6.977730e-01	4.379100e+01	4.376749e+01	4.455012e+01	4.861351e+01	1.661867e+01	1.665282e+01	4.327544e+01	1.056612e+00	1.348897e+00	1.350580e+00	1.349271e+00
-3.400000e+00	7.179410e-01	7.484670e-01	7.173630e-01	4.422572e+01	4.419929e+01	4.506798e+01	4.930032e+01	1.715121e+01	1.725357e+01	4.369573e+01	1.108078e+00	1.392097e+00	1.393787e+00	1.392725e+00
-3.350000e+00	7.361820e-01	7.656830e-01	7.358780e-01	4.453881e+01	4.451001e+01	4.546501e+01	4.986162e+01	1.767177e+01	1.784734e+01	4.400474e+01	1.158850e+00	1.432077e+00	1.433670e+00	1.432888e+00
-3.300000e+00	7.532590e-01	7.811660e-01	7.530530e-01	4.473192e+01	4.470588e+01	4.574250e+01	5.029858e+01	1.818013e+01	1.843473e+01	4.418956e+01	1.208547e+00	1.468466e+00	1.469921e+00	1.469468e+00
-3.250000e+00	7.689100e-01	7.949290e-01	7.688470e-01	4.480524e+01	4.478143e+01	4.590544e+01	5.060791e+01	1.867452e+01	1.901299e+01	4.424890e+01	1.256834e+00	1.500786e+00	1.502101e+00	1.502015e+00
-3.200000e+00	7.827290e-01	8.071010e-01	7.832090e-01	4.475979e+01	4.473200e+01	4.596006e+01	5.078874e+01	1.915293e+01	1.957815e+01	4.418818e+01	1.303362e+00	1.528606e+00	1.529794e+00	1.530108e+00
-3.150000e+00	7.942430e-01	8.172560e-01	7.958220e-01	4.459985e+01	4.456637e+01	4.591137e+01	5.084977e+01	1.961483e+01	2.012780e+01	4.401432e+01	1.347690e+00	1.551740e+00	1.552793e+00	1.553565e+00
-3.100000e+00	8.037100e-01	8.249730e-01	8.071060e-01	4.429989e+01	4.426734e+01	4.573633e+01	5.075828e+01	2.004852e+01	2.065181e+01	4.369851e+01	1.388285e+00	1.568611e+00	1.569369e+00	1.570818e+00
-3.050000e+00	8.104760e-01	8.308630e-01	8.167920e-01	4.388800e+01	4.385891e+01	4.546529e+01	5.054989e+01	2.045932e+01	2.115182e+01	4.328231e+01	1.425790e+00	1.580253e+00	1.580967e+00	1.582903e+00
-3.000000e+00	8.152390e-01	8.343860e-01	8.246520e-01	4.338076e+01	4.335194e+01	4.509962e+01	5.022323e+01	2.084181e+01	2.162406e+01	4.276886e+01	1.459808e+00	1.586462e+00	1.587077e+00	1.589603e+00
-2.950000e+00	8.183190e-01	8.354080e-01	8.308340e-01	4.278119e+01	4.274890e+01	4.464507e+01	4.978416e+01	2.119299e+01	2.206527e+01	4.216309e+01	1.489929e+00	1.587274e+00	1.587660e+00	1.590978e+00
-2.900000e+00	8.196170e-01	8.340680e-01	8.356020e-01	4.208965e+01	4.205088e+01	4.410925e+01	4.923967e+01	2.151021e+01	2.247140e+01	4.147069e+01	1.515797e+00	1.582714e+00	1.582858e+00	1.587071e+00
-2.850000e+00	8.185810e-01	8.306210e-01	8.390550e-01	4.131406e+01	4.126411e+01	4.349923e+01	4.859203e+01	2.178875e+01	2.283619e+01	4.069723e+01	1.537176e+00	1.572535e+00	1.572695e+00	1.577620e+00
-2.800000e+00	8.147700e-01	8.245290e-01	8.406580e-01	4.042207e+01	4.037470e+01	4.280288e+01	4.780829e+01	2.201112e+01	2.314128e+01	3.981924e+01	1.552198e+00	1.555500e+00	1.555519e+00	1.561423e+00
-2.750000e+00	8.087050e-01	8.160270e-01	8.408040e-01	3.947063e+01	3.942100e+01	4.205126e+01	4.693990e+01	2.218481e+01	2.338952e+01	3.886369e+01	1.562028e+00	1.533087e+00	1.532952e+00	1.539943e+00
-2.700000e+00	8.005370e-01	8.052990e-01	8.402430e-01	3.845520e+01	3.840411e+01	4.124146e+01	4.598499e+01	2.230602e+01	2.357627e+01	3.785012e+01	1.566425e+00	1.505493e+00	1.505201e+00	1.513309e+00
-2.650000e+00	7.902280e-01	7.926640e-01	8.391320e-01	3.737982e+01	3.732878e+01	4.038222e+01	4.494653e+01	2.236987e+01	2.369725e+01	3.678233e+01	1.565273e+00	1.472928e+00	1.472483e+00	1.481869e+00
-2.600000e+00	7.778180e-01	7.783610e-01	8.374380e-01	3.625283e+01	3.620172e+01	3.948350e+01	4.383082e+01	2.237214e+01	2.374917e+01	3.566123e+01	1.558419e+00	1.435685e+00	1.435093e+00	1.446004e+00
-2.550000e+00	7.636740e-01	7.623490e-01	8.353690e-01	3.508291e+01	3.503007e+01	3.854710e+01	4.264607e+01	2.231106e+01	2.373049e+01	3.449592e+01	1.545513e+00	1.394202e+00	1.393458e+00	1.405953e+00
-2.500000e+00	7.480160e-01	7.444150e-01	8.327050e-01	3.384886e+01	3.379440e+01	3.756899e+01	4.136834e+01	2.216174e+01	2.361497e+01	3.327493e+01	1.526137e+00	1.347577e+00	1.346684e+00	1.360870e+00
-2.450000e+00	7.310250e-01	7.251720e-01	8.305470e-01	3.258374e+01	3.252992e+01	3.656640e+01	4.002718e+01	2.194387e+01	2.341714e+01	3.202638e+01	1.501310e+00	1.297516e+00	1.296479e+00	1.312547e+00
-2.400000e+00	7.126700e-01	7.047620e-01	8.293310e-01	3.129821e+01	3.124439e+01	3.554016e+01	3.861827e+01	2.165581e+01	2.313611e+01	3.075793e+01	1.471191e+00	1.244476e+00	1.243291e+00	1.261409e+00
-2.350000e+00	6.932220e-01	6.830030e-01	8.294340e-01	2.999831e+01	2.994274e+01	3.448932e+01	3.714694e+01	2.129541e+01	2.277395e+01	2.947554e+01	1.436125e+00	1.188946e+00	1.187608e+00	1.207934e+00
-2.300000e+00	6.730030e-01	6.599730e-01	8.312530e-01	2.868843e+01	2.862969e+01	3.341434e+01	3.562004e+01	2.086292e+01	2.233199e+01	2.818361e+01	1.396599e+00	1.131462e+00	1.129965e+00	1.152638e+00
-2.250000e+00	6.521460e-01	6.365050e-01	8.352790e-01	2.737368e+01	2.731174e+01	3.231969e+01	3.403944e+01	2.036361e+01	2.180744e+01	2.688524e+01	1.353191e+00	1.072600e+00	1.070953e+00	1.096067e+00
-2.200000e+00	6.305800e-01	6.124690e-01	8.412520e-01	2.604538e+01	2.597909e+01	3.118420e+01	3.237515e+01	1.977893e+01	2.118352e+01	2.557623e+01	1.305136e+00	1.011586e+00	1.009788e+00	1.037751e+00
-2.150000e+00	6.084580e-01	5.880270e-01	8.502520e-01	2.472328e+01	2.465609e+01	3.001087e+01	3.065980e+01	1.913236e+01	2.048711e+01	2.427589e+01	1.253126e+00	9.502000e-01	9.482590e-01	9.791970e-01
-2.100000e+00	5.863650e-01	5.635890e-01	8.628290e-01	2.341343e+01	2.334488e+01	2.878635e+01	2.890924e+01	1.843266e+01	1.972345e+01	2.299067e+01	1.198657e+00	8.889250e-01	8.868400e-01	9.209010e-01
-2.050000e+00	5.642520e-01	5.393100e-01	8.788840e-01	2.212131e+01	2.205036e+01	2.749956e+01	2.714051e+01	1.768640e+01	1.890029e+01	2.172398e+01	1.142329e+00	8.281980e-01	8.259780e-01	8.633010e-01
-2.000000e+00	5.420060e-01	5.154500e-01	8.983300e-01	2.085126e+01	2.077791e+01	2.613874e+01	2.537214e+01	1.689996e+01	1.802737e+01	2.047950e+01	1.084573e+00	7.684290e-01	7.660870e-01	8.067670e-01
-1.950000e+00	5.199380e-01	4.926720e-01	9.218710e-01	1.960620e+01	1.953169e+01	2.468965e+01	2.362417e+01	1.608124e+01	1.711573e+01	1.926349e+01	1.026198e+00	7.100110e-01	7.075450e-01	7.516060e-01
-1.900000e+00	4.980430e-01	4.694400e-01	9.507360e-01	1.838155e+01	1.830194e+01	2.312148e+01	2.189972e+01	1.521929e+01	1.616013e+01	1.806252e+01	9.660150e-01	6.525900e-01	6.499940e-01	6.978450e-01
-1.850000e+00	4.773590e-01	4.464760e-01	9.834800e-01	1.718904e+01	1.710937e+01	2.153773e+01	2.021937e+01	1.434605e+01	1.519163e+01	1.689923e+01	9.063240e-01	5.972570e-01	5.945400e-01	6.463550e-01
-1.800000e+00	4.572350e-01	4.248020e-01	1.020017e+00	1.603667e+01	1.595532e+01	2.001880e+01	1.858329e+01	1.346546e+01	1.422231e+01	1.577556e+01	8.468540e-01	5.442000e-01	5.414060e-01	5.971730e-01
-1.750000e+00	4.378290e-01	4.043490e-01	1.060772e+00	1.492422e+01	1.484268e+01	1.857665e+01	1.699161e+01	1.258346e+01	1.325720e+01	1.469026e+01	7.881000e-01	4.936320e-01	4.907720e-01	5.503960e-01
-1.700000e+00	4.193320e-01	3.848150e-01	1.105961e+00	1.385135e+01	1.377328e+01	1.719013e+01	1.544639e+01	1.170698e+01	1.229932e+01	1.364349e+01	7.305830e-01	4.457370e-01	4.427850e-01	5.061870e-01
-1.650000e+00	4.013380e-01	3.663430e-01	1.154653e+00	1.282309e+01	1.274625e+01	1.583086e+01	1.395269e+01	1.084309e+01	1.135329e+01	1.263956e+01	6.743560e-01	4.006270e-01	3.975740e-01	4.647720e-01
-1.600000e+00	3.852460e-01	3.486500e-01	1.206197e+00	1.182459e+01	1.175523e+01	1.446698e+01	1.250436e+01	9.982257e+00	1.041304e+01	1.166844e+01	6.195760e-01	3.579240e-01	3.547960e-01	4.260070e-01
-1.550000e+00	3.698690e-01	3.320600e-01	1.262177e+00	1.087243e+01	1.080972e+01	1.313431e+01	1.112837e+01	9.144070e+00	9.501278e+00	1.074576e+01	5.668550e-01	3.182380e-01	3.150470e-01	3.901190e-01
-1.500000e+00	3.557120e-01	3.165590e-01	1.320368e+00	9.964941e+00	9.911881e+00	1.184289e+01	9.830752e+00	8.337550e+00	8.620361e+00	9.868220e+00	5.162130e-01	2.815500e-01	2.783110e-01	3.570210e-01
-1.450000e+00	3.422810e-01	3.021360e-01	1.380292e+00	9.102550e+00	9.060582e+00	1.059904e+01	8.617013e+00	7.564815e+00	7.774884e+00	9.033975e+00	4.679490e-01	2.478240e-01	2.445450e-01	3.266260e-01
-1.400000e+00	3.293760e-01	2.887860e-01	1.442067e+00	8.285808e+00	8.254751e+00	9.409397e+00	7.490763e+00	6.826427e+00	6.969816e+00	8.243440e+00	4.222010e-01	2.170160e-01	2.136970e-01	2.988360e-01
-1.350000e+00	3.181640e-01	2.765130e-01	1.504860e+00	7.514165e+00	7.495320e+00	8.282914e+00	6.453209e+00	6.124658e+00	6.209299e+00	7.499474e+00	3.787230e-01	1.890740e-01	1.857110e-01	2.735390e-01
-1.300000e+00	3.079330e-01	2.650760e-01	1.564230e+00	6.776853e+00	6.775142e+00	7.206705e+00	5.494194e+00	5.454624e+00	5.485573e+00	6.793416e+00	3.382810e-01	1.636860e-01	1.602860e-01	2.508410e-01
-1.250000e+00	2.980640e-01	2.547430e-01	1.620772e+00	6.086514e+00	6.098319e+00	6.205321e+00	4.630349e+00	4.828309e+00	4.815148e+00	6.128478e+00	3.008100e-01	1.409820e-01	1.376440e-01	2.301170e-01
-1.200000e+00	2.890730e-01	2.450650e-01	1.673452e+00	5.438201e+00	5.464446e+00	5.281282e+00	3.861144e+00	4.246137e+00	4.195244e+00	5.503821e+00	2.650270e-01	1.208940e-01	1.174970e-01	2.112970e-01
-1.150000e+00	2.808430e-01	2.360010e-01	1.721505e+00	4.832387e+00	4.874682e+00	4.439384e+00	3.184586e+00	3.708996e+00	3.626805e+00	4.920585e+00	2.319540e-01	1.031790e-01	9.971200e-02	1.941150e-01
-1.100000e+00	2.732160e-01	2.276340e-01	1.764118e+00	4.269811e+00	4.328284e+00	3.683049e+00	2.597326e+00	3.216824e+00	3.110022e+00	4.378077e+00	2.023460e-01	8.762500e-02	8.416300e-02	1.783930e-01
-1.050000e+00	2.664940e-01	2.199330e-01	1.800061e+00	3.748776e+00	3.821123e+00	3.012757e+00	2.094720e+00	2.768088e+00	2.642443e+00	3.872074e+00	1.755190e-01	7.412500e-02	7.067700e-02	1.642060e-01
-1.000000e+00	2.599590e-01	2.126820e-01	1.823499e+00	3.261445e+00	3.345753e+00	2.418986e+00	1.664789e+00	2.357901e+00	2.220573e+00	3.397330e+00	1.508210e-01	6.244600e-02	5.900800e-02	1.520560e-01
-9.500000e-01	2.538510e-01	2.060820e-01	1.834666e+00	2.814274e+00	2.908824e+00	1.911091e+00	1.306016e+00	1.993276e+00	1.849840e+00	2.960375e+00	1.294980e-01	5.249900e-02	4.907700e-02	1.391140e-01
-9.000000e-01	2.483420e-01	2.000050e-01	1.830488e+00	2.405012e+00	2.507349e+00	1.484824e+00	1.011692e+00	1.667430e+00	1.522814e+00	2.558897e+00	1.095280e-01	4.409100e-02	4.070100e-02	1.270170e-01
-8.500000e-01	2.429350e-01	1.943400e-01	1.809930e+00	2.034528e+00	2.142569e+00	1.133886e+00	7.736950e-01	1.380958e+00	1.238938e+00	2.191888e+00	9.155800e-02	3.703500e-02	3.369500e-02	1.157710e-01
-8.000000e-01	2.372420e-01	1.888860e-01	1.772786e+00	1.703288e+00	1.814449e+00	8.508890e-01	5.839930e-01	1.133425e+00	9.967400e-01	1.858487e+00	7.619700e-02	3.114500e-02	2.787400e-02	1.049500e-01
-7.500000e-01	2.316830e-01	1.832560e-01	1.718475e+00	1.409910e+00	1.519678e+00	6.277840e-01	4.351720e-01	9.205730e-01	7.915090e-01	1.557476e+00	6.298100e-02	2.624400e-02	2.305100e-02	9.445100e-02
-7.000000e-01	2.262210e-01	1.779410e-01	1.639891e+00	1.146342e+00	1.251539e+00	4.525590e-01	3.194020e-01	7.373060e-01	6.168960e-01	1.284353e+00	5.169800e-02	2.231100e-02	1.917900e-02	8.396700e-02
-6.500000e-01	2.205510e-01	1.720940e-01	1.543872e+00	9.162200e-01	1.014299e+00	3.201090e-01	2.317040e-01	5.848920e-01	4.727500e-01	1.043204e+00	4.178500e-02	1.910100e-02	1.605900e-02	7.373700e-02
-6.000000e-01	2.145180e-01	1.661400e-01	1.431333e+00	7.192980e-01	8.080680e-01	2.222460e-01	1.663350e-01	4.598750e-01	3.559840e-01	8.322860e-01	3.354000e-02	1.651800e-02	1.355900e-02	6.375900e-02
-5.500000e-01	2.082500e-01	1.600860e-01	1.303257e+00	5.535250e-01	6.311190e-01	1.514540e-01	1.183390e-01	3.593530e-01	2.631210e-01	6.504960e-01	2.685100e-02	1.444100e-02	1.156900e-02	5.415400e-02
-5.000000e-01	2.017950e-01	1.538820e-01	1.162302e+00	4.165800e-01	4.816050e-01	1.013780e-01	8.365400e-02	2.802150e-01	1.905540e-01	4.966470e-01	2.140300e-02	1.274500e-02	9.977000e-03	4.507800e-02
-4.500000e-01	1.948070e-01	1.477040e-01	1.013580e+00	3.062050e-01	3.579800e-01	6.681600e-02	5.902800e-02	2.190970e-01	1.348090e-01	3.691550e-01	1.681900e-02	1.131100e-02	8.663000e-03	3.667100e-02
-4.000000e-01	1.872110e-01	1.410350e-01	8.540180e-01	2.169710e-01	2.556630e-01	4.323200e-02	4.229700e-02	1.742790e-01	9.229300e-02	2.641670e-01	1.283000e-02	1.008400e-02	7.580000e-03	2.854200e-02
-3.500000e-01	1.793350e-01	1.346210e-01	6.960680e-01	1.491980e-01	1.759550e-01	2.779800e-02	3.087300e-02	1.431700e-01	6.160200e-02	1.818910e-01	9.846000e-03	8.990000e-03	6.638000e-03	2.146700e-02
-3.000000e-01	1.714590e-01	1.279550e-01	5.462020e-01	9.940800e-02	1.158460e-01	1.810800e-02	2.308100e-02	1.234950e-01	4.006300e-02	1.195570e-01	7.529000e-03	8.080000e-03	5.883000e-03	1.556600e-02
-2.500000e-01	1.636490e-01	1.212600e-01	4.132960e-01	6.453800e-02	7.295000e-02	1.214900e-02	1.768900e-02	1.127040e-01	2.540900e-02	7.515700e-02	5.541000e-03	7.199000e-03	5.175000e-03	1.091400e-02
-2.000000e-01	1.557400e-01	1.142550e-01	2.963050e-01	4.068100e-02	4.293300e-02	8.699000e-03	1.400100e-02	1.134680e-01	1.551300e-02	4.431300e-02	4.034000e-03	6.200000e-03	4.413000e-03	7.257000e-03
-1.500000e-01	1.483210e-01	1.076410e-01	2.035810e-01	2.531600e-02	2.407200e-02	6.541000e-03	1.124100e-02	1.269050e-01	9.225000e-03	2.488400e-02	4.191000e-03	5.122000e-03	3.577000e-03	4.586000e-03
-1.000000e-01	1.414630e-01	1.004580e-01	1.360380e-01	1.617100e-02	1.319500e-02	5.071000e-03	8.945000e-03	1.657320e-01	5.201000e-03	1.367300e-02	4.880200e-02	3.816000e-03	2.622000e-03	2.724000e-03
-5.000000e-02	1.342450e-01	9.267400e-02	9.438300e-02	1.063500e-02	7.543000e-03	3.893000e-03	6.862000e-03	2.092500e-01	2.562000e-03	7.838000e-03	2.669014e+00	1.721000e-03	1.153000e-03	1.044000e-03
0.000000e+00	1.298540e-01	8.784400e-02	7.771900e-02	8.300000e-03	5.474000e-03	3.252000e-03	5.671000e-03	2.136000e-03	1.269000e-03	5.684000e-03	6.689657e+01	0.000000e+00	0.000000e+00	0.000000e+00
