-8.900000e+00	3.800000e-05	3.900000e-05	3.900000e-05	3.800000e-05	3.800000e-05	8.100000e-05	3.500000e-04	3.000000e-04	3.470000e-04	0.000000e+00	8.100000e-05	7.800000e-05	7.800000e-05	7.800000e-05
-8.850000e+00	4.400000e-05	4.400000e-05	4.500000e-05	4.400000e-05	4.400000e-05	9.200000e-05	3.800000e-04	3.420000e-04	3.940000e-04	0.000000e+00	9.300000e-05	8.900000e-05	8.900000e-05	8.900000e-05
-8.800000e+00	5.100000e-05	5.100000e-05	5.100000e-05	5.100000e-05	5.000000e-05	1.040000e-04	4.350000e-04	3.880000e-04	4.430000e-04	0.000000e+00	1.060000e-04	1.020000e-04	1.020000e-04	1.020000e-04
-8.750000e+00	5.700000e-05	5.800000e-05	5.800000e-05	5.700000e-05	5.700000e-05	1.170000e-04	5.030000e-04	4.390000e-04	4.980000e-04	0.000000e+00	1.190000e-04	1.160000e-04	1.160000e-04	1.160000e-04
-8.700000e+00	6.400000e-05	6.400000e-05	6.400000e-05	6.400000e-05	6.300000e-05	1.300000e-04	5.660000e-04	4.900000e-04	5.530000e-04	0.000000e+00	1.320000e-04	1.290000e-04	1.290000e-04	1.290000e-04
-8.650000e+00	7.100000e-05	7.100000e-05	7.100000e-05	7.100000e-05	7.000000e-05	1.430000e-04	6.230000e-04	5.380000e-04	6.090000e-04	0.000000e+00	1.460000e-04	1.430000e-04	1.430000e-04	1.430000e-04
-8.600000e+00	7.900000e-05	7.900000e-05	7.800000e-05	7.800000e-05	7.700000e-05	1.580000e-04	6.860000e-04	5.890000e-04	6.680000e-04	0.000000e+00	1.610000e-04	1.580000e-04	1.580000e-04	1.580000e-04
-8.550000e+00	8.800000e-05	8.700000e-05	8.500000e-05	8.600000e-05	8.500000e-05	1.740000e-04	7.720000e-04	6.500000e-04	7.340000e-04	0.000000e+00	1.760000e-04	1.730000e-04	1.730000e-04	1.740000e-04
-8.500000e+00	9.500000e-05	9.500000e-05	9.300000e-05	9.500000e-05	9.300000e-05	1.910000e-04	8.650000e-04	7.200000e-04	8.070000e-04	0.000000e+00	1.930000e-04	1.900000e-04	1.900000e-04	1.920000e-04
-8.450000e+00	1.040000e-04	1.040000e-04	1.030000e-04	1.040000e-04	1.020000e-04	2.110000e-04	9.650000e-04	8.010000e-04	8.860000e-04	0.000000e+00	2.120000e-04	2.090000e-04	2.090000e-04	2.130000e-04
-8.400000e+00	1.130000e-04	1.130000e-04	1.130000e-04	1.130000e-04	1.120000e-04	2.310000e-04	1.071000e-03	8.870000e-04	9.700000e-04	0.000000e+00	2.330000e-04	2.300000e-04	2.300000e-04	2.370000e-04
-8.350000e+00	1.220000e-04	1.230000e-04	1.230000e-04	1.230000e-04	1.220000e-04	2.510000e-04	1.195000e-03	9.750000e-04	1.060000e-03	0.000000e+00	2.540000e-04	2.510000e-04	2.510000e-04	2.620000e-04
-8.300000e+00	1.320000e-04	1.320000e-04	1.350000e-04	1.340000e-04	1.330000e-04	2.730000e-04	1.345000e-03	1.064000e-03	1.159000e-03	0.000000e+00	2.770000e-04	2.730000e-04	2.730000e-04	2.880000e-04
-8.250000e+00	1.430000e-04	1.420000e-04	1.490000e-04	1.450000e-04	1.430000e-04	2.960000e-04	1.496000e-03	1.164000e-03	1.259000e-03	0.000000e+00	3.000000e-04	2.940000e-04	2.940000e-04	3.180000e-04
-8.200000e+00	1.540000e-04	1.520000e-04	1.610000e-04	1.550000e-04	1.510000e-04	3.200000e-04	1.660000e-03	1.272000e-03	1.361000e-03	2.000000e-06	3.220000e-04	3.140000e-04	3.140000e-04	3.480000e-04
-8.150000e+00	1.650000e-04	1.640000e-04	1.760000e-04	1.670000e-04	1.620000e-04	3.470000e-04	1.842000e-03	1.401000e-03	1.467000e-03	4.000000e-06	3.460000e-04	3.350000e-04	3.360000e-04	3.780000e-04
-8.100000e+00	1.760000e-04	1.760000e-04	1.930000e-04	1.780000e-04	1.730000e-04	3.750000e-04	2.032000e-03	1.532000e-03	1.578000e-03	5.000000e-06	3.710000e-04	3.580000e-04	3.580000e-04	4.100000e-04
-8.050000e+00	1.860000e-04	1.880000e-04	2.120000e-04	1.880000e-04	1.850000e-04	4.040000e-04	2.231000e-03	1.664000e-03	1.695000e-03	6.000000e-06	3.970000e-04	3.810000e-04	3.810000e-04	4.460000e-04
-8.000000e+00	1.970000e-04	2.000000e-04	2.330000e-04	2.000000e-04	1.990000e-04	4.330000e-04	2.456000e-03	1.811000e-03	1.819000e-03	6.000000e-06	4.260000e-04	4.050000e-04	4.050000e-04	4.890000e-04
-7.950000e+00	2.080000e-04	2.110000e-04	2.590000e-04	2.150000e-04	2.120000e-04	4.620000e-04	2.741000e-03	1.986000e-03	1.957000e-03	5.000000e-06	4.560000e-04	4.310000e-04	4.310000e-04	5.430000e-04
-7.900000e+00	2.220000e-04	2.210000e-04	2.870000e-04	2.300000e-04	2.250000e-04	4.970000e-04	3.047000e-03	2.170000e-03	2.098000e-03	7.000000e-06	4.850000e-04	4.560000e-04	4.560000e-04	5.920000e-04
-7.850000e+00	2.360000e-04	2.340000e-04	3.200000e-04	2.490000e-04	2.410000e-04	5.330000e-04	3.357000e-03	2.356000e-03	2.242000e-03	1.000000e-05	5.170000e-04	4.810000e-04	4.820000e-04	6.410000e-04
-7.800000e+00	2.490000e-04	2.470000e-04	3.560000e-04	2.660000e-04	2.580000e-04	5.720000e-04	3.693000e-03	2.544000e-03	2.391000e-03	1.700000e-05	5.510000e-04	5.070000e-04	5.070000e-04	6.980000e-04
-7.750000e+00	2.610000e-04	2.600000e-04	3.980000e-04	2.830000e-04	2.770000e-04	6.130000e-04	4.030000e-03	2.749000e-03	2.549000e-03	2.600000e-05	5.860000e-04	5.330000e-04	5.330000e-04	7.680000e-04
-7.700000e+00	2.720000e-04	2.720000e-04	4.510000e-04	3.030000e-04	2.990000e-04	6.550000e-04	4.335000e-03	2.987000e-03	2.714000e-03	3.600000e-05	6.220000e-04	5.590000e-04	5.600000e-04	8.540000e-04
-7.650000e+00	2.840000e-04	2.850000e-04	5.030000e-04	3.200000e-04	3.180000e-04	6.950000e-04	4.647000e-03	3.251000e-03	2.875000e-03	4.200000e-05	6.570000e-04	5.840000e-04	5.840000e-04	9.340000e-04
-7.600000e+00	2.970000e-04	2.950000e-04	6.030000e-04	3.390000e-04	3.430000e-04	7.430000e-04	5.064000e-03	3.519000e-03	3.057000e-03	5.300000e-05	6.940000e-04	6.090000e-04	6.090000e-04	1.036000e-03
-7.550000e+00	3.110000e-04	3.090000e-04	7.560000e-04	3.620000e-04	3.720000e-04	7.960000e-04	5.510000e-03	3.820000e-03	3.233000e-03	6.800000e-05	7.300000e-04	6.330000e-04	6.330000e-04	1.169000e-03
-7.500000e+00	3.260000e-04	3.270000e-04	1.039000e-03	4.010000e-04	4.030000e-04	8.560000e-04	5.922000e-03	4.143000e-03	3.430000e-03	9.100000e-05	7.700000e-04	6.580000e-04	6.580000e-04	1.335000e-03
-7.450000e+00	3.500000e-04	3.490000e-04	1.604000e-03	4.510000e-04	4.430000e-04	9.260000e-04	6.287000e-03	4.499000e-03	3.646000e-03	1.220000e-04	8.130000e-04	6.850000e-04	6.840000e-04	1.555000e-03
-7.400000e+00	3.910000e-04	3.820000e-04	2.806000e-03	5.030000e-04	4.990000e-04	1.001000e-03	6.632000e-03	4.912000e-03	3.872000e-03	1.630000e-04	8.560000e-04	7.120000e-04	7.110000e-04	1.856000e-03
-7.350000e+00	4.670000e-04	4.450000e-04	5.497000e-03	5.620000e-04	5.590000e-04	1.073000e-03	7.006000e-03	5.406000e-03	4.126000e-03	2.120000e-04	9.010000e-04	7.420000e-04	7.410000e-04	2.245000e-03
-7.300000e+00	6.520000e-04	6.240000e-04	9.781000e-03	6.480000e-04	6.490000e-04	1.165000e-03	7.324000e-03	5.903000e-03	4.373000e-03	2.700000e-04	9.460000e-04	7.820000e-04	7.810000e-04	2.742000e-03
-7.250000e+00	1.103000e-03	1.059000e-03	1.561000e-02	7.570000e-04	7.480000e-04	1.283000e-03	7.696000e-03	6.435000e-03	4.669000e-03	3.540000e-04	9.920000e-04	8.450000e-04	8.440000e-04	3.283000e-03
-7.200000e+00	2.099000e-03	2.037000e-03	2.344700e-02	8.910000e-04	8.750000e-04	1.430000e-03	8.049000e-03	7.006000e-03	4.983000e-03	4.770000e-04	1.033000e-03	9.470000e-04	9.470000e-04	3.842000e-03
-7.150000e+00	3.828000e-03	3.772000e-03	3.354400e-02	1.056000e-03	1.034000e-03	1.615000e-03	8.380000e-03	7.618000e-03	5.297000e-03	6.400000e-04	1.069000e-03	1.093000e-03	1.097000e-03	4.367000e-03
-7.100000e+00	5.975000e-03	5.969000e-03	4.451200e-02	1.263000e-03	1.226000e-03	1.858000e-03	8.735000e-03	8.222000e-03	5.621000e-03	8.370000e-04	1.100000e-03	1.283000e-03	1.291000e-03	4.802000e-03
-7.050000e+00	8.277000e-03	8.353000e-03	5.124900e-02	1.523000e-03	1.483000e-03	2.170000e-03	9.186000e-03	8.657000e-03	6.003000e-03	1.106000e-03	1.132000e-03	1.506000e-03	1.519000e-03	5.120000e-03
-7.000000e+00	1.057300e-02	1.066300e-02	5.502300e-02	1.883000e-03	1.835000e-03	2.562000e-03	9.723000e-03	9.121000e-03	6.397000e-03	1.429000e-03	1.166000e-03	1.765000e-03	1.779000e-03	5.388000e-03
-6.950000e+00	1.298800e-02	1.302600e-02	5.830800e-02	2.343000e-03	2.307000e-03	3.053000e-03	1.034100e-02	9.661000e-03	6.878000e-03	1.870000e-03	1.203000e-03	2.020000e-03	2.033000e-03	5.650000e-03
-6.900000e+00	1.549400e-02	1.546600e-02	6.107800e-02	2.934000e-03	2.893000e-03	3.666000e-03	1.109600e-02	1.022200e-02	7.421000e-03	2.464000e-03	1.245000e-03	2.279000e-03	2.291000e-03	5.905000e-03
-6.850000e+00	1.803800e-02	1.795800e-02	6.347900e-02	3.684000e-03	3.621000e-03	4.441000e-03	1.201900e-02	1.082600e-02	8.041000e-03	3.226000e-03	1.292000e-03	2.545000e-03	2.557000e-03	6.161000e-03
-6.800000e+00	2.053300e-02	2.046000e-02	6.572800e-02	4.635000e-03	4.554000e-03	5.426000e-03	1.315900e-02	1.151600e-02	8.777000e-03	4.165000e-03	1.349000e-03	2.818000e-03	2.830000e-03	6.427000e-03
-6.750000e+00	2.285800e-02	2.303600e-02	6.799800e-02	5.898000e-03	5.778000e-03	6.660000e-03	1.464400e-02	1.226400e-02	9.642000e-03	5.373000e-03	1.416000e-03	3.099000e-03	3.111000e-03	6.710000e-03
-6.700000e+00	2.529100e-02	2.544500e-02	7.049900e-02	7.456000e-03	7.411000e-03	8.250000e-03	1.666200e-02	1.320300e-02	1.068300e-02	6.803000e-03	1.496000e-03	3.397000e-03	3.407000e-03	7.006000e-03
-6.650000e+00	2.770100e-02	2.777800e-02	7.288500e-02	9.408000e-03	9.375000e-03	1.032500e-02	1.907100e-02	1.432400e-02	1.193200e-02	8.725000e-03	1.588000e-03	3.715000e-03	3.722000e-03	7.318000e-03
-6.600000e+00	3.023400e-02	3.005300e-02	7.520100e-02	1.188900e-02	1.184700e-02	1.295500e-02	2.203500e-02	1.566500e-02	1.339100e-02	1.122600e-02	1.698000e-03	4.054000e-03	4.062000e-03	7.650000e-03
-6.550000e+00	3.281200e-02	3.242500e-02	7.761400e-02	1.507100e-02	1.503700e-02	1.628600e-02	2.571700e-02	1.729900e-02	1.508700e-02	1.442500e-02	1.829000e-03	4.416000e-03	4.430000e-03	8.007000e-03
-6.500000e+00	3.525100e-02	3.497500e-02	8.020600e-02	1.914600e-02	1.915600e-02	2.053900e-02	3.031900e-02	1.929200e-02	1.707500e-02	1.846700e-02	1.989000e-03	4.807000e-03	4.831000e-03	8.396000e-03
-6.450000e+00	3.747600e-02	3.741000e-02	8.273300e-02	2.426700e-02	2.435200e-02	2.592500e-02	3.617300e-02	2.161300e-02	1.944400e-02	2.346300e-02	2.196000e-03	5.240000e-03	5.267000e-03	8.822000e-03
-6.400000e+00	3.991200e-02	3.986900e-02	8.514200e-02	3.072800e-02	3.085000e-02	3.243700e-02	4.341600e-02	2.454400e-02	2.233500e-02	2.988400e-02	2.420000e-03	5.723000e-03	5.757000e-03	9.279000e-03
-6.350000e+00	4.233300e-02	4.242200e-02	8.751600e-02	3.882000e-02	3.901900e-02	4.069100e-02	5.248000e-02	2.803400e-02	2.588500e-02	3.788700e-02	2.681000e-03	6.259000e-03	6.304000e-03	9.810000e-03
-6.300000e+00	4.476600e-02	4.507500e-02	8.992100e-02	4.902700e-02	4.920900e-02	5.105900e-02	6.376500e-02	3.226800e-02	3.013300e-02	4.787600e-02	2.988000e-03	6.863000e-03	6.923000e-03	1.042900e-02
-6.250000e+00	4.724500e-02	4.781800e-02	9.251000e-02	6.189600e-02	6.191300e-02	6.402700e-02	7.770500e-02	3.739000e-02	3.518400e-02	6.039400e-02	3.347000e-03	7.546000e-03	7.623000e-03	1.112100e-02
-6.200000e+00	4.980200e-02	5.059100e-02	9.534100e-02	7.799300e-02	7.780300e-02	8.020400e-02	9.496800e-02	4.354900e-02	4.124300e-02	7.610700e-02	3.770000e-03	8.323000e-03	8.416000e-03	1.188100e-02
-6.150000e+00	5.245900e-02	5.322800e-02	9.815800e-02	9.780600e-02	9.767800e-02	1.002940e-01	1.169540e-01	5.101200e-02	4.865800e-02	9.568100e-02	4.278000e-03	9.220000e-03	9.329000e-03	1.277200e-02
-6.100000e+00	5.526600e-02	5.611600e-02	1.009280e-01	1.224130e-01	1.223020e-01	1.253610e-01	1.437110e-01	6.025400e-02	5.766900e-02	1.202000e-01	4.876000e-03	1.025600e-02	1.038400e-02	1.380300e-02
-6.050000e+00	5.810700e-02	5.901700e-02	1.036760e-01	1.528860e-01	1.528220e-01	1.561100e-01	1.766080e-01	7.143800e-02	6.851400e-02	1.502810e-01	5.565000e-03	1.144700e-02	1.159500e-02	1.498300e-02
-6.000000e+00	6.101300e-02	6.182100e-02	1.063020e-01	1.903760e-01	1.904120e-01	1.937680e-01	2.170040e-01	8.497000e-02	8.158900e-02	1.872740e-01	6.379000e-03	1.282300e-02	1.299300e-02	1.636100e-02
-5.950000e+00	6.398700e-02	6.468900e-02	1.089320e-01	2.363010e-01	2.363430e-01	2.399410e-01	2.662900e-01	1.013240e-01	9.734800e-02	2.327880e-01	7.335000e-03	1.441700e-02	1.461300e-02	1.794800e-02
-5.900000e+00	6.700200e-02	6.783400e-02	1.117780e-01	2.925080e-01	2.922960e-01	2.966770e-01	3.261360e-01	1.210640e-01	1.163200e-01	2.886250e-01	8.444000e-03	1.626100e-02	1.648600e-02	1.975800e-02
-5.850000e+00	6.998000e-02	7.124300e-02	1.149720e-01	3.615390e-01	3.611360e-01	3.664710e-01	3.991910e-01	1.448880e-01	1.391670e-01	3.566160e-01	9.742000e-03	1.839400e-02	1.865200e-02	2.188300e-02
-5.800000e+00	7.326300e-02	7.460900e-02	1.183610e-01	4.444160e-01	4.445220e-01	4.505670e-01	4.872950e-01	1.735810e-01	1.665280e-01	4.387570e-01	1.126600e-02	2.089000e-02	2.117600e-02	2.437300e-02
-5.750000e+00	7.677100e-02	7.786300e-02	1.215690e-01	5.450380e-01	5.448130e-01	5.517150e-01	5.935820e-01	2.079670e-01	1.992920e-01	5.387000e-01	1.303900e-02	2.379300e-02	2.411600e-02	2.726500e-02
-5.700000e+00	8.038800e-02	8.149800e-02	1.250020e-01	6.661570e-01	6.657350e-01	6.735880e-01	7.212200e-01	2.491130e-01	2.382450e-01	6.591760e-01	1.509300e-02	2.715300e-02	2.752000e-02	3.061800e-02
-5.650000e+00	8.413700e-02	8.559300e-02	1.287600e-01	8.113400e-01	8.112020e-01	8.200110e-01	8.738720e-01	2.981490e-01	2.845170e-01	8.033060e-01	1.747000e-02	3.103300e-02	3.144700e-02	3.450300e-02
-5.600000e+00	8.812100e-02	8.993700e-02	1.328140e-01	9.848470e-01	9.851490e-01	9.949330e-01	1.055787e+00	3.562780e-01	3.394410e-01	9.748180e-01	2.022000e-02	3.552000e-02	3.598100e-02	3.899300e-02
-5.550000e+00	9.243600e-02	9.419300e-02	1.372000e-01	1.190930e+00	1.191468e+00	1.202668e+00	1.271906e+00	4.248320e-01	4.041030e-01	1.178424e+00	2.339000e-02	4.073600e-02	4.124300e-02	4.414400e-02
-5.500000e+00	9.730700e-02	9.894500e-02	1.417470e-01	1.432368e+00	1.432964e+00	1.445251e+00	1.525713e+00	5.052680e-01	4.799450e-01	1.416841e+00	2.702700e-02	4.671000e-02	4.728300e-02	5.009000e-02
-5.450000e+00	1.023070e-01	1.043930e-01	1.465490e-01	1.716161e+00	1.716310e+00	1.731053e+00	1.822996e+00	5.993780e-01	5.684470e-01	1.697606e+00	3.118300e-02	5.355000e-02	5.419200e-02	5.690600e-02
-5.400000e+00	1.075800e-01	1.101490e-01	1.517010e-01	2.047807e+00	2.046830e+00	2.064527e+00	2.169822e+00	7.088740e-01	6.713410e-01	2.026123e+00	3.593900e-02	6.137000e-02	6.209600e-02	6.470400e-02
-5.350000e+00	1.132850e-01	1.162590e-01	1.572080e-01	2.432758e+00	2.430856e+00	2.451088e+00	2.572939e+00	8.357250e-01	7.903680e-01	2.407739e+00	4.136400e-02	7.029000e-02	7.110400e-02	7.359800e-02
-5.300000e+00	1.195220e-01	1.229460e-01	1.631440e-01	2.877093e+00	2.875290e+00	2.896903e+00	3.039033e+00	9.820160e-01	9.273240e-01	2.848202e+00	4.752400e-02	8.043700e-02	8.133100e-02	8.371100e-02
-5.250000e+00	1.262340e-01	1.302520e-01	1.698380e-01	3.389157e+00	3.386359e+00	3.407916e+00	3.573122e+00	1.149571e+00	1.084224e+00	3.354809e+00	5.451000e-02	9.193900e-02	9.294600e-02	9.518400e-02
-5.200000e+00	1.336140e-01	1.382680e-01	1.774410e-01	3.969013e+00	3.965316e+00	3.989805e+00	4.177922e+00	1.339461e+00	1.261764e+00	3.928696e+00	6.235500e-02	1.048670e-01	1.060230e-01	1.081250e-01
-5.150000e+00	1.417850e-01	1.472250e-01	1.851330e-01	4.625490e+00	4.622053e+00	4.650086e+00	4.860468e+00	1.554603e+00	1.463061e+00	4.578807e+00	7.116600e-02	1.201230e-01	1.207270e-01	1.226560e-01
-5.100000e+00	1.506600e-01	1.569190e-01	1.932860e-01	5.365537e+00	5.362212e+00	5.393825e+00	5.628618e+00	1.796923e+00	1.689718e+00	5.311050e+00	8.105800e-02	1.363450e-01	1.372090e-01	1.389300e-01
-5.050000e+00	1.602660e-01	1.672300e-01	2.020780e-01	6.195241e+00	6.190931e+00	6.226333e+00	6.488340e+00	2.068263e+00	1.943526e+00	6.132298e+00	9.212100e-02	1.539910e-01	1.556190e-01	1.570890e-01
-5.000000e+00	1.706120e-01	1.782500e-01	2.116090e-01	7.119320e+00	7.113006e+00	7.152621e+00	7.444668e+00	2.370394e+00	2.226267e+00	7.048936e+00	1.045490e-01	1.742880e-01	1.761070e-01	1.772790e-01
-4.950000e+00	1.815010e-01	1.904440e-01	2.220750e-01	8.140658e+00	8.133369e+00	8.176147e+00	8.504432e+00	2.705045e+00	2.539245e+00	8.063754e+00	1.188740e-01	1.967450e-01	1.988210e-01	1.996730e-01
-4.900000e+00	1.933520e-01	2.044160e-01	2.336040e-01	9.254687e+00	9.247924e+00	9.294889e+00	9.656792e+00	3.070384e+00	2.880905e+00	9.166268e+00	1.333290e-01	2.213960e-01	2.237750e-01	2.242700e-01
-4.850000e+00	2.063450e-01	2.202940e-01	2.458740e-01	1.046884e+01	1.046194e+01	1.051491e+01	1.091776e+01	3.469288e+00	3.254450e+00	1.036682e+01	1.497780e-01	2.484480e-01	2.511910e-01	2.512900e-01
-4.800000e+00	2.202500e-01	2.380930e-01	2.590280e-01	1.178487e+01	1.177658e+01	1.183653e+01	1.228444e+01	3.902208e+00	3.660155e+00	1.167113e+01	1.680020e-01	2.780580e-01	2.811860e-01	2.808380e-01
-4.750000e+00	2.351570e-01	2.583870e-01	2.730260e-01	1.320267e+01	1.319290e+01	1.325887e+01	1.375529e+01	4.369188e+00	4.098225e+00	1.307847e+01	1.879600e-01	3.103380e-01	3.138470e-01	3.130230e-01
-4.700000e+00	2.511810e-01	2.815810e-01	2.879060e-01	1.472023e+01	1.470966e+01	1.478045e+01	1.532907e+01	4.869908e+00	4.568609e+00	1.458253e+01	2.097410e-01	3.453620e-01	3.492130e-01	3.479470e-01
-4.650000e+00	2.680490e-01	3.067720e-01	3.041160e-01	1.633388e+01	1.631957e+01	1.640033e+01	1.700227e+01	5.403772e+00	5.070622e+00	1.617493e+01	2.334120e-01	3.831970e-01	3.872310e-01	3.856780e-01
-4.600000e+00	2.861570e-01	3.275600e-01	3.211970e-01	1.801385e+01	1.799748e+01	1.809000e+01	1.875548e+01	5.962581e+00	5.596637e+00	1.783548e+01	2.588730e-01	4.236060e-01	4.276720e-01	4.259800e-01
-4.550000e+00	3.055060e-01	3.481010e-01	3.393010e-01	1.976805e+01	1.975295e+01	1.985626e+01	2.059127e+01	6.549716e+00	6.150267e+00	1.957348e+01	2.863660e-01	4.668490e-01	4.709100e-01	4.690990e-01
-4.500000e+00	3.259490e-01	3.689260e-01	3.584240e-01	2.159166e+01	2.157752e+01	2.168916e+01	2.250219e+01	7.163228e+00	6.733133e+00	2.138127e+01	3.159610e-01	5.129490e-01	5.169760e-01	5.150740e-01
-4.450000e+00	3.475550e-01	3.903290e-01	3.783810e-01	2.347491e+01	2.346015e+01	2.357997e+01	2.447470e+01	7.800351e+00	7.337870e+00	2.324673e+01	3.476890e-01	5.618750e-01	5.658410e-01	5.638740e-01
-4.400000e+00	3.702560e-01	4.124880e-01	3.990210e-01	2.540441e+01	2.538684e+01	2.551899e+01	2.649687e+01	8.457728e+00	7.957158e+00	2.515539e+01	3.815840e-01	6.135630e-01	6.174550e-01	6.154320e-01
-4.350000e+00	3.933830e-01	4.356160e-01	4.204700e-01	2.736592e+01	2.734008e+01	2.749209e+01	2.857067e+01	9.131820e+00	8.598778e+00	2.709408e+01	4.177570e-01	6.679610e-01	6.718130e-01	6.696930e-01
-4.300000e+00	4.178490e-01	4.597850e-01	4.429270e-01	2.930436e+01	2.927742e+01	2.945153e+01	3.063383e+01	9.809499e+00	9.246445e+00	2.901393e+01	4.558620e-01	7.243780e-01	7.281690e-01	7.259660e-01
-4.250000e+00	4.432000e-01	4.846120e-01	4.661250e-01	3.124566e+01	3.121573e+01	3.140931e+01	3.270060e+01	1.049453e+01	9.904027e+00	3.093416e+01	4.961350e-01	7.831040e-01	7.868190e-01	7.845700e-01
-4.200000e+00	4.692770e-01	5.099250e-01	4.904740e-01	3.316884e+01	3.313548e+01	3.334995e+01	3.476042e+01	1.118333e+01	1.056851e+01	3.283597e+01	5.385660e-01	8.439460e-01	8.475590e-01	8.452720e-01
-4.150000e+00	4.961330e-01	5.359370e-01	5.158480e-01	3.505574e+01	3.501974e+01	3.525645e+01	3.679399e+01	1.187246e+01	1.123669e+01	3.470075e+01	5.831600e-01	9.067030e-01	9.102160e-01	9.078900e-01
-4.100000e+00	5.238240e-01	5.628630e-01	5.418820e-01	3.689078e+01	3.685426e+01	3.711228e+01	3.878169e+01	1.255843e+01	1.190531e+01	3.651138e+01	6.299060e-01	9.711430e-01	9.745780e-01	9.722230e-01
-4.050000e+00	5.521270e-01	5.904270e-01	5.683630e-01	3.866002e+01	3.862707e+01	3.890404e+01	4.071554e+01	1.323732e+01	1.257120e+01	3.825359e+01	6.787480e-01	1.036962e+00	1.040299e+00	1.037929e+00
-4.000000e+00	5.804980e-01	6.178370e-01	5.948630e-01	4.031192e+01	4.027562e+01	4.058061e+01	4.253865e+01	1.389417e+01	1.322130e+01	3.988171e+01	7.292530e-01	1.103057e+00	1.106281e+00	1.103907e+00
-3.950000e+00	6.090340e-01	6.454670e-01	6.217360e-01	4.186932e+01	4.183235e+01	4.216939e+01	4.427655e+01	1.453738e+01	1.386340e+01	4.141263e+01	7.816010e-01	1.169709e+00	1.172844e+00	1.170462e+00
-3.900000e+00	6.377690e-01	6.731420e-01	6.488570e-01	4.331812e+01	4.328666e+01	4.365811e+01	4.592048e+01	1.516558e+01	1.449617e+01	4.283989e+01	8.357170e-01	1.236620e+00	1.239645e+00	1.237288e+00
-3.850000e+00	6.666320e-01	7.007790e-01	6.759910e-01	4.465491e+01	4.462628e+01	4.503666e+01	4.746347e+01	1.577713e+01	1.511794e+01	4.415718e+01	8.914840e-01	1.303398e+00	1.306296e+00	1.303991e+00
-3.800000e+00	6.954040e-01	7.281400e-01	7.029170e-01	4.587707e+01	4.584323e+01	4.629666e+01	4.889810e+01	1.637062e+01	1.572779e+01	4.535794e+01	9.487490e-01	1.369612e+00	1.372385e+00	1.370146e+00
-3.750000e+00	7.236790e-01	7.545430e-01	7.295660e-01	4.697091e+01	4.694058e+01	4.743075e+01	5.021369e+01	1.694566e+01	1.632683e+01	4.643491e+01	1.007329e+00	1.434870e+00	1.437505e+00	1.435365e+00
-3.700000e+00	7.511200e-01	7.805140e-01	7.557760e-01	4.790287e+01	4.787869e+01	4.840994e+01	5.137830e+01	1.749399e+01	1.690698e+01	4.733902e+01	1.066462e+00	1.497708e+00	1.500169e+00	1.498189e+00
-3.650000e+00	7.775180e-01	8.057000e-01	7.811960e-01	4.870720e+01	4.868068e+01	4.926283e+01	5.241417e+01	1.802530e+01	1.747618e+01	4.812297e+01	1.126519e+00	1.558554e+00	1.560922e+00	1.559040e+00
-3.600000e+00	8.029420e-01	8.301500e-01	8.054780e-01	4.937967e+01	4.935229e+01	4.998991e+01	5.332805e+01	1.853952e+01	1.803577e+01	4.878084e+01	1.187244e+00	1.617076e+00	1.619341e+00	1.617593e+00
-3.550000e+00	8.272090e-01	8.535980e-01	8.288640e-01	4.992151e+01	4.989294e+01	5.059021e+01	5.411531e+01	1.903754e+01	1.858633e+01	4.930772e+01	1.248399e+00	1.672856e+00	1.674999e+00	1.673428e+00
-3.500000e+00	8.502130e-01	8.756700e-01	8.515010e-01	5.033565e+01	5.030087e+01	5.106397e+01	5.477096e+01	1.952003e+01	1.912740e+01	4.970226e+01	1.309730e+00	1.725441e+00	1.727461e+00	1.726093e+00
-3.450000e+00	8.723090e-01	8.961430e-01	8.726600e-01	5.062267e+01	5.057888e+01	5.141552e+01	5.530197e+01	1.998628e+01	1.965715e+01	4.996939e+01	1.370921e+00	1.774414e+00	1.776286e+00	1.775169e+00
-3.400000e+00	8.923710e-01	9.146250e-01	8.922990e-01	5.074477e+01	5.070201e+01	5.161938e+01	5.567156e+01	2.043042e+01	2.017037e+01	5.007233e+01	1.430794e+00	1.817872e+00	1.819643e+00	1.818781e+00
-3.350000e+00	9.105440e-01	9.314420e-01	9.104450e-01	5.074305e+01	5.070204e+01	5.170285e+01	5.591214e+01	2.085629e+01	2.067300e+01	5.005738e+01	1.489661e+00	1.856868e+00	1.858458e+00	1.857977e+00
-3.300000e+00	9.266890e-01	9.463680e-01	9.267980e-01	5.061900e+01	5.057865e+01	5.166485e+01	5.602642e+01	2.126395e+01	2.116421e+01	4.992424e+01	1.547201e+00	1.890954e+00	1.892418e+00	1.892313e+00
-3.250000e+00	9.407240e-01	9.592430e-01	9.413550e-01	5.037559e+01	5.033683e+01	5.151363e+01	5.601274e+01	2.165349e+01	2.164212e+01	4.967218e+01	1.603085e+00	1.919790e+00	1.921131e+00	1.921444e+00
-3.200000e+00	9.526710e-01	9.699260e-01	9.540760e-01	5.001763e+01	4.998171e+01	5.125987e+01	5.587360e+01	2.202414e+01	2.210429e+01	4.930255e+01	1.656913e+00	1.943108e+00	1.944265e+00	1.945097e+00
-3.150000e+00	9.627020e-01	9.782270e-01	9.645350e-01	4.955194e+01	4.951354e+01	5.090969e+01	5.562426e+01	2.237326e+01	2.254828e+01	4.882112e+01	1.708136e+00	1.960656e+00	1.961706e+00	1.963029e+00
-3.100000e+00	9.693420e-01	9.835430e-01	9.731400e-01	4.895329e+01	4.890529e+01	5.042273e+01	5.522427e+01	2.269402e+01	2.296257e+01	4.821225e+01	1.755096e+00	1.970730e+00	1.971630e+00	1.973579e+00
-3.050000e+00	9.735460e-01	9.865220e-01	9.795370e-01	4.824833e+01	4.819601e+01	4.985609e+01	5.471483e+01	2.298720e+01	2.335133e+01	4.750812e+01	1.798498e+00	1.974710e+00	1.975468e+00	1.978107e+00
-3.000000e+00	9.751300e-01	9.867040e-01	9.839830e-01	4.744290e+01	4.739431e+01	4.920272e+01	5.409584e+01	2.325017e+01	2.371290e+01	4.670999e+01	1.837826e+00	1.972341e+00	1.972948e+00	1.976362e+00
-2.950000e+00	9.741450e-01	9.843860e-01	9.866390e-01	4.654932e+01	4.650546e+01	4.846710e+01	5.337286e+01	2.348038e+01	2.404204e+01	4.582256e+01	1.872616e+00	1.963583e+00	1.964032e+00	1.968302e+00
-2.900000e+00	9.708110e-01	9.798790e-01	9.874270e-01	4.557792e+01	4.553521e+01	4.765844e+01	5.255351e+01	2.367490e+01	2.433196e+01	4.485295e+01	1.902415e+00	1.948512e+00	1.948802e+00	1.954007e+00
-2.850000e+00	9.654400e-01	9.727700e-01	9.858810e-01	4.452947e+01	4.449321e+01	4.678437e+01	5.164414e+01	2.383002e+01	2.457656e+01	4.380973e+01	1.926740e+00	1.927218e+00	1.927341e+00	1.933588e+00
-2.800000e+00	9.570930e-01	9.626740e-01	9.829140e-01	4.339463e+01	4.335491e+01	4.583257e+01	5.060851e+01	2.392634e+01	2.476082e+01	4.267744e+01	1.943974e+00	1.898225e+00	1.898180e+00	1.905614e+00
-2.750000e+00	9.461560e-01	9.499700e-01	9.786520e-01	4.219275e+01	4.215293e+01	4.483023e+01	4.949467e+01	2.397516e+01	2.489243e+01	4.148334e+01	1.955004e+00	1.863303e+00	1.863087e+00	1.871830e+00
-2.700000e+00	9.328370e-01	9.349670e-01	9.729830e-01	4.093737e+01	4.089566e+01	4.378433e+01	4.830336e+01	2.397150e+01	2.496700e+01	4.023674e+01	1.959677e+00	1.822730e+00	1.822346e+00	1.832557e+00
-2.650000e+00	9.171600e-01	9.177500e-01	9.662940e-01	3.963817e+01	3.959253e+01	4.270081e+01	4.704169e+01	2.391292e+01	2.497918e+01	3.894733e+01	1.957746e+00	1.776878e+00	1.776330e+00	1.788135e+00
-2.600000e+00	8.992870e-01	8.984890e-01	9.589180e-01	3.830065e+01	3.825170e+01	4.158451e+01	4.571614e+01	2.379668e+01	2.492352e+01	3.762204e+01	1.948999e+00	1.726135e+00	1.725425e+00	1.738930e+00
-2.550000e+00	8.798140e-01	8.777050e-01	9.505860e-01	3.692592e+01	3.687808e+01	4.043907e+01	4.432669e+01	2.361690e+01	2.479547e+01	3.626260e+01	1.933386e+00	1.670848e+00	1.669965e+00	1.685332e+00
-2.500000e+00	8.585140e-01	8.543370e-01	9.424850e-01	3.550617e+01	3.545733e+01	3.925796e+01	4.285112e+01	2.335456e+01	2.457765e+01	3.485573e+01	1.909547e+00	1.610085e+00	1.609004e+00	1.626522e+00
-2.450000e+00	8.355700e-01	8.292820e-01	9.345760e-01	3.407026e+01	3.402069e+01	3.806435e+01	4.132016e+01	2.302674e+01	2.428421e+01	3.343548e+01	1.879293e+00	1.545881e+00	1.544608e+00	1.564460e+00
-2.400000e+00	8.111310e-01	8.030760e-01	9.277950e-01	3.262211e+01	3.257049e+01	3.685563e+01	3.974316e+01	2.263088e+01	2.391120e+01	3.200378e+01	1.842520e+00	1.478728e+00	1.477278e+00	1.499648e+00
-2.350000e+00	7.853130e-01	7.758980e-01	9.223200e-01	3.116817e+01	3.111314e+01	3.563233e+01	3.811959e+01	2.216742e+01	2.345969e+01	3.056365e+01	1.799664e+00	1.409175e+00	1.407564e+00	1.432643e+00
-2.300000e+00	7.583680e-01	7.478390e-01	9.182660e-01	2.971556e+01	2.965681e+01	3.439719e+01	3.644810e+01	2.163859e+01	2.293220e+01	2.912368e+01	1.751310e+00	1.337804e+00	1.336043e+00	1.364027e+00
-2.250000e+00	7.308240e-01	7.191290e-01	9.164150e-01	2.827059e+01	2.820951e+01	3.315440e+01	3.473367e+01	2.104732e+01	2.232957e+01	2.770120e+01	1.697842e+00	1.265192e+00	1.263288e+00	1.294386e+00
-2.200000e+00	7.025350e-01	6.898870e-01	9.173060e-01	2.682057e+01	2.675933e+01	3.187368e+01	3.294349e+01	2.037485e+01	2.163367e+01	2.628071e+01	1.638190e+00	1.190719e+00	1.188685e+00	1.223239e+00
-2.150000e+00	6.743120e-01	6.604390e-01	9.210430e-01	2.538593e+01	2.532628e+01	3.056809e+01	3.111886e+01	1.964753e+01	2.087000e+01	2.487313e+01	1.574240e+00	1.116222e+00	1.114067e+00	1.152305e+00
-2.100000e+00	6.462080e-01	6.309460e-01	9.283820e-01	2.396980e+01	2.391717e+01	2.922453e+01	2.927071e+01	1.887048e+01	2.004434e+01	2.348773e+01	1.506951e+00	1.042258e+00	1.039984e+00	1.082120e+00
-2.050000e+00	6.182600e-01	6.016670e-01	9.395560e-01	2.257957e+01	2.253273e+01	2.782825e+01	2.741259e+01	1.805125e+01	1.916465e+01	2.213019e+01	1.436934e+00	9.693400e-01	9.669510e-01	1.013176e+00
-2.000000e+00	5.905680e-01	5.728900e-01	9.545980e-01	2.122260e+01	2.117418e+01	2.636696e+01	2.556318e+01	1.719841e+01	1.824102e+01	2.080476e+01	1.364795e+00	8.979310e-01	8.954350e-01	9.459010e-01
-1.950000e+00	5.633740e-01	5.449130e-01	9.736840e-01	1.990316e+01	1.984776e+01	2.483408e+01	2.374734e+01	1.632042e+01	1.728538e+01	1.951588e+01	1.291400e+00	8.284350e-01	8.258300e-01	8.806530e-01
-1.900000e+00	5.379320e-01	5.179070e-01	9.975250e-01	1.861268e+01	1.854774e+01	2.319496e+01	2.197147e+01	1.540780e+01	1.628898e+01	1.825962e+01	1.216173e+00	7.604050e-01	7.576800e-01	8.172910e-01
-1.850000e+00	5.132990e-01	4.917540e-01	1.025009e+00	1.736607e+01	1.729260e+01	2.155645e+01	2.024779e+01	1.448794e+01	1.528687e+01	1.704268e+01	1.140840e+00	6.950670e-01	6.922370e-01	7.567590e-01
-1.800000e+00	4.893300e-01	4.666640e-01	1.057462e+00	1.616149e+01	1.608551e+01	1.999095e+01	1.857131e+01	1.356681e+01	1.428759e+01	1.586918e+01	1.066076e+00	6.326560e-01	6.297310e-01	6.992700e-01
-1.750000e+00	4.663310e-01	4.426550e-01	1.094885e+00	1.499961e+01	1.492871e+01	1.850732e+01	1.694347e+01	1.265090e+01	1.329571e+01	1.474152e+01	9.924080e-01	5.733510e-01	5.700980e-01	6.449440e-01
-1.700000e+00	4.445760e-01	4.196340e-01	1.136754e+00	1.388396e+01	1.382200e+01	1.708374e+01	1.537048e+01	1.174712e+01	1.231548e+01	1.366138e+01	9.202460e-01	5.172940e-01	5.136600e-01	5.938550e-01
-1.650000e+00	4.239480e-01	3.974710e-01	1.182979e+00	1.282092e+01	1.276203e+01	1.569154e+01	1.386161e+01	1.086272e+01	1.135328e+01	1.263024e+01	8.498990e-01	4.646080e-01	4.614370e-01	5.460560e-01
-1.600000e+00	4.047780e-01	3.772280e-01	1.231218e+00	1.179848e+01	1.174081e+01	1.430404e+01	1.240049e+01	9.982459e+00	1.039956e+01	1.164053e+01	7.805180e-01	4.148590e-01	4.116230e-01	5.014750e-01
-1.550000e+00	3.868540e-01	3.583980e-01	1.283100e+00	1.082427e+01	1.076974e+01	1.295633e+01	1.101455e+01	9.127649e+00	9.474964e+00	1.069776e+01	7.131800e-01	3.686930e-01	3.653930e-01	4.603500e-01
-1.500000e+00	3.702360e-01	3.408870e-01	1.337707e+00	9.898253e+00	9.852905e+00	1.165610e+01	9.712391e+00	8.304280e+00	8.584397e+00	9.803757e+00	6.488930e-01	3.261050e-01	3.227450e-01	4.225770e-01
-1.450000e+00	3.546160e-01	3.246090e-01	1.394275e+00	9.021058e+00	8.987016e+00	1.040870e+01	8.498238e+00	7.517151e+00	7.732826e+00	8.957907e+00	5.876940e-01	2.870550e-01	2.836410e-01	3.880310e-01
-1.400000e+00	3.399120e-01	3.093840e-01	1.452134e+00	8.193309e+00	8.168795e+00	9.219460e+00	7.374410e+00	6.769524e+00	6.924698e+00	8.159208e+00	5.295370e-01	2.514710e-01	2.480060e-01	3.565690e-01
-1.350000e+00	3.267210e-01	2.948770e-01	1.510614e+00	7.415150e+00	7.399313e+00	8.094767e+00	6.342723e+00	6.063064e+00	6.163554e+00	7.407528e+00	4.748130e-01	2.192480e-01	2.157350e-01	3.280200e-01
-1.300000e+00	3.149080e-01	2.819550e-01	1.566764e+00	6.675492e+00	6.671269e+00	7.025535e+00	5.391598e+00	5.389219e+00	5.441176e+00	6.697935e+00	4.233730e-01	1.900040e-01	1.864340e-01	3.023060e-01
-1.250000e+00	3.038150e-01	2.698890e-01	1.621787e+00	5.981484e+00	5.992419e+00	6.034540e+00	4.536761e+00	4.760044e+00	4.770838e+00	6.030688e+00	3.750850e-01	1.638750e-01	1.602550e-01	2.790830e-01
-1.200000e+00	2.936480e-01	2.588530e-01	1.674491e+00	5.331558e+00	5.359064e+00	5.124652e+00	3.778248e+00	4.177762e+00	4.152710e+00	5.407237e+00	3.304690e-01	1.406870e-01	1.370310e-01	2.580830e-01
-1.150000e+00	2.844460e-01	2.488410e-01	1.722627e+00	4.726133e+00	4.769903e+00	4.299055e+00	3.113429e+00	3.641808e+00	3.586540e+00	4.826442e+00	2.893160e-01	1.202660e-01	1.165890e-01	2.390440e-01
-1.100000e+00	2.761700e-01	2.397260e-01	1.763744e+00	4.165916e+00	4.224297e+00	3.559187e+00	2.537177e+00	3.151622e+00	3.072233e+00	4.286480e+00	2.515540e-01	1.024270e-01	9.874800e-02	2.216800e-01
-1.050000e+00	2.687610e-01	2.313110e-01	1.796229e+00	3.650928e+00	3.721248e+00	2.904079e+00	2.042533e+00	2.707822e+00	2.609920e+00	3.785957e+00	2.176130e-01	8.696700e-02	8.332400e-02	2.056680e-01
-1.000000e+00	2.619390e-01	2.234860e-01	1.816809e+00	3.169735e+00	3.251051e+00	2.326560e+00	1.620653e+00	2.305139e+00	2.192455e+00	3.316910e+00	1.862830e-01	7.361300e-02	6.995900e-02	1.907560e-01
-9.500000e-01	2.553270e-01	2.165120e-01	1.825717e+00	2.728557e+00	2.820205e+00	1.835416e+00	1.270550e+00	1.945398e+00	1.823862e+00	2.885184e+00	1.579790e-01	6.226700e-02	5.857200e-02	1.766760e-01
-9.000000e-01	2.492350e-01	2.097750e-01	1.820720e+00	2.327134e+00	2.427695e+00	1.424483e+00	9.839830e-01	1.626787e+00	1.501367e+00	2.489496e+00	1.329260e-01	5.264800e-02	4.895100e-02	1.632040e-01
-8.500000e-01	2.432440e-01	2.032410e-01	1.800496e+00	1.965176e+00	2.071718e+00	1.087154e+00	7.526640e-01	1.347639e+00	1.221776e+00	2.128556e+00	1.110860e-01	4.455100e-02	4.090400e-02	1.501830e-01
-8.000000e-01	2.369900e-01	1.969990e-01	1.763930e+00	1.641741e+00	1.750570e+00	8.153910e-01	5.685610e-01	1.105829e+00	9.819220e-01	1.801423e+00	9.211100e-02	3.780900e-02	3.422400e-02	1.374330e-01
-7.500000e-01	2.308470e-01	1.908730e-01	1.709480e+00	1.355100e+00	1.462994e+00	6.001060e-01	4.241230e-01	8.986110e-01	7.787570e-01	1.507544e+00	7.542200e-02	3.226500e-02	2.869100e-02	1.247060e-01
-7.000000e-01	2.249620e-01	1.848530e-01	1.631392e+00	1.100291e+00	1.201718e+00	4.322840e-01	3.113250e-01	7.212030e-01	6.068520e-01	1.241476e+00	6.124300e-02	2.773600e-02	2.420200e-02	1.119010e-01
-6.500000e-01	2.191440e-01	1.787370e-01	1.535204e+00	8.783210e-01	9.719130e-01	3.059210e-01	2.261040e-01	5.738690e-01	4.653810e-01	1.006536e+00	4.930800e-02	2.403600e-02	2.055900e-02	9.944800e-02
-6.000000e-01	2.130280e-01	1.726720e-01	1.422354e+00	6.880220e-01	7.727430e-01	2.126780e-01	1.628880e-01	4.531780e-01	3.502480e-01	8.014820e-01	3.903900e-02	2.100200e-02	1.761100e-02	8.673900e-02
-5.500000e-01	2.066550e-01	1.665440e-01	1.295014e+00	5.280610e-01	6.020990e-01	1.452150e-01	1.166330e-01	3.561570e-01	2.585580e-01	6.255140e-01	3.062900e-02	1.849600e-02	1.521400e-02	7.420200e-02
-5.000000e-01	2.002050e-01	1.602200e-01	1.155944e+00	3.964490e-01	4.582690e-01	9.742100e-02	8.330700e-02	2.799150e-01	1.872070e-01	4.771420e-01	2.396500e-02	1.643700e-02	1.326100e-02	6.231200e-02
-4.500000e-01	1.937710e-01	1.537480e-01	1.008442e+00	2.905260e-01	3.400700e-01	6.433600e-02	5.979900e-02	2.215620e-01	1.327470e-01	3.540990e-01	1.847200e-02	1.480800e-02	1.167400e-02	5.113600e-02
-4.000000e-01	1.861850e-01	1.469830e-01	8.510150e-01	2.060190e-01	2.422910e-01	4.196600e-02	4.364800e-02	1.793830e-01	9.141000e-02	2.526940e-01	1.406000e-02	1.345400e-02	1.049500e-02	4.058000e-02
-3.500000e-01	1.785350e-01	1.400910e-01	6.943310e-01	1.418960e-01	1.660810e-01	2.747500e-02	3.254400e-02	1.502120e-01	6.124000e-02	1.734910e-01	1.084000e-02	1.214800e-02	9.360000e-03	3.092100e-02
-3.000000e-01	1.705860e-01	1.329910e-01	5.453310e-01	9.492700e-02	1.090690e-01	1.829000e-02	2.498100e-02	1.320100e-01	3.985800e-02	1.141270e-01	7.914000e-03	1.091500e-02	8.319000e-03	2.272100e-02
-2.500000e-01	1.626090e-01	1.257690e-01	4.136180e-01	6.203500e-02	6.876600e-02	1.253900e-02	1.971700e-02	1.229120e-01	2.532000e-02	7.198700e-02	5.795000e-03	9.789000e-03	7.363000e-03	1.619200e-02
-2.000000e-01	1.547000e-01	1.185180e-01	2.980180e-01	3.960000e-02	4.069900e-02	9.169000e-03	1.597000e-02	1.262690e-01	1.562200e-02	4.259100e-02	4.100000e-03	8.598000e-03	6.366000e-03	1.094700e-02
-1.500000e-01	1.469330e-01	1.113190e-01	2.059070e-01	2.501400e-02	2.298600e-02	7.079000e-03	1.308600e-02	1.445280e-01	9.332000e-03	2.403800e-02	4.076000e-03	7.407000e-03	5.419000e-03	7.212000e-03
-1.000000e-01	1.401760e-01	1.040350e-01	1.389780e-01	1.629300e-02	1.288500e-02	5.532000e-03	1.063200e-02	1.963830e-01	5.281000e-03	1.344300e-02	4.819400e-02	5.676000e-03	4.096000e-03	4.340000e-03
-5.000000e-02	1.332390e-01	9.662100e-02	9.775700e-02	1.092800e-02	7.568000e-03	4.202000e-03	8.390000e-03	3.026620e-01	2.639000e-03	7.881000e-03	2.623768e+00	3.132000e-03	2.240000e-03	2.052000e-03
0.000000e+00	1.288590e-01	9.166800e-02	8.099900e-02	8.521000e-03	5.557000e-03	3.444000e-03	7.042000e-03	2.058400e-02	1.231000e-03	5.783000e-03	6.576167e+01	5.700000e-05	4.000000e-05	3.500000e-05
