-8.900000e+00	5.100000e-05	5.200000e-05	5.100000e-05	5.200000e-05	5.100000e-05	1.000000e-04	4.030000e-04	3.540000e-04	4.230000e-04	0.000000e+00	1.050000e-04	1.040000e-04	1.040000e-04	1.040000e-04
-8.850000e+00	5.800000e-05	5.900000e-05	5.900000e-05	5.900000e-05	5.800000e-05	1.130000e-04	4.310000e-04	3.940000e-04	4.760000e-04	0.000000e+00	1.190000e-04	1.190000e-04	1.190000e-04	1.190000e-04
-8.800000e+00	6.600000e-05	6.600000e-05	6.600000e-05	6.700000e-05	6.500000e-05	1.260000e-04	4.870000e-04	4.470000e-04	5.340000e-04	0.000000e+00	1.340000e-04	1.340000e-04	1.340000e-04	1.340000e-04
-8.750000e+00	7.300000e-05	7.400000e-05	7.400000e-05	7.400000e-05	7.300000e-05	1.400000e-04	5.430000e-04	5.010000e-04	5.920000e-04	0.000000e+00	1.490000e-04	1.490000e-04	1.490000e-04	1.490000e-04
-8.700000e+00	8.100000e-05	8.100000e-05	8.200000e-05	8.200000e-05	8.000000e-05	1.540000e-04	5.990000e-04	5.560000e-04	6.520000e-04	0.000000e+00	1.640000e-04	1.640000e-04	1.640000e-04	1.650000e-04
-8.650000e+00	8.900000e-05	8.900000e-05	9.000000e-05	9.000000e-05	8.800000e-05	1.690000e-04	6.530000e-04	6.150000e-04	7.150000e-04	0.000000e+00	1.790000e-04	1.800000e-04	1.800000e-04	1.810000e-04
-8.600000e+00	9.700000e-05	9.700000e-05	9.800000e-05	9.700000e-05	9.600000e-05	1.850000e-04	7.130000e-04	6.790000e-04	7.810000e-04	1.000000e-06	1.950000e-04	1.960000e-04	1.960000e-04	1.970000e-04
-8.550000e+00	1.060000e-04	1.060000e-04	1.070000e-04	1.050000e-04	1.050000e-04	2.030000e-04	8.050000e-04	7.430000e-04	8.570000e-04	1.000000e-06	2.110000e-04	2.130000e-04	2.130000e-04	2.160000e-04
-8.500000e+00	1.160000e-04	1.150000e-04	1.160000e-04	1.150000e-04	1.140000e-04	2.220000e-04	8.840000e-04	8.150000e-04	9.400000e-04	2.000000e-06	2.310000e-04	2.330000e-04	2.330000e-04	2.390000e-04
-8.450000e+00	1.260000e-04	1.260000e-04	1.270000e-04	1.260000e-04	1.240000e-04	2.430000e-04	9.990000e-04	8.950000e-04	1.023000e-03	2.000000e-06	2.530000e-04	2.550000e-04	2.550000e-04	2.640000e-04
-8.400000e+00	1.380000e-04	1.370000e-04	1.390000e-04	1.370000e-04	1.350000e-04	2.670000e-04	1.154000e-03	9.890000e-04	1.115000e-03	2.000000e-06	2.760000e-04	2.790000e-04	2.790000e-04	2.920000e-04
-8.350000e+00	1.510000e-04	1.490000e-04	1.530000e-04	1.490000e-04	1.470000e-04	2.910000e-04	1.314000e-03	1.090000e-03	1.215000e-03	2.000000e-06	3.010000e-04	3.040000e-04	3.040000e-04	3.230000e-04
-8.300000e+00	1.610000e-04	1.600000e-04	1.690000e-04	1.610000e-04	1.590000e-04	3.150000e-04	1.442000e-03	1.192000e-03	1.320000e-03	3.000000e-06	3.260000e-04	3.280000e-04	3.280000e-04	3.560000e-04
-8.250000e+00	1.710000e-04	1.700000e-04	1.820000e-04	1.740000e-04	1.710000e-04	3.410000e-04	1.575000e-03	1.311000e-03	1.433000e-03	3.000000e-06	3.520000e-04	3.520000e-04	3.520000e-04	3.900000e-04
-8.200000e+00	1.820000e-04	1.820000e-04	1.950000e-04	1.870000e-04	1.830000e-04	3.670000e-04	1.723000e-03	1.425000e-03	1.547000e-03	4.000000e-06	3.770000e-04	3.750000e-04	3.750000e-04	4.220000e-04
-8.150000e+00	1.930000e-04	1.940000e-04	2.120000e-04	1.990000e-04	1.960000e-04	3.960000e-04	1.886000e-03	1.546000e-03	1.659000e-03	7.000000e-06	4.020000e-04	3.990000e-04	3.990000e-04	4.550000e-04
-8.100000e+00	2.050000e-04	2.070000e-04	2.320000e-04	2.100000e-04	2.090000e-04	4.270000e-04	2.086000e-03	1.671000e-03	1.778000e-03	1.000000e-05	4.290000e-04	4.240000e-04	4.240000e-04	4.900000e-04
-8.050000e+00	2.170000e-04	2.210000e-04	2.550000e-04	2.230000e-04	2.240000e-04	4.610000e-04	2.300000e-03	1.801000e-03	1.911000e-03	1.100000e-05	4.580000e-04	4.510000e-04	4.510000e-04	5.330000e-04
-8.000000e+00	2.320000e-04	2.350000e-04	2.810000e-04	2.390000e-04	2.400000e-04	4.980000e-04	2.515000e-03	1.947000e-03	2.056000e-03	1.100000e-05	4.910000e-04	4.800000e-04	4.810000e-04	5.860000e-04
-7.950000e+00	2.480000e-04	2.450000e-04	3.090000e-04	2.560000e-04	2.560000e-04	5.360000e-04	2.834000e-03	2.118000e-03	2.195000e-03	1.400000e-05	5.230000e-04	5.080000e-04	5.080000e-04	6.460000e-04
-7.900000e+00	2.610000e-04	2.560000e-04	3.360000e-04	2.760000e-04	2.690000e-04	5.740000e-04	3.128000e-03	2.298000e-03	2.338000e-03	1.700000e-05	5.530000e-04	5.320000e-04	5.320000e-04	6.950000e-04
-7.850000e+00	2.720000e-04	2.710000e-04	3.650000e-04	2.990000e-04	2.850000e-04	6.140000e-04	3.422000e-03	2.487000e-03	2.488000e-03	2.500000e-05	5.860000e-04	5.590000e-04	5.590000e-04	7.480000e-04
-7.800000e+00	2.850000e-04	2.870000e-04	4.020000e-04	3.220000e-04	3.060000e-04	6.560000e-04	3.730000e-03	2.690000e-03	2.648000e-03	3.400000e-05	6.220000e-04	5.870000e-04	5.870000e-04	8.130000e-04
-7.750000e+00	3.010000e-04	3.010000e-04	4.530000e-04	3.460000e-04	3.320000e-04	7.020000e-04	4.074000e-03	2.921000e-03	2.820000e-03	4.400000e-05	6.600000e-04	6.150000e-04	6.150000e-04	8.950000e-04
-7.700000e+00	3.150000e-04	3.140000e-04	5.170000e-04	3.720000e-04	3.630000e-04	7.520000e-04	4.468000e-03	3.182000e-03	3.004000e-03	5.900000e-05	6.990000e-04	6.430000e-04	6.430000e-04	9.920000e-04
-7.650000e+00	3.310000e-04	3.270000e-04	6.000000e-04	4.000000e-04	3.940000e-04	8.120000e-04	4.898000e-03	3.437000e-03	3.192000e-03	7.900000e-05	7.380000e-04	6.720000e-04	6.720000e-04	1.088000e-03
-7.600000e+00	3.470000e-04	3.390000e-04	7.620000e-04	4.400000e-04	4.250000e-04	8.720000e-04	5.288000e-03	3.708000e-03	3.390000e-03	1.000000e-04	7.770000e-04	6.990000e-04	6.990000e-04	1.217000e-03
-7.550000e+00	3.740000e-04	3.610000e-04	1.035000e-03	4.910000e-04	4.640000e-04	9.400000e-04	5.676000e-03	4.029000e-03	3.605000e-03	1.310000e-04	8.190000e-04	7.280000e-04	7.280000e-04	1.389000e-03
-7.500000e+00	4.150000e-04	4.000000e-04	1.591000e-03	5.470000e-04	5.150000e-04	1.022000e-03	6.065000e-03	4.391000e-03	3.832000e-03	1.750000e-04	8.650000e-04	7.590000e-04	7.590000e-04	1.614000e-03
-7.450000e+00	4.920000e-04	4.750000e-04	2.801000e-03	6.090000e-04	5.880000e-04	1.120000e-03	6.458000e-03	4.794000e-03	4.073000e-03	2.340000e-04	9.140000e-04	7.960000e-04	7.950000e-04	1.917000e-03
-7.400000e+00	6.520000e-04	6.330000e-04	5.330000e-03	6.840000e-04	6.870000e-04	1.232000e-03	6.858000e-03	5.234000e-03	4.330000e-03	3.120000e-04	9.640000e-04	8.410000e-04	8.390000e-04	2.325000e-03
-7.350000e+00	1.032000e-03	9.970000e-04	9.332000e-03	7.900000e-04	7.960000e-04	1.362000e-03	7.260000e-03	5.685000e-03	4.612000e-03	4.130000e-04	1.013000e-03	9.010000e-04	8.990000e-04	2.842000e-03
-7.300000e+00	1.998000e-03	1.941000e-03	1.389100e-02	9.350000e-04	9.510000e-04	1.549000e-03	7.687000e-03	6.199000e-03	4.944000e-03	5.570000e-04	1.067000e-03	1.015000e-03	1.014000e-03	3.404000e-03
-7.250000e+00	3.580000e-03	3.521000e-03	1.957200e-02	1.111000e-03	1.139000e-03	1.777000e-03	8.107000e-03	6.817000e-03	5.320000e-03	7.320000e-04	1.122000e-03	1.185000e-03	1.185000e-03	4.045000e-03
-7.200000e+00	5.669000e-03	5.631000e-03	2.668700e-02	1.343000e-03	1.357000e-03	2.037000e-03	8.529000e-03	7.481000e-03	5.718000e-03	9.520000e-04	1.174000e-03	1.397000e-03	1.401000e-03	4.717000e-03
-7.150000e+00	8.020000e-03	8.003000e-03	3.497600e-02	1.649000e-03	1.621000e-03	2.358000e-03	9.003000e-03	8.162000e-03	6.134000e-03	1.232000e-03	1.221000e-03	1.651000e-03	1.658000e-03	5.336000e-03
-7.100000e+00	1.046500e-02	1.044800e-02	4.292800e-02	2.032000e-03	1.965000e-03	2.775000e-03	9.595000e-03	8.843000e-03	6.577000e-03	1.588000e-03	1.265000e-03	1.940000e-03	1.949000e-03	5.827000e-03
-7.050000e+00	1.291800e-02	1.285200e-02	4.763900e-02	2.478000e-03	2.443000e-03	3.274000e-03	1.036400e-02	9.480000e-03	7.054000e-03	2.033000e-03	1.309000e-03	2.216000e-03	2.227000e-03	6.187000e-03
-7.000000e+00	1.529000e-02	1.525100e-02	5.069700e-02	3.136000e-03	3.078000e-03	3.915000e-03	1.118900e-02	1.008000e-02	7.596000e-03	2.663000e-03	1.353000e-03	2.499000e-03	2.507000e-03	6.495000e-03
-6.950000e+00	1.771100e-02	1.767300e-02	5.331900e-02	3.906000e-03	3.893000e-03	4.725000e-03	1.218100e-02	1.070100e-02	8.222000e-03	3.409000e-03	1.405000e-03	2.804000e-03	2.808000e-03	6.794000e-03
-6.900000e+00	2.017300e-02	2.006500e-02	5.585900e-02	4.912000e-03	4.901000e-03	5.772000e-03	1.340100e-02	1.140700e-02	8.952000e-03	4.345000e-03	1.467000e-03	3.114000e-03	3.117000e-03	7.094000e-03
-6.850000e+00	2.258700e-02	2.244800e-02	5.835400e-02	6.230000e-03	6.169000e-03	7.129000e-03	1.493500e-02	1.225100e-02	9.812000e-03	5.581000e-03	1.539000e-03	3.429000e-03	3.436000e-03	7.403000e-03
-6.800000e+00	2.489800e-02	2.488200e-02	6.070800e-02	7.889000e-03	7.796000e-03	8.854000e-03	1.685400e-02	1.326000e-02	1.082800e-02	7.240000e-03	1.619000e-03	3.759000e-03	3.771000e-03	7.726000e-03
-6.750000e+00	2.729600e-02	2.738100e-02	6.295800e-02	9.964000e-03	9.797000e-03	1.092900e-02	1.913200e-02	1.439500e-02	1.201300e-02	9.357000e-03	1.708000e-03	4.108000e-03	4.120000e-03	8.069000e-03
-6.700000e+00	2.973500e-02	2.984600e-02	6.553000e-02	1.264600e-02	1.253000e-02	1.367000e-02	2.220800e-02	1.577600e-02	1.340800e-02	1.192100e-02	1.822000e-03	4.480000e-03	4.491000e-03	8.441000e-03
-6.650000e+00	3.213400e-02	3.226600e-02	6.800700e-02	1.610400e-02	1.593600e-02	1.717800e-02	2.614000e-02	1.746100e-02	1.511500e-02	1.524900e-02	1.956000e-03	4.882000e-03	4.893000e-03	8.840000e-03
-6.600000e+00	3.461000e-02	3.474000e-02	7.049800e-02	2.045100e-02	2.026500e-02	2.161600e-02	3.105400e-02	1.947900e-02	1.716400e-02	1.949100e-02	2.112000e-03	5.318000e-03	5.329000e-03	9.271000e-03
-6.550000e+00	3.719400e-02	3.727500e-02	7.297200e-02	2.589000e-02	2.571000e-02	2.717100e-02	3.712800e-02	2.190200e-02	1.960400e-02	2.484300e-02	2.312000e-03	5.792000e-03	5.807000e-03	9.730000e-03
-6.500000e+00	3.982900e-02	3.983500e-02	7.545500e-02	3.272200e-02	3.246000e-02	3.405800e-02	4.460400e-02	2.483200e-02	2.252100e-02	3.152300e-02	2.567000e-03	6.314000e-03	6.335000e-03	1.023000e-02
-6.450000e+00	4.238600e-02	4.243100e-02	7.828200e-02	4.124100e-02	4.095900e-02	4.253200e-02	5.377700e-02	2.836700e-02	2.605800e-02	3.970800e-02	2.831000e-03	6.889000e-03	6.925000e-03	1.084000e-02
-6.400000e+00	4.481700e-02	4.501200e-02	8.081500e-02	5.181400e-02	5.171700e-02	5.310100e-02	6.528900e-02	3.266200e-02	3.029000e-02	5.020800e-02	3.149000e-03	7.532000e-03	7.585000e-03	1.145700e-02
-6.350000e+00	4.738100e-02	4.759700e-02	8.359700e-02	6.502900e-02	6.490500e-02	6.665100e-02	7.964100e-02	3.794100e-02	3.545000e-02	6.346800e-02	3.511000e-03	8.264000e-03	8.330000e-03	1.218300e-02
-6.300000e+00	4.995900e-02	5.007100e-02	8.605500e-02	8.154100e-02	8.140400e-02	8.357300e-02	9.752000e-02	4.437900e-02	4.172200e-02	7.996500e-02	3.940000e-03	9.092000e-03	9.172000e-03	1.303300e-02
-6.250000e+00	5.251100e-02	5.252500e-02	8.845400e-02	1.021620e-01	1.020460e-01	1.044360e-01	1.196770e-01	5.221700e-02	4.930600e-02	1.003110e-01	4.447000e-03	1.003900e-02	1.013200e-02	1.400400e-02
-6.200000e+00	5.511900e-02	5.513000e-02	9.118900e-02	1.277420e-01	1.275790e-01	1.300520e-01	1.468930e-01	6.175300e-02	5.845300e-02	1.254040e-01	5.038000e-03	1.112900e-02	1.123400e-02	1.509100e-02
-6.150000e+00	5.802600e-02	5.798000e-02	9.393000e-02	1.588570e-01	1.588720e-01	1.614480e-01	1.799080e-01	7.328200e-02	6.953500e-02	1.566980e-01	5.733000e-03	1.238000e-02	1.250200e-02	1.633000e-02
-6.100000e+00	6.094900e-02	6.094200e-02	9.687600e-02	1.971470e-01	1.976150e-01	2.003570e-01	2.209420e-01	8.737900e-02	8.304100e-02	1.949570e-01	6.555000e-03	1.383100e-02	1.397600e-02	1.773200e-02
-6.050000e+00	6.378300e-02	6.403500e-02	9.979500e-02	2.445470e-01	2.451110e-01	2.477440e-01	2.711530e-01	1.044210e-01	9.918000e-02	2.417340e-01	7.508000e-03	1.549900e-02	1.566800e-02	1.938000e-02
-6.000000e+00	6.664700e-02	6.723900e-02	1.026840e-01	3.024070e-01	3.027660e-01	3.059200e-01	3.321760e-01	1.250190e-01	1.186480e-01	2.990960e-01	8.622000e-03	1.742700e-02	1.762200e-02	2.129500e-02
-5.950000e+00	6.970900e-02	7.057300e-02	1.056740e-01	3.729940e-01	3.729090e-01	3.770560e-01	4.061600e-01	1.499040e-01	1.421760e-01	3.690310e-01	9.921000e-03	1.965900e-02	1.988400e-02	2.351600e-02
-5.900000e+00	7.305100e-02	7.406100e-02	1.089080e-01	4.592440e-01	4.586340e-01	4.632200e-01	4.957510e-01	1.798930e-01	1.704890e-01	4.536220e-01	1.143200e-02	2.224300e-02	2.250300e-02	2.609300e-02
-5.850000e+00	7.649200e-02	7.766400e-02	1.123860e-01	5.634780e-01	5.627970e-01	5.669390e-01	6.037890e-01	2.158030e-01	2.042830e-01	5.558030e-01	1.319000e-02	2.524000e-02	2.553000e-02	2.907100e-02
-5.800000e+00	8.019500e-02	8.126800e-02	1.161100e-01	6.872920e-01	6.870350e-01	6.917050e-01	7.330290e-01	2.587640e-01	2.447350e-01	6.783260e-01	1.525000e-02	2.872700e-02	2.904100e-02	3.254600e-02
-5.750000e+00	8.406200e-02	8.527600e-02	1.197940e-01	8.357050e-01	8.354630e-01	8.414010e-01	8.879160e-01	3.100000e-01	2.927810e-01	8.253960e-01	1.762700e-02	3.275100e-02	3.310700e-02	3.656200e-02
-5.700000e+00	8.813500e-02	8.966700e-02	1.238940e-01	1.012735e+00	1.012604e+00	1.019708e+00	1.072058e+00	3.707760e-01	3.497920e-01	1.000618e+00	2.036800e-02	3.739400e-02	3.779700e-02	4.119800e-02
-5.650000e+00	9.249000e-02	9.432700e-02	1.284630e-01	1.222365e+00	1.222950e+00	1.230982e+00	1.289701e+00	4.425730e-01	4.170490e-01	1.208936e+00	2.352500e-02	4.273900e-02	4.319100e-02	4.653200e-02
-5.600000e+00	9.719200e-02	9.915600e-02	1.333450e-01	1.469128e+00	1.470997e+00	1.480158e+00	1.545997e+00	5.270560e-01	4.959130e-01	1.455676e+00	2.715000e-02	4.888000e-02	4.937900e-02	5.265000e-02
-5.550000e+00	1.022370e-01	1.042020e-01	1.384060e-01	1.759697e+00	1.761748e+00	1.772309e+00	1.847318e+00	6.259550e-01	5.883060e-01	1.743751e+00	3.130500e-02	5.592300e-02	5.647400e-02	5.966400e-02
-5.500000e+00	1.077680e-01	1.099140e-01	1.439890e-01	2.097703e+00	2.099867e+00	2.110463e+00	2.196885e+00	7.407430e-01	6.954800e-01	2.077359e+00	3.605700e-02	6.396800e-02	6.458800e-02	6.780500e-02
-5.450000e+00	1.136880e-01	1.160620e-01	1.499270e-01	2.489427e+00	2.491892e+00	2.503329e+00	2.602673e+00	8.738210e-01	8.193920e-01	2.465893e+00	4.147300e-02	7.310700e-02	7.380200e-02	7.689100e-02
-5.400000e+00	1.200620e-01	1.227480e-01	1.561780e-01	2.941614e+00	2.943905e+00	2.957022e+00	3.070956e+00	1.027016e+00	9.620840e-01	2.914879e+00	4.762400e-02	8.350200e-02	8.428300e-02	8.722400e-02
-5.350000e+00	1.268950e-01	1.300700e-01	1.628310e-01	3.460987e+00	3.462561e+00	3.478180e+00	3.608955e+00	1.202531e+00	1.125562e+00	3.430536e+00	5.458800e-02	9.529000e-02	9.617100e-02	9.898500e-02
-5.300000e+00	1.342130e-01	1.379960e-01	1.700880e-01	4.054121e+00	4.054779e+00	4.073493e+00	4.224171e+00	1.402805e+00	1.311880e+00	4.019357e+00	6.245200e-02	1.086000e-01	1.095890e-01	1.122700e-01
-5.250000e+00	1.421780e-01	1.461970e-01	1.782330e-01	4.727472e+00	4.727014e+00	4.748646e+00	4.922725e+00	1.630080e+00	1.523401e+00	4.686983e+00	7.131500e-02	1.235830e-01	1.246770e-01	1.272130e-01
-5.200000e+00	1.511500e-01	1.554020e-01	1.870620e-01	5.481411e+00	5.481590e+00	5.504541e+00	5.700444e+00	1.884513e+00	1.760167e+00	5.432799e+00	8.118300e-02	1.403880e-01	1.416070e-01	1.439310e-01
-5.150000e+00	1.608070e-01	1.655260e-01	1.963600e-01	6.325038e+00	6.325005e+00	6.351456e+00	6.568590e+00	2.169425e+00	2.025079e+00	6.266435e+00	9.222600e-02	1.590950e-01	1.604520e-01	1.625690e-01
-5.100000e+00	1.713490e-01	1.766820e-01	2.065530e-01	7.264842e+00	7.264369e+00	7.295770e+00	7.535122e+00	2.486863e+00	2.319973e+00	7.196610e+00	1.045280e-01	1.798740e-01	1.813940e-01	1.832890e-01
-5.050000e+00	1.826840e-01	1.889790e-01	2.177370e-01	8.306058e+00	8.304841e+00	8.341002e+00	8.605414e+00	2.838515e+00	2.646459e+00	8.228380e+00	1.181970e-01	2.028880e-01	2.046030e-01	2.062490e-01
-5.000000e+00	1.947370e-01	2.025150e-01	2.298830e-01	9.451902e+00	9.449308e+00	9.488709e+00	9.782540e+00	3.225637e+00	3.005891e+00	9.363729e+00	1.333410e-01	2.282920e-01	2.302290e-01	2.316020e-01
-4.950000e+00	2.078760e-01	2.173720e-01	2.431160e-01	1.070268e+01	1.069861e+01	1.074110e+01	1.106886e+01	3.649044e+00	3.399379e+00	1.060417e+01	1.500260e-01	2.562340e-01	2.583920e-01	2.594820e-01
-4.900000e+00	2.221380e-01	2.337150e-01	2.569930e-01	1.204652e+01	1.204336e+01	1.208898e+01	1.245302e+01	4.104118e+00	3.823364e+00	1.193700e+01	1.682640e-01	2.866140e-01	2.891210e-01	2.898410e-01
-4.850000e+00	2.374860e-01	2.515830e-01	2.719970e-01	1.349269e+01	1.349367e+01	1.354188e+01	1.394515e+01	4.595263e+00	4.281115e+00	1.337303e+01	1.882350e-01	3.197670e-01	3.226210e-01	3.229270e-01
-4.800000e+00	2.538840e-01	2.713600e-01	2.880230e-01	1.504262e+01	1.504413e+01	1.509775e+01	1.554488e+01	5.121847e+00	4.772080e+00	1.490843e+01	2.100310e-01	3.557600e-01	3.589880e-01	3.588350e-01
-4.750000e+00	2.713660e-01	2.936270e-01	3.051050e-01	1.669216e+01	1.669152e+01	1.675365e+01	1.724751e+01	5.683094e+00	5.295622e+00	1.654128e+01	2.337410e-01	3.946750e-01	3.982900e-01	3.976580e-01
-4.700000e+00	2.900040e-01	3.186520e-01	3.232540e-01	1.843286e+01	1.843268e+01	1.850436e+01	1.904650e+01	6.277742e+00	5.850705e+00	1.826788e+01	2.594440e-01	4.365890e-01	4.405480e-01	4.394690e-01
-4.650000e+00	3.098670e-01	3.456090e-01	3.422330e-01	2.025500e+01	2.026007e+01	2.034014e+01	2.093812e+01	6.903439e+00	6.435312e+00	2.007615e+01	2.872080e-01	4.815360e-01	4.856860e-01	4.843050e-01
-4.600000e+00	3.309860e-01	3.688320e-01	3.625160e-01	2.213250e+01	2.213759e+01	2.222548e+01	2.288124e+01	7.549187e+00	7.040269e+00	2.193341e+01	3.168860e-01	5.291520e-01	5.333380e-01	5.318090e-01
-4.550000e+00	3.530080e-01	3.920450e-01	3.835360e-01	2.407281e+01	2.407579e+01	2.417373e+01	2.489522e+01	8.219492e+00	7.668992e+00	2.385533e+01	3.487190e-01	5.797440e-01	5.839230e-01	5.822740e-01
-4.500000e+00	3.762390e-01	4.157300e-01	4.054860e-01	2.606315e+01	2.606486e+01	2.617403e+01	2.696763e+01	8.910691e+00	8.318913e+00	2.582792e+01	3.827440e-01	6.332680e-01	6.374110e-01	6.356540e-01
-4.450000e+00	4.006450e-01	4.400660e-01	4.283840e-01	2.808936e+01	2.808845e+01	2.821284e+01	2.908385e+01	9.618886e+00	8.986751e+00	2.783516e+01	4.190030e-01	6.896650e-01	6.937550e-01	6.918960e-01
-4.400000e+00	4.260760e-01	4.651370e-01	4.522900e-01	3.013657e+01	3.012939e+01	3.027431e+01	3.122803e+01	1.033997e+01	9.668690e+00	2.986131e+01	4.575030e-01	7.488350e-01	7.528700e-01	7.509140e-01
-4.350000e+00	4.525670e-01	4.912150e-01	4.775830e-01	3.218998e+01	3.217835e+01	3.234098e+01	3.338455e+01	1.106962e+01	1.036068e+01	3.189395e+01	4.981460e-01	8.106240e-01	8.145900e-01	8.125480e-01
-4.300000e+00	4.798410e-01	5.177580e-01	5.034230e-01	3.419586e+01	3.418439e+01	3.436032e+01	3.550323e+01	1.179201e+01	1.104887e+01	3.387749e+01	5.408640e-01	8.741820e-01	8.780680e-01	8.759530e-01
-4.250000e+00	5.080300e-01	5.455360e-01	5.301340e-01	3.617396e+01	3.615883e+01	3.635103e+01	3.760212e+01	1.251875e+01	1.173936e+01	3.583206e+01	5.871720e-01	9.398980e-01	9.437030e-01	9.415360e-01
-4.200000e+00	5.368680e-01	5.739630e-01	5.576180e-01	3.810405e+01	3.808820e+01	3.829639e+01	3.966387e+01	1.323424e+01	1.242813e+01	3.773785e+01	6.340770e-01	1.007546e+00	1.011260e+00	1.009055e+00
-4.150000e+00	5.663640e-01	6.026460e-01	5.857280e-01	3.997033e+01	3.995496e+01	4.018284e+01	4.167295e+01	1.393763e+01	1.311197e+01	3.957831e+01	6.823290e-01	1.076859e+00	1.080469e+00	1.078235e+00
-4.100000e+00	5.965400e-01	6.314610e-01	6.141890e-01	4.176081e+01	4.174269e+01	4.199807e+01	4.361568e+01	1.463245e+01	1.378804e+01	4.134110e+01	7.338180e-01	1.147542e+00	1.151036e+00	1.148777e+00
-4.050000e+00	6.270840e-01	6.606180e-01	6.424920e-01	4.346616e+01	4.344286e+01	4.372828e+01	4.547987e+01	1.531180e+01	1.445330e+01	4.301886e+01	7.873390e-01	1.219284e+00	1.222667e+00	1.220387e+00
-4.000000e+00	6.574210e-01	6.900660e-01	6.711880e-01	4.502417e+01	4.500899e+01	4.531966e+01	4.721826e+01	1.596052e+01	1.509436e+01	4.455805e+01	8.425030e-01	1.290742e+00	1.293957e+00	1.291665e+00
-3.950000e+00	6.878190e-01	7.197050e-01	7.001630e-01	4.647545e+01	4.646062e+01	4.680346e+01	4.885569e+01	1.658907e+01	1.572103e+01	4.598723e+01	8.993070e-01	1.362282e+00	1.365423e+00	1.363139e+00
-3.900000e+00	7.182330e-01	7.492910e-01	7.291820e-01	4.781209e+01	4.779658e+01	4.817400e+01	5.038794e+01	1.719624e+01	1.633310e+01	4.729962e+01	9.577970e-01	1.433664e+00	1.436668e+00	1.434463e+00
-3.850000e+00	7.485010e-01	7.785120e-01	7.580630e-01	4.902385e+01	4.901070e+01	4.942513e+01	5.180500e+01	1.778238e+01	1.693017e+01	4.849080e+01	1.017927e+00	1.504454e+00	1.507303e+00	1.505176e+00
-3.800000e+00	7.784090e-01	8.071150e-01	7.865550e-01	5.010538e+01	5.009656e+01	5.054951e+01	5.309790e+01	1.834774e+01	1.751215e+01	4.955711e+01	1.079550e+00	1.574165e+00	1.576926e+00	1.574818e+00
-3.750000e+00	8.077620e-01	8.350640e-01	8.141780e-01	5.106443e+01	5.105313e+01	5.153794e+01	5.426687e+01	1.889038e+01	1.807991e+01	5.049380e+01	1.142424e+00	1.642476e+00	1.645091e+00	1.643078e+00
-3.700000e+00	8.358640e-01	8.616610e-01	8.408270e-01	5.185985e+01	5.184019e+01	5.237517e+01	5.527519e+01	1.940392e+01	1.862692e+01	5.126071e+01	1.205787e+00	1.707650e+00	1.710131e+00	1.708235e+00
-3.650000e+00	8.630820e-01	8.875730e-01	8.668400e-01	5.251809e+01	5.249127e+01	5.308584e+01	5.616385e+01	1.989741e+01	1.916002e+01	5.189919e+01	1.270000e+00	1.770392e+00	1.772746e+00	1.770983e+00
-3.600000e+00	8.893250e-01	9.126180e-01	8.921550e-01	5.304236e+01	5.301083e+01	5.366735e+01	5.692921e+01	2.037212e+01	1.968085e+01	5.240451e+01	1.334853e+00	1.830255e+00	1.832482e+00	1.830877e+00
-3.550000e+00	9.143340e-01	9.364490e-01	9.162800e-01	5.343166e+01	5.339834e+01	5.411715e+01	5.756383e+01	2.082795e+01	2.018959e+01	5.277508e+01	1.400055e+00	1.886806e+00	1.888908e+00	1.887484e+00
-3.500000e+00	9.377800e-01	9.587080e-01	9.387700e-01	5.368550e+01	5.365337e+01	5.443617e+01	5.806385e+01	2.126412e+01	2.068605e+01	5.301315e+01	1.465295e+00	1.939598e+00	1.941554e+00	1.940358e+00
-3.450000e+00	9.593640e-01	9.792110e-01	9.597690e-01	5.380893e+01	5.378111e+01	5.463244e+01	5.843680e+01	2.167998e+01	2.117094e+01	5.312531e+01	1.530328e+00	1.988136e+00	1.989853e+00	1.989010e+00
-3.400000e+00	9.792050e-01	9.975260e-01	9.790060e-01	5.377788e+01	5.374647e+01	5.468755e+01	5.864477e+01	2.207248e+01	2.163621e+01	5.307796e+01	1.593909e+00	2.030530e+00	2.032187e+00	2.031587e+00
-3.350000e+00	9.965800e-01	1.013536e+00	9.966070e-01	5.362277e+01	5.359156e+01	5.461592e+01	5.873002e+01	2.244508e+01	2.208864e+01	5.290558e+01	1.656458e+00	2.067903e+00	2.069429e+00	2.069176e+00
-3.300000e+00	1.011908e+00	1.027222e+00	1.012157e+00	5.334654e+01	5.331234e+01	5.442610e+01	5.868601e+01	2.279959e+01	2.252685e+01	5.261659e+01	1.717657e+00	2.099897e+00	2.101274e+00	2.101430e+00
-3.250000e+00	1.024988e+00	1.038929e+00	1.025702e+00	5.295211e+01	5.291471e+01	5.412603e+01	5.852147e+01	2.313410e+01	2.294957e+01	5.221230e+01	1.777061e+00	2.126189e+00	2.127422e+00	2.128032e+00
-3.200000e+00	1.035551e+00	1.048827e+00	1.037341e+00	5.244349e+01	5.240566e+01	5.372170e+01	5.824397e+01	2.344595e+01	2.335533e+01	5.169431e+01	1.834213e+00	2.146506e+00	2.147598e+00	2.148713e+00
-3.150000e+00	1.043872e+00	1.056340e+00	1.046768e+00	5.182676e+01	5.178475e+01	5.321609e+01	5.784374e+01	2.373492e+01	2.374198e+01	5.107159e+01	1.888758e+00	2.160640e+00	2.161588e+00	2.163280e+00
-3.100000e+00	1.049029e+00	1.059925e+00	1.053569e+00	5.107766e+01	5.103301e+01	5.258870e+01	5.729864e+01	2.399420e+01	2.409827e+01	5.032155e+01	1.938850e+00	2.166737e+00	2.167525e+00	2.169893e+00
-3.050000e+00	1.051727e+00	1.060904e+00	1.058323e+00	5.022578e+01	5.018585e+01	5.187715e+01	5.663888e+01	2.422431e+01	2.442977e+01	4.947181e+01	1.985073e+00	2.166196e+00	2.166820e+00	2.169945e+00
-3.000000e+00	1.051831e+00	1.059318e+00	1.060974e+00	4.928536e+01	4.925025e+01	5.108281e+01	5.587555e+01	2.442395e+01	2.473244e+01	4.853241e+01	2.027036e+00	2.158970e+00	2.159437e+00	2.163398e+00
-2.950000e+00	1.049101e+00	1.055304e+00	1.061587e+00	4.826326e+01	4.823338e+01	5.021275e+01	5.501650e+01	2.459085e+01	2.500180e+01	4.751377e+01	2.064190e+00	2.145058e+00	2.145371e+00	2.150252e+00
-2.900000e+00	1.043503e+00	1.048837e+00	1.060164e+00	4.716474e+01	4.713943e+01	4.927448e+01	5.406653e+01	2.472206e+01	2.523317e+01	4.642142e+01	2.096007e+00	2.124517e+00	2.124672e+00	2.130565e+00
-2.850000e+00	1.035508e+00	1.039464e+00	1.056471e+00	4.599875e+01	4.596690e+01	4.827115e+01	5.302784e+01	2.481424e+01	2.542177e+01	4.525149e+01	2.122189e+00	2.097467e+00	2.097458e+00	2.104472e+00
-2.800000e+00	1.024269e+00	1.027227e+00	1.050925e+00	4.473837e+01	4.470884e+01	4.720164e+01	5.188423e+01	2.485338e+01	2.554886e+01	4.399887e+01	2.140668e+00	2.062333e+00	2.062158e+00	2.070458e+00
-2.750000e+00	1.010991e+00	1.012489e+00	1.044038e+00	4.342309e+01	4.339577e+01	4.608669e+01	5.065939e+01	2.484111e+01	2.562314e+01	4.269436e+01	2.152426e+00	2.021119e+00	2.020774e+00	2.030504e+00
-2.700000e+00	9.952480e-01	9.950760e-01	1.035735e+00	4.206098e+01	4.203189e+01	4.492633e+01	4.935788e+01	2.477531e+01	2.563951e+01	4.134167e+01	2.157406e+00	1.974121e+00	1.973604e+00	1.984911e+00
-2.650000e+00	9.770400e-01	9.752090e-01	1.026345e+00	4.065696e+01	4.062412e+01	4.373276e+01	4.798788e+01	2.465430e+01	2.559386e+01	3.994687e+01	2.155291e+00	1.921673e+00	1.920990e+00	1.934016e+00
-2.600000e+00	9.565480e-01	9.533620e-01	1.016263e+00	3.921679e+01	3.918194e+01	4.251813e+01	4.655637e+01	2.447648e+01	2.548344e+01	3.851688e+01	2.145845e+00	1.864209e+00	1.863366e+00	1.878259e+00
-2.550000e+00	9.338980e-01	9.301230e-01	1.005617e+00	3.775017e+01	3.771713e+01	4.128412e+01	4.506493e+01	2.424001e+01	2.530736e+01	3.705816e+01	2.129262e+00	1.802298e+00	1.801297e+00	1.818223e+00
-2.500000e+00	9.086960e-01	9.043600e-01	9.944400e-01	3.624851e+01	3.621111e+01	4.001414e+01	4.350821e+01	2.392287e+01	2.503963e+01	3.556294e+01	2.103723e+00	1.734726e+00	1.733562e+00	1.752803e+00
-2.450000e+00	8.821900e-01	8.771120e-01	9.838380e-01	3.473192e+01	3.469038e+01	3.873302e+01	4.189840e+01	2.354195e+01	2.469823e+01	3.406348e+01	2.070772e+00	1.663582e+00	1.662270e+00	1.684045e+00
-2.400000e+00	8.544690e-01	8.486100e-01	9.744730e-01	3.321021e+01	3.316497e+01	3.744296e+01	4.024452e+01	2.309396e+01	2.427983e+01	3.255951e+01	2.030846e+00	1.589551e+00	1.588106e+00	1.612631e+00
-2.350000e+00	8.256200e-01	8.191190e-01	9.665300e-01	3.168863e+01	3.164115e+01	3.614637e+01	3.854593e+01	2.257999e+01	2.378385e+01	3.105631e+01	1.984397e+00	1.513233e+00	1.511664e+00	1.539164e+00
-2.300000e+00	7.958650e-01	7.887930e-01	9.601630e-01	3.017028e+01	3.012321e+01	3.484428e+01	3.680424e+01	2.200371e+01	2.321253e+01	2.956023e+01	1.931811e+00	1.435206e+00	1.433518e+00	1.464217e+00
-2.250000e+00	7.656770e-01	7.575570e-01	9.559630e-01	2.865793e+01	2.861496e+01	3.353517e+01	3.503262e+01	2.136958e+01	2.257093e+01	2.807506e+01	1.873350e+00	1.356074e+00	1.354269e+00	1.388368e+00
-2.200000e+00	7.348990e-01	7.258130e-01	9.540690e-01	2.715087e+01	2.710367e+01	3.218942e+01	3.319186e+01	2.065442e+01	2.183587e+01	2.659173e+01	1.807736e+00	1.275176e+00	1.273245e+00	1.311157e+00
-2.150000e+00	7.043320e-01	6.942010e-01	9.555080e-01	2.566717e+01	2.561631e+01	3.082061e+01	3.131993e+01	1.988585e+01	2.103771e+01	2.513515e+01	1.737765e+00	1.194493e+00	1.192443e+00	1.234423e+00
-2.100000e+00	6.739370e-01	6.628230e-01	9.600920e-01	2.421190e+01	2.415753e+01	2.941462e+01	2.942830e+01	1.907141e+01	2.018330e+01	2.370783e+01	1.664066e+00	1.114570e+00	1.112406e+00	1.158688e+00
-2.050000e+00	6.437860e-01	6.318160e-01	9.685000e-01	2.278647e+01	2.272964e+01	2.796117e+01	2.753268e+01	1.821812e+01	1.927936e+01	2.231187e+01	1.587438e+00	1.035917e+00	1.033238e+00	1.084382e+00
-2.000000e+00	6.140870e-01	6.012820e-01	9.811420e-01	2.139331e+01	2.133437e+01	2.645247e+01	2.565226e+01	1.733379e+01	1.833413e+01	2.095131e+01	1.508713e+00	9.590140e-01	9.556920e-01	1.011956e+00
-1.950000e+00	5.851970e-01	5.712420e-01	9.968770e-01	2.003911e+01	1.997409e+01	2.488238e+01	2.380873e+01	1.642798e+01	1.735855e+01	1.963367e+01	1.428635e+00	8.843080e-01	8.818060e-01	9.419480e-01
-1.900000e+00	5.572800e-01	5.418620e-01	1.018384e+00	1.871552e+01	1.865070e+01	2.321427e+01	2.200580e+01	1.549210e+01	1.634453e+01	1.834488e+01	1.345861e+00	8.113160e-01	8.086950e-01	8.743200e-01
-1.850000e+00	5.304130e-01	5.133930e-01	1.044447e+00	1.743965e+01	1.737600e+01	2.155642e+01	2.025597e+01	1.455132e+01	1.532601e+01	1.710145e+01	1.262803e+00	7.413060e-01	7.385670e-01	8.096100e-01
-1.800000e+00	5.046250e-01	4.862290e-01	1.075341e+00	1.621273e+01	1.614916e+01	1.997470e+01	1.855812e+01	1.361510e+01	1.431359e+01	1.590613e+01	1.180243e+00	6.744930e-01	6.716490e-01	7.482650e-01
-1.750000e+00	4.799270e-01	4.605590e-01	1.110928e+00	1.503429e+01	1.497049e+01	1.847310e+01	1.691562e+01	1.268640e+01	1.331174e+01	1.476115e+01	1.098717e+00	6.110560e-01	6.081190e-01	6.904150e-01
-1.700000e+00	4.564840e-01	4.362720e-01	1.150724e+00	1.390453e+01	1.384159e+01	1.702957e+01	1.533349e+01	1.176822e+01	1.232301e+01	1.366754e+01	1.018779e+00	5.511540e-01	5.481280e-01	6.360810e-01
-1.650000e+00	4.347380e-01	4.128990e-01	1.193975e+00	1.282576e+01	1.276525e+01	1.562138e+01	1.381649e+01	1.086787e+01	1.135093e+01	1.262475e+01	9.411600e-01	4.949290e-01	4.918220e-01	5.853110e-01
-1.600000e+00	4.144420e-01	3.914660e-01	1.241212e+00	1.178715e+01	1.173259e+01	1.422897e+01	1.234948e+01	9.977936e+00	1.039135e+01	1.162303e+01	8.639700e-01	4.418880e-01	4.386950e-01	5.381500e-01
-1.550000e+00	3.948840e-01	3.711100e-01	1.292094e+00	1.080113e+01	1.075244e+01	1.287613e+01	1.095933e+01	9.114707e+00	9.460019e+00	1.067195e+01	7.897810e-01	3.927020e-01	3.894350e-01	4.946730e-01
-1.500000e+00	3.766860e-01	3.517130e-01	1.345202e+00	9.867758e+00	9.826679e+00	1.157001e+01	9.655027e+00	8.283458e+00	8.564773e+00	9.771875e+00	7.186340e-01	3.473710e-01	3.440310e-01	4.549750e-01
-1.450000e+00	3.600950e-01	3.336830e-01	1.400292e+00	8.985753e+00	8.953329e+00	1.031949e+01	8.440894e+00	7.489696e+00	7.711730e+00	8.921667e+00	6.509450e-01	3.058370e-01	3.024230e-01	4.187340e-01
-1.400000e+00	3.450530e-01	3.173840e-01	1.457114e+00	8.153797e+00	8.130570e+00	9.132189e+00	7.319682e+00	6.736846e+00	6.903878e+00	8.119827e+00	5.871630e-01	2.680030e-01	2.645210e-01	3.856340e-01
-1.350000e+00	3.312300e-01	3.026980e-01	1.513900e+00	7.371308e+00	7.359035e+00	8.012837e+00	6.293999e+00	6.025171e+00	6.140705e+00	7.365194e+00	5.275580e-01	2.337460e-01	2.302120e-01	3.556360e-01
-1.300000e+00	3.183540e-01	2.893060e-01	1.570611e+00	6.629204e+00	6.630974e+00	6.947791e+00	5.347001e+00	5.349763e+00	5.417846e+00	6.652249e+00	4.681040e-01	2.026550e-01	1.990760e-01	3.286960e-01
-1.250000e+00	3.065040e-01	2.771890e-01	1.625350e+00	5.933094e+00	5.948776e+00	5.962333e+00	4.495857e+00	4.721952e+00	4.747404e+00	5.985345e+00	4.144470e-01	1.749070e-01	1.712880e-01	3.040130e-01
-1.200000e+00	2.957350e-01	2.656880e-01	1.676536e+00	5.283497e+00	5.312875e+00	5.058950e+00	3.742128e+00	4.141518e+00	4.129954e+00	5.362622e+00	3.649440e-01	1.503870e-01	1.467100e-01	2.818220e-01
-1.150000e+00	2.860660e-01	2.548670e-01	1.722362e+00	4.679776e+00	4.722580e+00	4.240475e+00	3.081514e+00	3.607799e+00	3.565347e+00	4.783381e+00	3.191840e-01	1.288080e-01	1.250770e-01	2.618000e-01
-1.100000e+00	2.773080e-01	2.449660e-01	1.761367e+00	4.120422e+00	4.176933e+00	3.508288e+00	2.508873e+00	3.120342e+00	3.052984e+00	4.246406e+00	2.772320e-01	1.098990e-01	1.061400e-01	2.435220e-01
-1.050000e+00	2.689180e-01	2.359690e-01	1.793091e+00	3.603374e+00	3.675165e+00	2.861626e+00	2.019905e+00	2.679073e+00	2.591931e+00	3.749182e+00	2.391730e-01	9.348500e-02	8.972100e-02	2.267480e-01
-1.000000e+00	2.617160e-01	2.281180e-01	1.812462e+00	3.124554e+00	3.208306e+00	2.291508e+00	1.601481e+00	2.277740e+00	2.176480e+00	3.283256e+00	2.045950e-01	7.931000e-02	7.552200e-02	2.111170e-01
-9.500000e-01	2.547580e-01	2.206620e-01	1.821059e+00	2.688575e+00	2.781815e+00	1.806909e+00	1.255547e+00	1.920788e+00	1.810627e+00	2.853502e+00	1.744400e-01	6.721600e-02	6.342200e-02	1.970650e-01
-9.000000e-01	2.483650e-01	2.134540e-01	1.815964e+00	2.291634e+00	2.392793e+00	1.401080e+00	9.722250e-01	1.605845e+00	1.490085e+00	2.460604e+00	1.464110e-01	5.698700e-02	5.319400e-02	1.826290e-01
-8.500000e-01	2.423970e-01	2.066860e-01	1.795858e+00	1.933671e+00	2.039663e+00	1.067645e+00	7.432700e-01	1.330069e+00	1.212100e+00	2.102674e+00	1.214540e-01	4.839700e-02	4.462100e-02	1.681780e-01
-8.000000e-01	2.366280e-01	2.004980e-01	1.759705e+00	1.614324e+00	1.721224e+00	7.995840e-01	5.610450e-01	1.091056e+00	9.738860e-01	1.778173e+00	1.002960e-01	4.121200e-02	3.747600e-02	1.543370e-01
-7.500000e-01	2.310770e-01	1.946490e-01	1.705520e+00	1.331364e+00	1.436167e+00	5.890050e-01	4.182400e-01	8.869290e-01	7.721010e-01	1.487030e+00	8.221300e-02	3.519800e-02	3.151900e-02	1.406400e-01
-7.000000e-01	2.247700e-01	1.883720e-01	1.626990e+00	1.077665e+00	1.177949e+00	4.237630e-01	3.072680e-01	7.120770e-01	6.013630e-01	1.224059e+00	6.626200e-02	3.035900e-02	2.670200e-02	1.265760e-01
-6.500000e-01	2.188640e-01	1.820970e-01	1.530553e+00	8.586740e-01	9.521000e-01	2.994560e-01	2.234290e-01	5.672980e-01	4.608080e-01	9.915880e-01	5.302800e-02	2.641300e-02	2.283200e-02	1.125020e-01
-6.000000e-01	2.127930e-01	1.758080e-01	1.418043e+00	6.723790e-01	7.563800e-01	2.080190e-01	1.612380e-01	4.492750e-01	3.471200e-01	7.886050e-01	4.204900e-02	2.320800e-02	1.973200e-02	9.860300e-02
-5.500000e-01	2.063620e-01	1.694170e-01	1.290941e+00	5.162150e-01	5.891490e-01	1.419830e-01	1.157250e-01	3.546690e-01	2.567010e-01	6.146910e-01	3.293400e-02	2.060500e-02	1.722800e-02	8.492800e-02
-5.000000e-01	1.995650e-01	1.629230e-01	1.151788e+00	3.875580e-01	4.484880e-01	9.520300e-02	8.295400e-02	2.802120e-01	1.860660e-01	4.685500e-01	2.542800e-02	1.847000e-02	1.517500e-02	7.161400e-02
-4.500000e-01	1.924400e-01	1.565240e-01	1.004972e+00	2.838060e-01	3.320870e-01	6.281500e-02	5.991500e-02	2.228100e-01	1.319800e-01	3.478500e-01	1.937700e-02	1.666600e-02	1.346200e-02	5.897500e-02
-4.000000e-01	1.855510e-01	1.497710e-01	8.476740e-01	2.011910e-01	2.363720e-01	4.118600e-02	4.414800e-02	1.813230e-01	9.063300e-02	2.475290e-01	1.483600e-02	1.508500e-02	1.201800e-02	4.688900e-02
-3.500000e-01	1.779200e-01	1.428480e-01	6.918050e-01	1.384500e-01	1.621430e-01	2.717000e-02	3.319700e-02	1.530330e-01	6.075800e-02	1.699080e-01	1.113400e-02	1.368400e-02	1.071500e-02	3.599300e-02
-3.000000e-01	1.700440e-01	1.355280e-01	5.447040e-01	9.279700e-02	1.064490e-01	1.825100e-02	2.576800e-02	1.358970e-01	3.970200e-02	1.117320e-01	8.153000e-03	1.244000e-02	9.630000e-03	2.667400e-02
-2.500000e-01	1.625090e-01	1.280460e-01	4.141710e-01	6.084100e-02	6.697400e-02	1.258600e-02	2.048300e-02	1.278130e-01	2.532600e-02	7.055000e-02	6.019000e-03	1.122700e-02	8.615000e-03	1.909600e-02
-2.000000e-01	1.546740e-01	1.207620e-01	2.989960e-01	3.890200e-02	3.963300e-02	9.304000e-03	1.669700e-02	1.324160e-01	1.571700e-02	4.196000e-02	4.159000e-03	9.890000e-03	7.504000e-03	1.300800e-02
-1.500000e-01	1.470110e-01	1.136360e-01	2.071780e-01	2.493000e-02	2.255700e-02	7.183000e-03	1.384800e-02	1.530780e-01	9.502000e-03	2.382900e-02	4.254000e-03	8.485000e-03	6.356000e-03	8.536000e-03
-1.000000e-01	1.402520e-01	1.064090e-01	1.408040e-01	1.624000e-02	1.277900e-02	5.584000e-03	1.129400e-02	2.109760e-01	5.375000e-03	1.337200e-02	4.787300e-02	6.758000e-03	4.984000e-03	5.365000e-03
-5.000000e-02	1.336980e-01	9.879500e-02	9.961400e-02	1.097300e-02	7.520000e-03	4.200000e-03	8.908000e-03	3.465170e-01	2.673000e-03	7.883000e-03	2.600049e+00	3.908000e-03	2.835000e-03	2.601000e-03
0.000000e+00	1.295690e-01	9.376200e-02	8.284700e-02	8.652000e-03	5.471000e-03	3.360000e-03	7.493000e-03	8.501600e-02	1.199000e-03	5.752000e-03	6.516731e+01	2.870000e-04	2.070000e-04	1.790000e-04
