-8.900000e+00	0.000000e+00	0.000000e+00	0.000000e+00	0.000000e+00	0.000000e+00	0.000000e+00	0.000000e+00	0.000000e+00	0.000000e+00	0.000000e+00	0.000000e+00	0.000000e+00	0.000000e+00	0.000000e+00
-8.850000e+00	0.000000e+00	0.000000e+00	0.000000e+00	0.000000e+00	0.000000e+00	0.000000e+00	0.000000e+00	0.000000e+00	0.000000e+00	0.000000e+00	0.000000e+00	0.000000e+00	0.000000e+00	0.000000e+00
-8.800000e+00	0.000000e+00	0.000000e+00	0.000000e+00	0.000000e+00	0.000000e+00	0.000000e+00	0.000000e+00	0.000000e+00	0.000000e+00	0.000000e+00	0.000000e+00	0.000000e+00	0.000000e+00	0.000000e+00
-8.750000e+00	0.000000e+00	0.000000e+00	0.000000e+00	0.000000e+00	0.000000e+00	0.000000e+00	0.000000e+00	0.000000e+00	0.000000e+00	0.000000e+00	0.000000e+00	0.000000e+00	0.000000e+00	0.000000e+00
-8.700000e+00	0.000000e+00	0.000000e+00	0.000000e+00	0.000000e+00	0.000000e+00	0.000000e+00	0.000000e+00	0.000000e+00	0.000000e+00	0.000000e+00	0.000000e+00	0.000000e+00	0.000000e+00	0.000000e+00
-8.650000e+00	0.000000e+00	0.000000e+00	0.000000e+00	0.000000e+00	0.000000e+00	0.000000e+00	0.000000e+00	0.000000e+00	0.000000e+00	0.000000e+00	0.000000e+00	0.000000e+00	0.000000e+00	0.000000e+00
-8.600000e+00	0.000000e+00	0.000000e+00	0.000000e+00	0.000000e+00	0.000000e+00	0.000000e+00	0.000000e+00	0.000000e+00	0.000000e+00	0.000000e+00	0.000000e+00	0.000000e+00	0.000000e+00	0.000000e+00
-8.550000e+00	0.000000e+00	0.000000e+00	0.000000e+00	0.000000e+00	0.000000e+00	0.000000e+00	0.000000e+00	0.000000e+00	0.000000e+00	0.000000e+00	0.000000e+00	0.000000e+00	0.000000e+00	0.000000e+00
-8.500000e+00	0.000000e+00	0.000000e+00	0.000000e+00	0.000000e+00	0.000000e+00	0.000000e+00	0.000000e+00	0.000000e+00	0.000000e+00	0.000000e+00	0.000000e+00	0.000000e+00	0.000000e+00	0.000000e+00
-8.450000e+00	0.000000e+00	0.000000e+00	0.000000e+00	0.000000e+00	0.000000e+00	0.000000e+00	0.000000e+00	0.000000e+00	0.000000e+00	0.000000e+00	0.000000e+00	0.000000e+00	0.000000e+00	0.000000e+00
-8.400000e+00	0.000000e+00	0.000000e+00	0.000000e+00	0.000000e+00	0.000000e+00	0.000000e+00	0.000000e+00	0.000000e+00	0.000000e+00	0.000000e+00	0.000000e+00	0.000000e+00	0.000000e+00	0.000000e+00
-8.350000e+00	0.000000e+00	0.000000e+00	0.000000e+00	0.000000e+00	0.000000e+00	0.000000e+00	0.000000e+00	0.000000e+00	0.000000e+00	0.000000e+00	0.000000e+00	0.000000e+00	0.000000e+00	0.000000e+00
-8.300000e+00	0.000000e+00	0.000000e+00	0.000000e+00	0.000000e+00	0.000000e+00	0.000000e+00	0.000000e+00	0.000000e+00	0.000000e+00	0.000000e+00	0.000000e+00	0.000000e+00	0.000000e+00	0.000000e+00
-8.250000e+00	0.000000e+00	0.000000e+00	0.000000e+00	0.000000e+00	0.000000e+00	0.000000e+00	0.000000e+00	0.000000e+00	0.000000e+00	0.000000e+00	0.000000e+00	0.000000e+00	0.000000e+00	0.000000e+00
-8.200000e+00	0.000000e+00	0.000000e+00	0.000000e+00	0.000000e+00	0.000000e+00	0.000000e+00	0.000000e+00	0.000000e+00	0.000000e+00	0.000000e+00	0.000000e+00	0.000000e+00	0.000000e+00	0.000000e+00
-8.150000e+00	0.000000e+00	0.000000e+00	0.000000e+00	0.000000e+00	0.000000e+00	0.000000e+00	0.000000e+00	0.000000e+00	0.000000e+00	0.000000e+00	0.000000e+00	0.000000e+00	0.000000e+00	0.000000e+00
-8.100000e+00	0.000000e+00	0.000000e+00	0.000000e+00	0.000000e+00	0.000000e+00	0.000000e+00	0.000000e+00	0.000000e+00	0.000000e+00	0.000000e+00	0.000000e+00	0.000000e+00	0.000000e+00	0.000000e+00
-8.050000e+00	0.000000e+00	0.000000e+00	0.000000e+00	0.000000e+00	0.000000e+00	0.000000e+00	0.000000e+00	0.000000e+00	0.000000e+00	0.000000e+00	0.000000e+00	0.000000e+00	0.000000e+00	0.000000e+00
-8.000000e+00	0.000000e+00	0.000000e+00	0.000000e+00	0.000000e+00	0.000000e+00	0.000000e+00	0.000000e+00	0.000000e+00	0.000000e+00	0.000000e+00	0.000000e+00	0.000000e+00	0.000000e+00	0.000000e+00
-7.950000e+00	0.000000e+00	0.000000e+00	0.000000e+00	0.000000e+00	0.000000e+00	0.000000e+00	0.000000e+00	0.000000e+00	0.000000e+00	0.000000e+00	0.000000e+00	0.000000e+00	0.000000e+00	0.000000e+00
-7.900000e+00	0.000000e+00	0.000000e+00	0.000000e+00	0.000000e+00	0.000000e+00	0.000000e+00	0.000000e+00	0.000000e+00	0.000000e+00	0.000000e+00	0.000000e+00	0.000000e+00	0.000000e+00	0.000000e+00
-7.850000e+00	0.000000e+00	0.000000e+00	0.000000e+00	0.000000e+00	0.000000e+00	0.000000e+00	0.000000e+00	0.000000e+00	0.000000e+00	0.000000e+00	0.000000e+00	0.000000e+00	0.000000e+00	0.000000e+00
-7.800000e+00	0.000000e+00	0.000000e+00	0.000000e+00	0.000000e+00	0.000000e+00	0.000000e+00	0.000000e+00	0.000000e+00	0.000000e+00	0.000000e+00	0.000000e+00	0.000000e+00	0.000000e+00	0.000000e+00
-7.750000e+00	0.000000e+00	0.000000e+00	0.000000e+00	0.000000e+00	0.000000e+00	0.000000e+00	0.000000e+00	0.000000e+00	0.000000e+00	0.000000e+00	0.000000e+00	0.000000e+00	0.000000e+00	0.000000e+00
-7.700000e+00	0.000000e+00	0.000000e+00	0.000000e+00	0.000000e+00	0.000000e+00	0.000000e+00	0.000000e+00	0.000000e+00	0.000000e+00	0.000000e+00	0.000000e+00	0.000000e+00	0.000000e+00	0.000000e+00
-7.650000e+00	0.000000e+00	0.000000e+00	0.000000e+00	0.000000e+00	0.000000e+00	0.000000e+00	0.000000e+00	0.000000e+00	0.000000e+00	0.000000e+00	0.000000e+00	0.000000e+00	0.000000e+00	0.000000e+00
-7.600000e+00	0.000000e+00	0.000000e+00	0.000000e+00	0.000000e+00	0.000000e+00	0.000000e+00	0.000000e+00	0.000000e+00	0.000000e+00	0.000000e+00	1.000000e-06	0.000000e+00	0.000000e+00	0.000000e+00
-7.550000e+00	0.000000e+00	0.000000e+00	0.000000e+00	0.000000e+00	0.000000e+00	0.000000e+00	0.000000e+00	0.000000e+00	0.000000e+00	0.000000e+00	2.000000e-06	0.000000e+00	0.000000e+00	0.000000e+00
-7.500000e+00	0.000000e+00	0.000000e+00	0.000000e+00	0.000000e+00	0.000000e+00	0.000000e+00	0.000000e+00	0.000000e+00	0.000000e+00	0.000000e+00	2.000000e-06	0.000000e+00	0.000000e+00	0.000000e+00
-7.450000e+00	0.000000e+00	0.000000e+00	0.000000e+00	0.000000e+00	0.000000e+00	0.000000e+00	0.000000e+00	0.000000e+00	0.000000e+00	0.000000e+00	1.000000e-06	0.000000e+00	0.000000e+00	0.000000e+00
-7.400000e+00	0.000000e+00	0.000000e+00	0.000000e+00	0.000000e+00	0.000000e+00	0.000000e+00	0.000000e+00	0.000000e+00	0.000000e+00	0.000000e+00	1.000000e-06	0.000000e+00	0.000000e+00	0.000000e+00
-7.350000e+00	0.000000e+00	0.000000e+00	0.000000e+00	0.000000e+00	0.000000e+00	0.000000e+00	0.000000e+00	0.000000e+00	0.000000e+00	0.000000e+00	1.000000e-06	0.000000e+00	0.000000e+00	0.000000e+00
-7.300000e+00	0.000000e+00	0.000000e+00	0.000000e+00	0.000000e+00	0.000000e+00	0.000000e+00	0.000000e+00	0.000000e+00	0.000000e+00	0.000000e+00	3.000000e-06	0.000000e+00	0.000000e+00	0.000000e+00
-7.250000e+00	0.000000e+00	0.000000e+00	2.000000e-06	0.000000e+00	0.000000e+00	0.000000e+00	0.000000e+00	0.000000e+00	0.000000e+00	0.000000e+00	4.000000e-06	0.000000e+00	0.000000e+00	0.000000e+00
-7.200000e+00	0.000000e+00	0.000000e+00	3.000000e-06	0.000000e+00	0.000000e+00	0.000000e+00	0.000000e+00	0.000000e+00	0.000000e+00	0.000000e+00	4.000000e-06	0.000000e+00	0.000000e+00	0.000000e+00
-7.150000e+00	0.000000e+00	1.000000e-06	5.000000e-06	0.000000e+00	0.000000e+00	0.000000e+00	0.000000e+00	0.000000e+00	0.000000e+00	0.000000e+00	3.000000e-06	0.000000e+00	0.000000e+00	0.000000e+00
-7.100000e+00	0.000000e+00	1.000000e-06	9.000000e-06	0.000000e+00	0.000000e+00	0.000000e+00	0.000000e+00	0.000000e+00	0.000000e+00	0.000000e+00	3.000000e-06	0.000000e+00	0.000000e+00	0.000000e+00
-7.050000e+00	0.000000e+00	0.000000e+00	1.900000e-05	0.000000e+00	0.000000e+00	0.000000e+00	0.000000e+00	0.000000e+00	0.000000e+00	0.000000e+00	3.000000e-06	0.000000e+00	0.000000e+00	0.000000e+00
-7.000000e+00	0.000000e+00	1.000000e-06	4.200000e-05	0.000000e+00	0.000000e+00	0.000000e+00	0.000000e+00	0.000000e+00	0.000000e+00	0.000000e+00	4.000000e-06	0.000000e+00	0.000000e+00	0.000000e+00
-6.950000e+00	0.000000e+00	0.000000e+00	9.500000e-05	0.000000e+00	0.000000e+00	0.000000e+00	0.000000e+00	0.000000e+00	0.000000e+00	0.000000e+00	4.000000e-06	0.000000e+00	0.000000e+00	0.000000e+00
-6.900000e+00	0.000000e+00	0.000000e+00	2.310000e-04	0.000000e+00	0.000000e+00	0.000000e+00	0.000000e+00	0.000000e+00	0.000000e+00	0.000000e+00	5.000000e-06	0.000000e+00	0.000000e+00	0.000000e+00
-6.850000e+00	0.000000e+00	0.000000e+00	5.820000e-04	0.000000e+00	0.000000e+00	0.000000e+00	0.000000e+00	0.000000e+00	0.000000e+00	0.000000e+00	6.000000e-06	0.000000e+00	0.000000e+00	0.000000e+00
-6.800000e+00	0.000000e+00	0.000000e+00	1.479000e-03	0.000000e+00	0.000000e+00	0.000000e+00	0.000000e+00	0.000000e+00	0.000000e+00	0.000000e+00	8.000000e-06	0.000000e+00	0.000000e+00	0.000000e+00
-6.750000e+00	0.000000e+00	1.000000e-06	3.837000e-03	0.000000e+00	0.000000e+00	0.000000e+00	0.000000e+00	0.000000e+00	0.000000e+00	0.000000e+00	8.000000e-06	0.000000e+00	0.000000e+00	0.000000e+00
-6.700000e+00	0.000000e+00	2.000000e-06	8.396000e-03	0.000000e+00	0.000000e+00	0.000000e+00	0.000000e+00	0.000000e+00	0.000000e+00	0.000000e+00	1.000000e-05	0.000000e+00	0.000000e+00	0.000000e+00
-6.650000e+00	0.000000e+00	3.000000e-06	1.320000e-02	0.000000e+00	0.000000e+00	0.000000e+00	0.000000e+00	0.000000e+00	0.000000e+00	0.000000e+00	1.300000e-05	0.000000e+00	0.000000e+00	0.000000e+00
-6.600000e+00	0.000000e+00	2.000000e-06	1.745700e-02	0.000000e+00	0.000000e+00	0.000000e+00	0.000000e+00	0.000000e+00	0.000000e+00	0.000000e+00	1.500000e-05	0.000000e+00	0.000000e+00	0.000000e+00
-6.550000e+00	0.000000e+00	3.000000e-06	2.115000e-02	0.000000e+00	0.000000e+00	0.000000e+00	0.000000e+00	0.000000e+00	0.000000e+00	0.000000e+00	1.700000e-05	0.000000e+00	0.000000e+00	0.000000e+00
-6.500000e+00	0.000000e+00	4.000000e-06	2.440200e-02	0.000000e+00	0.000000e+00	0.000000e+00	0.000000e+00	0.000000e+00	0.000000e+00	0.000000e+00	1.900000e-05	0.000000e+00	0.000000e+00	0.000000e+00
-6.450000e+00	1.000000e-06	6.000000e-06	2.730000e-02	0.000000e+00	1.000000e-06	0.000000e+00	0.000000e+00	0.000000e+00	0.000000e+00	0.000000e+00	1.900000e-05	0.000000e+00	0.000000e+00	0.000000e+00
-6.400000e+00	2.000000e-06	5.000000e-06	2.999000e-02	0.000000e+00	0.000000e+00	0.000000e+00	0.000000e+00	0.000000e+00	0.000000e+00	0.000000e+00	1.900000e-05	0.000000e+00	0.000000e+00	0.000000e+00
-6.350000e+00	3.000000e-06	5.000000e-06	3.275000e-02	1.000000e-06	0.000000e+00	0.000000e+00	0.000000e+00	0.000000e+00	0.000000e+00	0.000000e+00	2.200000e-05	0.000000e+00	0.000000e+00	0.000000e+00
-6.300000e+00	3.000000e-06	5.000000e-06	3.544500e-02	2.000000e-06	0.000000e+00	0.000000e+00	0.000000e+00	0.000000e+00	0.000000e+00	0.000000e+00	2.800000e-05	0.000000e+00	0.000000e+00	0.000000e+00
-6.250000e+00	4.000000e-06	7.000000e-06	3.808100e-02	2.000000e-06	0.000000e+00	0.000000e+00	0.000000e+00	0.000000e+00	0.000000e+00	0.000000e+00	3.600000e-05	0.000000e+00	0.000000e+00	0.000000e+00
-6.200000e+00	4.000000e-06	8.000000e-06	4.070500e-02	2.000000e-06	0.000000e+00	0.000000e+00	0.000000e+00	0.000000e+00	0.000000e+00	0.000000e+00	4.200000e-05	0.000000e+00	0.000000e+00	0.000000e+00
-6.150000e+00	5.000000e-06	1.200000e-05	4.323800e-02	1.000000e-06	0.000000e+00	0.000000e+00	0.000000e+00	0.000000e+00	0.000000e+00	0.000000e+00	4.800000e-05	0.000000e+00	0.000000e+00	0.000000e+00
-6.100000e+00	5.000000e-06	1.400000e-05	4.567700e-02	0.000000e+00	0.000000e+00	0.000000e+00	0.000000e+00	0.000000e+00	0.000000e+00	1.000000e-06	4.900000e-05	0.000000e+00	0.000000e+00	0.000000e+00
-6.050000e+00	5.000000e-06	1.700000e-05	4.793600e-02	0.000000e+00	0.000000e+00	0.000000e+00	0.000000e+00	0.000000e+00	0.000000e+00	0.000000e+00	5.500000e-05	0.000000e+00	0.000000e+00	0.000000e+00
-6.000000e+00	4.000000e-06	1.900000e-05	5.015200e-02	0.000000e+00	0.000000e+00	0.000000e+00	0.000000e+00	0.000000e+00	0.000000e+00	0.000000e+00	6.000000e-05	0.000000e+00	0.000000e+00	0.000000e+00
-5.950000e+00	4.000000e-06	2.300000e-05	5.243300e-02	0.000000e+00	0.000000e+00	0.000000e+00	0.000000e+00	0.000000e+00	0.000000e+00	0.000000e+00	6.400000e-05	0.000000e+00	0.000000e+00	0.000000e+00
-5.900000e+00	6.000000e-06	2.900000e-05	5.481400e-02	0.000000e+00	0.000000e+00	0.000000e+00	0.000000e+00	0.000000e+00	0.000000e+00	0.000000e+00	6.900000e-05	0.000000e+00	0.000000e+00	0.000000e+00
-5.850000e+00	6.000000e-06	4.000000e-05	5.721500e-02	2.000000e-06	0.000000e+00	0.000000e+00	0.000000e+00	0.000000e+00	0.000000e+00	0.000000e+00	7.200000e-05	0.000000e+00	0.000000e+00	0.000000e+00
-5.800000e+00	8.000000e-06	4.300000e-05	5.932300e-02	2.000000e-06	0.000000e+00	1.000000e-06	0.000000e+00	0.000000e+00	0.000000e+00	0.000000e+00	7.200000e-05	0.000000e+00	0.000000e+00	0.000000e+00
-5.750000e+00	9.000000e-06	5.200000e-05	6.113800e-02	2.000000e-06	0.000000e+00	2.000000e-06	0.000000e+00	0.000000e+00	0.000000e+00	0.000000e+00	7.600000e-05	0.000000e+00	0.000000e+00	0.000000e+00
-5.700000e+00	1.000000e-05	6.200000e-05	6.295800e-02	2.000000e-06	0.000000e+00	1.000000e-06	0.000000e+00	0.000000e+00	0.000000e+00	0.000000e+00	8.500000e-05	0.000000e+00	0.000000e+00	0.000000e+00
-5.650000e+00	1.100000e-05	7.400000e-05	6.476900e-02	2.000000e-06	0.000000e+00	1.000000e-06	0.000000e+00	0.000000e+00	0.000000e+00	0.000000e+00	9.500000e-05	0.000000e+00	0.000000e+00	0.000000e+00
-5.600000e+00	1.700000e-05	9.600000e-05	6.648000e-02	1.000000e-06	0.000000e+00	2.000000e-06	0.000000e+00	0.000000e+00	0.000000e+00	0.000000e+00	1.040000e-04	0.000000e+00	0.000000e+00	0.000000e+00
-5.550000e+00	3.200000e-05	1.380000e-04	6.819500e-02	2.000000e-06	1.000000e-06	2.000000e-06	0.000000e+00	0.000000e+00	0.000000e+00	2.000000e-06	1.210000e-04	0.000000e+00	0.000000e+00	0.000000e+00
-5.500000e+00	5.700000e-05	2.350000e-04	6.942300e-02	3.000000e-06	2.000000e-06	3.000000e-06	0.000000e+00	0.000000e+00	0.000000e+00	4.000000e-06	1.310000e-04	0.000000e+00	0.000000e+00	0.000000e+00
-5.450000e+00	1.200000e-04	4.410000e-04	7.047400e-02	6.000000e-06	3.000000e-06	4.000000e-06	0.000000e+00	0.000000e+00	0.000000e+00	5.000000e-06	1.410000e-04	0.000000e+00	0.000000e+00	0.000000e+00
-5.400000e+00	2.770000e-04	9.290000e-04	7.162300e-02	8.000000e-06	7.000000e-06	6.000000e-06	0.000000e+00	0.000000e+00	0.000000e+00	7.000000e-06	1.500000e-04	0.000000e+00	0.000000e+00	0.000000e+00
-5.350000e+00	6.740000e-04	2.055000e-03	7.267000e-02	1.000000e-05	1.100000e-05	7.000000e-06	0.000000e+00	0.000000e+00	0.000000e+00	1.100000e-05	1.560000e-04	0.000000e+00	0.000000e+00	0.000000e+00
-5.300000e+00	1.637000e-03	4.227000e-03	7.339300e-02	1.300000e-05	1.600000e-05	9.000000e-06	0.000000e+00	0.000000e+00	0.000000e+00	1.700000e-05	1.620000e-04	0.000000e+00	0.000000e+00	0.000000e+00
-5.250000e+00	3.488000e-03	6.963000e-03	7.405400e-02	1.700000e-05	2.400000e-05	1.000000e-05	0.000000e+00	0.000000e+00	0.000000e+00	2.200000e-05	1.740000e-04	0.000000e+00	0.000000e+00	0.000000e+00
-5.200000e+00	5.596000e-03	9.808000e-03	7.472000e-02	2.500000e-05	3.500000e-05	2.100000e-05	0.000000e+00	0.000000e+00	0.000000e+00	3.300000e-05	1.900000e-04	0.000000e+00	0.000000e+00	0.000000e+00
-5.150000e+00	7.974000e-03	1.292200e-02	7.488600e-02	4.200000e-05	5.400000e-05	3.000000e-05	0.000000e+00	0.000000e+00	0.000000e+00	5.100000e-05	2.060000e-04	0.000000e+00	0.000000e+00	0.000000e+00
-5.100000e+00	1.047600e-02	1.622200e-02	7.498600e-02	6.800000e-05	8.300000e-05	4.100000e-05	0.000000e+00	0.000000e+00	0.000000e+00	7.600000e-05	2.340000e-04	0.000000e+00	0.000000e+00	0.000000e+00
-5.050000e+00	1.300700e-02	1.970600e-02	7.523900e-02	1.020000e-04	1.230000e-04	6.100000e-05	0.000000e+00	0.000000e+00	0.000000e+00	1.080000e-04	2.660000e-04	0.000000e+00	0.000000e+00	0.000000e+00
-5.000000e+00	1.551100e-02	2.342500e-02	7.560200e-02	1.440000e-04	1.700000e-04	9.600000e-05	0.000000e+00	0.000000e+00	0.000000e+00	1.560000e-04	2.880000e-04	0.000000e+00	0.000000e+00	0.000000e+00
-4.950000e+00	1.799600e-02	2.742900e-02	7.571500e-02	2.140000e-04	2.260000e-04	1.460000e-04	0.000000e+00	0.000000e+00	0.000000e+00	2.420000e-04	3.030000e-04	0.000000e+00	0.000000e+00	0.000000e+00
-4.900000e+00	2.030400e-02	3.193900e-02	7.558800e-02	3.140000e-04	3.250000e-04	2.280000e-04	0.000000e+00	0.000000e+00	0.000000e+00	3.200000e-04	3.390000e-04	0.000000e+00	0.000000e+00	0.000000e+00
-4.850000e+00	2.279100e-02	3.745600e-02	7.563600e-02	4.520000e-04	4.540000e-04	3.470000e-04	0.000000e+00	0.000000e+00	0.000000e+00	4.550000e-04	3.740000e-04	0.000000e+00	0.000000e+00	0.000000e+00
-4.800000e+00	2.539700e-02	4.478000e-02	7.574100e-02	6.430000e-04	6.250000e-04	5.220000e-04	0.000000e+00	0.000000e+00	0.000000e+00	6.560000e-04	4.100000e-04	0.000000e+00	0.000000e+00	0.000000e+00
-4.750000e+00	2.797900e-02	5.546000e-02	7.589100e-02	9.140000e-04	8.710000e-04	7.800000e-04	0.000000e+00	0.000000e+00	0.000000e+00	9.300000e-04	4.490000e-04	0.000000e+00	0.000000e+00	0.000000e+00
-4.700000e+00	3.042300e-02	7.197400e-02	7.607500e-02	1.302000e-03	1.239000e-03	1.156000e-03	0.000000e+00	0.000000e+00	0.000000e+00	1.282000e-03	4.940000e-04	0.000000e+00	0.000000e+00	0.000000e+00
-4.650000e+00	3.284600e-02	9.768000e-02	7.616800e-02	1.814000e-03	1.740000e-03	1.720000e-03	0.000000e+00	0.000000e+00	0.000000e+00	1.733000e-03	5.360000e-04	0.000000e+00	0.000000e+00	0.000000e+00
-4.600000e+00	3.531200e-02	1.142270e-01	7.615800e-02	2.504000e-03	2.414000e-03	2.499000e-03	0.000000e+00	0.000000e+00	0.000000e+00	2.370000e-03	5.660000e-04	0.000000e+00	0.000000e+00	0.000000e+00
-4.550000e+00	3.767300e-02	1.235520e-01	7.631300e-02	3.351000e-03	3.317000e-03	3.576000e-03	0.000000e+00	0.000000e+00	0.000000e+00	3.253000e-03	5.990000e-04	0.000000e+00	0.000000e+00	0.000000e+00
-4.500000e+00	4.012300e-02	1.284360e-01	7.635400e-02	4.511000e-03	4.507000e-03	5.067000e-03	0.000000e+00	0.000000e+00	0.000000e+00	4.427000e-03	6.230000e-04	0.000000e+00	0.000000e+00	0.000000e+00
-4.450000e+00	4.262100e-02	1.309920e-01	7.643500e-02	6.124000e-03	6.098000e-03	7.194000e-03	0.000000e+00	0.000000e+00	0.000000e+00	5.974000e-03	6.410000e-04	0.000000e+00	0.000000e+00	0.000000e+00
-4.400000e+00	4.506500e-02	1.323660e-01	7.670700e-02	8.293000e-03	8.263000e-03	1.028000e-02	0.000000e+00	0.000000e+00	0.000000e+00	8.069000e-03	6.590000e-04	0.000000e+00	0.000000e+00	0.000000e+00
-4.350000e+00	4.754500e-02	1.332830e-01	7.687000e-02	1.119700e-02	1.114600e-02	1.454900e-02	0.000000e+00	0.000000e+00	0.000000e+00	1.103000e-02	6.860000e-04	0.000000e+00	0.000000e+00	0.000000e+00
-4.300000e+00	5.001400e-02	1.335750e-01	7.711300e-02	1.496600e-02	1.484500e-02	2.102900e-02	0.000000e+00	0.000000e+00	0.000000e+00	1.475300e-02	7.110000e-04	0.000000e+00	0.000000e+00	0.000000e+00
-4.250000e+00	5.239300e-02	1.339610e-01	7.746700e-02	1.994900e-02	1.976600e-02	3.038400e-02	0.000000e+00	0.000000e+00	0.000000e+00	1.968700e-02	7.460000e-04	0.000000e+00	0.000000e+00	0.000000e+00
-4.200000e+00	5.482600e-02	1.344410e-01	7.780700e-02	2.645900e-02	2.622800e-02	4.281700e-02	0.000000e+00	0.000000e+00	0.000000e+00	2.615900e-02	7.830000e-04	0.000000e+00	0.000000e+00	0.000000e+00
-4.150000e+00	5.728200e-02	1.348200e-01	7.811900e-02	3.490700e-02	3.464900e-02	5.849500e-02	0.000000e+00	0.000000e+00	0.000000e+00	3.454300e-02	8.290000e-04	0.000000e+00	0.000000e+00	0.000000e+00
-4.100000e+00	5.971500e-02	1.349730e-01	7.848700e-02	4.586300e-02	4.557600e-02	7.785800e-02	0.000000e+00	0.000000e+00	0.000000e+00	4.531700e-02	8.820000e-04	0.000000e+00	0.000000e+00	0.000000e+00
-4.050000e+00	6.226900e-02	1.351230e-01	7.906700e-02	6.018100e-02	5.970600e-02	1.018110e-01	0.000000e+00	0.000000e+00	0.000000e+00	5.926400e-02	9.150000e-04	0.000000e+00	0.000000e+00	0.000000e+00
-4.000000e+00	6.472500e-02	1.349800e-01	7.966900e-02	7.838400e-02	7.800400e-02	1.306560e-01	0.000000e+00	0.000000e+00	0.000000e+00	7.751800e-02	9.590000e-04	0.000000e+00	0.000000e+00	0.000000e+00
-3.950000e+00	6.708400e-02	1.350040e-01	8.033000e-02	1.018970e-01	1.013120e-01	1.663460e-01	0.000000e+00	0.000000e+00	0.000000e+00	1.010550e-01	1.042000e-03	0.000000e+00	0.000000e+00	0.000000e+00
-3.900000e+00	6.956000e-02	1.351540e-01	8.106500e-02	1.318400e-01	1.308970e-01	2.102870e-01	0.000000e+00	0.000000e+00	0.000000e+00	1.309740e-01	1.143000e-03	0.000000e+00	0.000000e+00	0.000000e+00
-3.850000e+00	7.208600e-02	1.353680e-01	8.185000e-02	1.696630e-01	1.684080e-01	2.640140e-01	0.000000e+00	0.000000e+00	0.000000e+00	1.686880e-01	1.252000e-03	0.000000e+00	0.000000e+00	0.000000e+00
-3.800000e+00	7.459700e-02	1.356780e-01	8.270800e-02	2.171200e-01	2.157220e-01	3.293850e-01	0.000000e+00	0.000000e+00	0.000000e+00	2.159560e-01	1.366000e-03	0.000000e+00	0.000000e+00	0.000000e+00
-3.750000e+00	7.740200e-02	1.363200e-01	8.378700e-02	2.759460e-01	2.743580e-01	4.091690e-01	0.000000e+00	0.000000e+00	0.000000e+00	2.747260e-01	1.501000e-03	0.000000e+00	0.000000e+00	0.000000e+00
-3.700000e+00	7.976400e-02	1.362410e-01	8.488100e-02	3.478510e-01	3.460200e-01	5.050460e-01	0.000000e+00	0.000000e+00	0.000000e+00	3.460530e-01	1.606000e-03	0.000000e+00	0.000000e+00	0.000000e+00
-3.650000e+00	8.224500e-02	1.361020e-01	8.595900e-02	4.361100e-01	4.342510e-01	6.199280e-01	0.000000e+00	0.000000e+00	0.000000e+00	4.337930e-01	1.738000e-03	0.000000e+00	0.000000e+00	0.000000e+00
-3.600000e+00	8.477100e-02	1.358130e-01	8.715600e-02	5.429290e-01	5.414080e-01	7.564930e-01	0.000000e+00	0.000000e+00	0.000000e+00	5.404320e-01	1.912000e-03	0.000000e+00	0.000000e+00	0.000000e+00
-3.550000e+00	8.725800e-02	1.355650e-01	8.846400e-02	6.714000e-01	6.699390e-01	9.180870e-01	0.000000e+00	0.000000e+00	0.000000e+00	6.686320e-01	2.116000e-03	0.000000e+00	0.000000e+00	0.000000e+00
-3.500000e+00	8.970400e-02	1.354810e-01	8.987900e-02	8.252000e-01	8.227400e-01	1.108525e+00	0.000000e+00	0.000000e+00	0.000000e+00	8.215320e-01	2.332000e-03	0.000000e+00	0.000000e+00	0.000000e+00
-3.450000e+00	9.230900e-02	1.352700e-01	9.155800e-02	1.007120e+00	1.003976e+00	1.331310e+00	0.000000e+00	0.000000e+00	0.000000e+00	1.003412e+00	2.590000e-03	0.000000e+00	0.000000e+00	0.000000e+00
-3.400000e+00	9.494900e-02	1.356320e-01	9.352000e-02	1.218139e+00	1.215598e+00	1.589431e+00	0.000000e+00	0.000000e+00	0.000000e+00	1.215139e+00	2.837000e-03	0.000000e+00	0.000000e+00	0.000000e+00
-3.350000e+00	9.725800e-02	1.360160e-01	9.572900e-02	1.464179e+00	1.461960e+00	1.887105e+00	0.000000e+00	0.000000e+00	0.000000e+00	1.461369e+00	3.131000e-03	0.000000e+00	0.000000e+00	0.000000e+00
-3.300000e+00	9.967500e-02	1.361360e-01	9.827500e-02	1.748088e+00	1.745394e+00	2.227790e+00	0.000000e+00	0.000000e+00	0.000000e+00	1.744649e+00	3.468000e-03	0.000000e+00	0.000000e+00	0.000000e+00
-3.250000e+00	1.021900e-01	1.360250e-01	1.011220e-01	2.073283e+00	2.069403e+00	2.615401e+00	0.000000e+00	0.000000e+00	0.000000e+00	2.068641e+00	3.845000e-03	0.000000e+00	0.000000e+00	0.000000e+00
-3.200000e+00	1.046780e-01	1.358730e-01	1.042430e-01	2.443239e+00	2.437975e+00	3.054332e+00	0.000000e+00	0.000000e+00	0.000000e+00	2.437277e+00	4.269000e-03	0.000000e+00	0.000000e+00	0.000000e+00
-3.150000e+00	1.072690e-01	1.358840e-01	1.077800e-01	2.860019e+00	2.853318e+00	3.549278e+00	0.000000e+00	0.000000e+00	0.000000e+00	2.852280e+00	4.755000e-03	0.000000e+00	0.000000e+00	0.000000e+00
-3.100000e+00	1.100340e-01	1.358580e-01	1.116270e-01	3.317050e+00	3.310692e+00	4.095921e+00	0.000000e+00	0.000000e+00	0.000000e+00	3.308011e+00	5.265000e-03	0.000000e+00	0.000000e+00	0.000000e+00
-3.050000e+00	1.126150e-01	1.359420e-01	1.159950e-01	3.820629e+00	3.815089e+00	4.697111e+00	0.000000e+00	0.000000e+00	0.000000e+00	3.811372e+00	5.798000e-03	0.000000e+00	0.000000e+00	0.000000e+00
-3.000000e+00	1.149640e-01	1.360250e-01	1.208370e-01	4.371160e+00	4.364336e+00	5.355653e+00	0.000000e+00	0.000000e+00	0.000000e+00	4.361168e+00	6.381000e-03	0.000000e+00	0.000000e+00	0.000000e+00
-2.950000e+00	1.170910e-01	1.359220e-01	1.263870e-01	4.967388e+00	4.957373e+00	6.072110e+00	0.000000e+00	0.000000e+00	0.000000e+00	4.955714e+00	7.075000e-03	0.000000e+00	0.000000e+00	0.000000e+00
-2.900000e+00	1.192060e-01	1.356510e-01	1.328740e-01	5.606588e+00	5.593535e+00	6.845171e+00	0.000000e+00	0.000000e+00	0.000000e+00	5.592677e+00	7.907000e-03	0.000000e+00	0.000000e+00	0.000000e+00
-2.850000e+00	1.218620e-01	1.357180e-01	1.401410e-01	6.285287e+00	6.270463e+00	7.673035e+00	0.000000e+00	0.000000e+00	0.000000e+00	6.268585e+00	8.744000e-03	0.000000e+00	0.000000e+00	0.000000e+00
-2.800000e+00	1.242130e-01	1.356290e-01	1.481020e-01	6.981821e+00	6.968168e+00	8.539612e+00	0.000000e+00	0.000000e+00	0.000000e+00	6.967033e+00	9.567000e-03	0.000000e+00	0.000000e+00	0.000000e+00
-2.750000e+00	1.267720e-01	1.357610e-01	1.569040e-01	7.704044e+00	7.689304e+00	9.446637e+00	0.000000e+00	0.000000e+00	0.000000e+00	7.686133e+00	1.063500e-02	0.000000e+00	0.000000e+00	0.000000e+00
-2.700000e+00	1.293430e-01	1.360010e-01	1.666430e-01	8.443874e+00	8.426295e+00	1.038995e+01	0.000000e+00	0.000000e+00	0.000000e+00	8.422322e+00	1.178300e-02	0.000000e+00	0.000000e+00	0.000000e+00
-2.650000e+00	1.319530e-01	1.360420e-01	1.775640e-01	9.192854e+00	9.170872e+00	1.136314e+01	0.000000e+00	0.000000e+00	0.000000e+00	9.167659e+00	1.302300e-02	0.000000e+00	0.000000e+00	0.000000e+00
-2.600000e+00	1.346150e-01	1.357710e-01	1.899770e-01	9.941177e+00	9.914209e+00	1.235777e+01	0.000000e+00	0.000000e+00	0.000000e+00	9.911776e+00	1.445000e-02	0.000000e+00	0.000000e+00	0.000000e+00
-2.550000e+00	1.370580e-01	1.356380e-01	2.041430e-01	1.067610e+01	1.064701e+01	1.336405e+01	0.000000e+00	0.000000e+00	0.000000e+00	1.064555e+01	1.605100e-02	0.000000e+00	0.000000e+00	0.000000e+00
-2.500000e+00	1.394250e-01	1.354960e-01	2.195240e-01	1.136875e+01	1.133892e+01	1.434913e+01	0.000000e+00	0.000000e+00	0.000000e+00	1.133624e+01	1.767100e-02	0.000000e+00	0.000000e+00	0.000000e+00
-2.450000e+00	1.418130e-01	1.356780e-01	2.371270e-01	1.202498e+01	1.199448e+01	1.532144e+01	0.000000e+00	0.000000e+00	0.000000e+00	1.198734e+01	1.937200e-02	0.000000e+00	0.000000e+00	0.000000e+00
-2.400000e+00	1.440890e-01	1.360740e-01	2.571370e-01	1.263140e+01	1.260168e+01	1.627025e+01	0.000000e+00	0.000000e+00	0.000000e+00	1.259156e+01	2.125100e-02	0.000000e+00	0.000000e+00	0.000000e+00
-2.350000e+00	1.464290e-01	1.363060e-01	2.794070e-01	1.317917e+01	1.314933e+01	1.718202e+01	0.000000e+00	0.000000e+00	0.000000e+00	1.313778e+01	2.331900e-02	0.000000e+00	0.000000e+00	0.000000e+00
-2.300000e+00	1.489260e-01	1.361360e-01	3.038330e-01	1.366086e+01	1.362763e+01	1.804297e+01	0.000000e+00	0.000000e+00	0.000000e+00	1.361367e+01	2.547000e-02	0.000000e+00	0.000000e+00	0.000000e+00
-2.250000e+00	1.511690e-01	1.358620e-01	3.309670e-01	1.406619e+01	1.402873e+01	1.884252e+01	0.000000e+00	0.000000e+00	0.000000e+00	1.400930e+01	2.746400e-02	0.000000e+00	0.000000e+00	0.000000e+00
-2.200000e+00	1.535440e-01	1.353290e-01	3.614900e-01	1.436096e+01	1.431648e+01	1.953150e+01	0.000000e+00	0.000000e+00	0.000000e+00	1.430131e+01	3.000900e-02	0.000000e+00	0.000000e+00	0.000000e+00
-2.150000e+00	1.559840e-01	1.352250e-01	3.952200e-01	1.456369e+01	1.451847e+01	2.011884e+01	0.000000e+00	0.000000e+00	0.000000e+00	1.450038e+01	3.247500e-02	0.000000e+00	0.000000e+00	0.000000e+00
-2.100000e+00	1.584440e-01	1.352560e-01	4.324480e-01	1.466869e+01	1.462281e+01	2.057808e+01	0.000000e+00	0.000000e+00	0.000000e+00	1.460384e+01	3.500500e-02	0.000000e+00	0.000000e+00	0.000000e+00
-2.050000e+00	1.607080e-01	1.351490e-01	4.732190e-01	1.467743e+01	1.462801e+01	2.087899e+01	0.000000e+00	0.000000e+00	0.000000e+00	1.461158e+01	3.757200e-02	0.000000e+00	0.000000e+00	0.000000e+00
-2.000000e+00	1.627340e-01	1.348010e-01	5.174620e-01	1.459447e+01	1.453866e+01	2.098542e+01	0.000000e+00	0.000000e+00	0.000000e+00	1.452568e+01	4.017800e-02	0.000000e+00	0.000000e+00	0.000000e+00
-1.950000e+00	1.650090e-01	1.344360e-01	5.652170e-01	1.442300e+01	1.436061e+01	2.085408e+01	0.000000e+00	0.000000e+00	0.000000e+00	1.434999e+01	4.316100e-02	0.000000e+00	0.000000e+00	0.000000e+00
-1.900000e+00	1.672220e-01	1.341100e-01	6.179480e-01	1.415136e+01	1.408483e+01	2.034325e+01	0.000000e+00	0.000000e+00	0.000000e+00	1.406990e+01	4.605400e-02	0.000000e+00	0.000000e+00	0.000000e+00
-1.850000e+00	1.693400e-01	1.340180e-01	6.747180e-01	1.381034e+01	1.373704e+01	1.956344e+01	0.000000e+00	0.000000e+00	0.000000e+00	1.372400e+01	4.861200e-02	0.000000e+00	0.000000e+00	0.000000e+00
-1.800000e+00	1.713970e-01	1.340880e-01	7.347440e-01	1.340869e+01	1.332783e+01	1.872384e+01	0.000000e+00	0.000000e+00	0.000000e+00	1.331563e+01	5.084400e-02	0.000000e+00	0.000000e+00	0.000000e+00
-1.750000e+00	1.734490e-01	1.340290e-01	7.979290e-01	1.295504e+01	1.286768e+01	1.791504e+01	0.000000e+00	0.000000e+00	0.000000e+00	1.285690e+01	5.296700e-02	0.000000e+00	0.000000e+00	0.000000e+00
-1.700000e+00	1.755020e-01	1.337050e-01	8.645790e-01	1.245793e+01	1.236635e+01	1.713172e+01	0.000000e+00	0.000000e+00	0.000000e+00	1.235961e+01	5.501600e-02	0.000000e+00	0.000000e+00	0.000000e+00
-1.650000e+00	1.774290e-01	1.335030e-01	9.348800e-01	1.192581e+01	1.183247e+01	1.629625e+01	0.000000e+00	0.000000e+00	0.000000e+00	1.182784e+01	5.637500e-02	0.000000e+00	0.000000e+00	0.000000e+00
-1.600000e+00	1.788360e-01	1.328910e-01	1.006930e+00	1.135432e+01	1.126524e+01	1.536699e+01	0.000000e+00	0.000000e+00	0.000000e+00	1.125718e+01	5.800400e-02	0.000000e+00	0.000000e+00	0.000000e+00
-1.550000e+00	1.804060e-01	1.325210e-01	1.081108e+00	1.076655e+01	1.067883e+01	1.437453e+01	0.000000e+00	0.000000e+00	0.000000e+00	1.066898e+01	5.887200e-02	0.000000e+00	0.000000e+00	0.000000e+00
-1.500000e+00	1.820400e-01	1.318780e-01	1.156226e+00	1.016446e+01	1.008004e+01	1.334104e+01	0.000000e+00	0.000000e+00	0.000000e+00	1.007066e+01	5.952400e-02	0.000000e+00	0.000000e+00	0.000000e+00
-1.450000e+00	1.836600e-01	1.310600e-01	1.232144e+00	9.553949e+00	9.476542e+00	1.227881e+01	0.000000e+00	0.000000e+00	0.000000e+00	9.467610e+00	5.991600e-02	0.000000e+00	0.000000e+00	0.000000e+00
-1.400000e+00	1.853400e-01	1.302730e-01	1.309092e+00	8.941320e+00	8.873285e+00	1.119936e+01	0.000000e+00	0.000000e+00	0.000000e+00	8.863757e+00	5.977000e-02	0.000000e+00	0.000000e+00	0.000000e+00
-1.350000e+00	1.874360e-01	1.293530e-01	1.386608e+00	8.330857e+00	8.270109e+00	1.011939e+01	0.000000e+00	0.000000e+00	0.000000e+00	8.262006e+00	5.896000e-02	0.000000e+00	0.000000e+00	0.000000e+00
-1.300000e+00	1.886790e-01	1.285660e-01	1.460454e+00	7.713302e+00	7.663237e+00	9.037996e+00	0.000000e+00	0.000000e+00	0.000000e+00	7.658712e+00	5.828700e-02	0.000000e+00	0.000000e+00	0.000000e+00
-1.250000e+00	1.895280e-01	1.278290e-01	1.531308e+00	7.104935e+00	7.070146e+00	7.984287e+00	0.000000e+00	0.000000e+00	0.000000e+00	7.065474e+00	5.699600e-02	0.000000e+00	0.000000e+00	0.000000e+00
-1.200000e+00	1.901100e-01	1.268700e-01	1.597933e+00	6.508026e+00	6.492096e+00	6.970877e+00	0.000000e+00	0.000000e+00	0.000000e+00	6.484674e+00	5.554100e-02	0.000000e+00	0.000000e+00	0.000000e+00
-1.150000e+00	1.906540e-01	1.257670e-01	1.658667e+00	5.924882e+00	5.929881e+00	6.008050e+00	0.000000e+00	0.000000e+00	0.000000e+00	5.921241e+00	5.366500e-02	0.000000e+00	0.000000e+00	0.000000e+00
-1.100000e+00	1.912540e-01	1.246680e-01	1.712035e+00	5.358620e+00	5.385126e+00	5.106240e+00	0.000000e+00	0.000000e+00	0.000000e+00	5.378551e+00	5.123800e-02	0.000000e+00	0.000000e+00	0.000000e+00
-1.050000e+00	1.916340e-01	1.235140e-01	1.757497e+00	4.813468e+00	4.860953e+00	4.276503e+00	0.000000e+00	0.000000e+00	0.000000e+00	4.856160e+00	4.894200e-02	0.000000e+00	0.000000e+00	0.000000e+00
-1.000000e+00	1.914790e-01	1.217470e-01	1.789378e+00	4.283738e+00	4.350739e+00	3.511814e+00	0.000000e+00	0.000000e+00	0.000000e+00	4.349394e+00	4.582100e-02	0.000000e+00	0.000000e+00	0.000000e+00
-9.500000e-01	1.910140e-01	1.198320e-01	1.807335e+00	3.781297e+00	3.866294e+00	2.837036e+00	0.000000e+00	0.000000e+00	0.000000e+00	3.865177e+00	4.240300e-02	0.000000e+00	0.000000e+00	0.000000e+00
-9.000000e-01	1.900080e-01	1.178360e-01	1.810864e+00	3.306339e+00	3.408892e+00	2.251964e+00	0.000000e+00	0.000000e+00	0.000000e+00	3.407440e+00	3.931100e-02	0.000000e+00	0.000000e+00	0.000000e+00
-8.500000e-01	1.886730e-01	1.158020e-01	1.797966e+00	2.861484e+00	2.979146e+00	1.755242e+00	0.000000e+00	0.000000e+00	0.000000e+00	2.977037e+00	3.614000e-02	0.000000e+00	0.000000e+00	0.000000e+00
-8.000000e-01	1.872170e-01	1.137070e-01	1.766529e+00	2.449217e+00	2.577540e+00	1.342525e+00	0.000000e+00	0.000000e+00	0.000000e+00	2.574892e+00	3.263800e-02	0.000000e+00	0.000000e+00	0.000000e+00
-7.500000e-01	1.854110e-01	1.114340e-01	1.715773e+00	2.070661e+00	2.204725e+00	1.006550e+00	0.000000e+00	0.000000e+00	0.000000e+00	2.203406e+00	2.941900e-02	0.000000e+00	0.000000e+00	0.000000e+00
-7.000000e-01	1.830100e-01	1.084790e-01	1.639901e+00	1.720017e+00	1.857554e+00	7.360310e-01	0.000000e+00	0.000000e+00	0.000000e+00	1.855541e+00	2.615500e-02	0.000000e+00	0.000000e+00	0.000000e+00
-6.500000e-01	1.797290e-01	1.056760e-01	1.544152e+00	1.405864e+00	1.542861e+00	5.276260e-01	0.000000e+00	0.000000e+00	0.000000e+00	1.540246e+00	2.279900e-02	0.000000e+00	0.000000e+00	0.000000e+00
-6.000000e-01	1.760480e-01	1.028040e-01	1.430272e+00	1.128439e+00	1.259562e+00	3.703320e-01	0.000000e+00	0.000000e+00	0.000000e+00	1.257602e+00	1.988300e-02	0.000000e+00	0.000000e+00	0.000000e+00
-5.500000e-01	1.719560e-01	9.955200e-02	1.300148e+00	8.874900e-01	1.008360e+00	2.539600e-01	0.000000e+00	0.000000e+00	0.000000e+00	1.007233e+00	1.723400e-02	0.000000e+00	0.000000e+00	0.000000e+00
-5.000000e-01	1.673040e-01	9.580200e-02	1.156602e+00	6.820300e-01	7.899360e-01	1.698160e-01	0.000000e+00	0.000000e+00	0.000000e+00	7.890140e-01	1.464800e-02	0.000000e+00	0.000000e+00	0.000000e+00
-4.500000e-01	1.621350e-01	9.186000e-02	1.003879e+00	5.103440e-01	6.040860e-01	1.106310e-01	0.000000e+00	0.000000e+00	0.000000e+00	6.029760e-01	1.220300e-02	0.000000e+00	0.000000e+00	0.000000e+00
-4.000000e-01	1.562790e-01	8.750400e-02	8.410670e-01	3.677390e-01	4.442730e-01	6.914700e-02	0.000000e+00	0.000000e+00	0.000000e+00	4.430760e-01	1.003200e-02	0.000000e+00	0.000000e+00	0.000000e+00
-3.500000e-01	1.498220e-01	8.336900e-02	6.796430e-01	2.552810e-01	3.142370e-01	4.162200e-02	0.000000e+00	0.000000e+00	0.000000e+00	3.130600e-01	8.173000e-03	0.000000e+00	0.000000e+00	0.000000e+00
-3.000000e-01	1.429340e-01	7.909100e-02	5.250910e-01	1.700750e-01	2.122880e-01	2.411400e-02	0.000000e+00	0.000000e+00	0.000000e+00	2.112810e-01	6.458000e-03	0.000000e+00	0.000000e+00	0.000000e+00
-2.500000e-01	1.358190e-01	7.475500e-02	3.875770e-01	1.087770e-01	1.367120e-01	1.358100e-02	0.000000e+00	0.000000e+00	0.000000e+00	1.359940e-01	4.944000e-03	0.000000e+00	0.000000e+00	0.000000e+00
-2.000000e-01	1.283770e-01	7.020200e-02	2.656570e-01	6.500200e-02	8.116900e-02	7.506000e-03	0.000000e+00	0.000000e+00	0.000000e+00	8.085000e-02	3.735000e-03	0.000000e+00	0.000000e+00	0.000000e+00
-1.500000e-01	1.208490e-01	6.559300e-02	1.690300e-01	3.653800e-02	4.433100e-02	4.271000e-03	0.000000e+00	0.000000e+00	0.000000e+00	4.401300e-02	4.077000e-03	0.000000e+00	0.000000e+00	0.000000e+00
-1.000000e-01	1.136630e-01	6.048200e-02	9.865000e-02	1.942800e-02	2.185100e-02	2.657000e-03	0.000000e+00	0.000000e+00	0.000000e+00	2.176100e-02	5.144100e-02	0.000000e+00	0.000000e+00	0.000000e+00
-5.000000e-02	1.060420e-01	5.486200e-02	5.606200e-02	1.049400e-02	1.050800e-02	1.682000e-03	0.000000e+00	0.000000e+00	0.000000e+00	1.047700e-02	2.810231e+00	0.000000e+00	0.000000e+00	0.000000e+00
0.000000e+00	1.012820e-01	5.122100e-02	3.946600e-02	7.236000e-03	6.564000e-03	1.258000e-03	0.000000e+00	0.000000e+00	0.000000e+00	6.576000e-03	7.043924e+01	0.000000e+00	0.000000e+00	0.000000e+00
