-8.900000e+00	0.000000e+00	0.000000e+00	0.000000e+00	0.000000e+00	0.000000e+00	1.000000e-06	5.700000e-05	6.800000e-05	6.000000e-06	0.000000e+00	2.000000e-06	0.000000e+00	0.000000e+00	0.000000e+00
-8.850000e+00	0.000000e+00	0.000000e+00	0.000000e+00	0.000000e+00	0.000000e+00	2.000000e-06	7.100000e-05	8.400000e-05	8.000000e-06	0.000000e+00	3.000000e-06	1.000000e-06	1.000000e-06	1.000000e-06
-8.800000e+00	0.000000e+00	0.000000e+00	0.000000e+00	0.000000e+00	0.000000e+00	2.000000e-06	9.500000e-05	1.010000e-04	1.200000e-05	0.000000e+00	3.000000e-06	2.000000e-06	2.000000e-06	2.000000e-06
-8.750000e+00	1.000000e-06	1.000000e-06	1.000000e-06	1.000000e-06	1.000000e-06	3.000000e-06	1.340000e-04	1.180000e-04	1.600000e-05	0.000000e+00	4.000000e-06	2.000000e-06	2.000000e-06	2.000000e-06
-8.700000e+00	1.000000e-06	1.000000e-06	1.000000e-06	1.000000e-06	1.000000e-06	4.000000e-06	1.790000e-04	1.390000e-04	2.300000e-05	0.000000e+00	5.000000e-06	3.000000e-06	3.000000e-06	3.000000e-06
-8.650000e+00	2.000000e-06	2.000000e-06	2.000000e-06	2.000000e-06	2.000000e-06	6.000000e-06	2.240000e-04	1.610000e-04	3.100000e-05	0.000000e+00	6.000000e-06	4.000000e-06	4.000000e-06	4.000000e-06
-8.600000e+00	2.000000e-06	2.000000e-06	3.000000e-06	2.000000e-06	2.000000e-06	8.000000e-06	2.690000e-04	1.800000e-04	4.200000e-05	0.000000e+00	8.000000e-06	5.000000e-06	5.000000e-06	5.000000e-06
-8.550000e+00	3.000000e-06	3.000000e-06	4.000000e-06	3.000000e-06	3.000000e-06	1.000000e-05	3.310000e-04	2.090000e-04	5.600000e-05	0.000000e+00	1.000000e-05	6.000000e-06	6.000000e-06	6.000000e-06
-8.500000e+00	4.000000e-06	4.000000e-06	4.000000e-06	4.000000e-06	4.000000e-06	1.400000e-05	4.110000e-04	2.420000e-04	7.200000e-05	0.000000e+00	1.300000e-05	8.000000e-06	8.000000e-06	8.000000e-06
-8.450000e+00	5.000000e-06	5.000000e-06	5.000000e-06	5.000000e-06	5.000000e-06	1.800000e-05	4.890000e-04	2.870000e-04	9.200000e-05	0.000000e+00	1.600000e-05	9.000000e-06	9.000000e-06	9.000000e-06
-8.400000e+00	6.000000e-06	6.000000e-06	6.000000e-06	6.000000e-06	6.000000e-06	2.300000e-05	5.640000e-04	3.420000e-04	1.160000e-04	0.000000e+00	1.900000e-05	1.200000e-05	1.200000e-05	1.200000e-05
-8.350000e+00	7.000000e-06	7.000000e-06	8.000000e-06	7.000000e-06	7.000000e-06	2.900000e-05	6.500000e-04	3.980000e-04	1.460000e-04	0.000000e+00	2.300000e-05	1.500000e-05	1.500000e-05	1.500000e-05
-8.300000e+00	9.000000e-06	9.000000e-06	9.000000e-06	9.000000e-06	9.000000e-06	3.600000e-05	7.580000e-04	4.520000e-04	1.790000e-04	0.000000e+00	2.800000e-05	1.800000e-05	1.800000e-05	1.800000e-05
-8.250000e+00	1.100000e-05	1.100000e-05	1.100000e-05	1.100000e-05	1.100000e-05	4.400000e-05	8.780000e-04	5.330000e-04	2.190000e-04	0.000000e+00	3.300000e-05	2.100000e-05	2.100000e-05	2.100000e-05
-8.200000e+00	1.300000e-05	1.200000e-05	1.300000e-05	1.300000e-05	1.200000e-05	5.200000e-05	1.021000e-03	6.050000e-04	2.590000e-04	0.000000e+00	3.900000e-05	2.500000e-05	2.500000e-05	2.500000e-05
-8.150000e+00	1.500000e-05	1.500000e-05	1.500000e-05	1.500000e-05	1.500000e-05	6.100000e-05	1.187000e-03	6.800000e-04	3.060000e-04	0.000000e+00	4.600000e-05	3.000000e-05	3.000000e-05	3.000000e-05
-8.100000e+00	1.700000e-05	1.700000e-05	1.800000e-05	1.700000e-05	1.700000e-05	7.100000e-05	1.362000e-03	7.670000e-04	3.570000e-04	0.000000e+00	5.300000e-05	3.400000e-05	3.400000e-05	3.400000e-05
-8.050000e+00	2.000000e-05	2.000000e-05	2.100000e-05	2.000000e-05	2.000000e-05	8.200000e-05	1.545000e-03	8.710000e-04	4.110000e-04	0.000000e+00	6.100000e-05	4.000000e-05	4.000000e-05	4.000000e-05
-8.000000e+00	2.400000e-05	2.300000e-05	2.400000e-05	2.300000e-05	2.300000e-05	9.200000e-05	1.750000e-03	9.920000e-04	4.670000e-04	0.000000e+00	7.000000e-05	4.600000e-05	4.600000e-05	4.600000e-05
-7.950000e+00	2.700000e-05	2.600000e-05	2.800000e-05	2.600000e-05	2.600000e-05	1.030000e-04	2.016000e-03	1.129000e-03	5.270000e-04	0.000000e+00	8.000000e-05	5.300000e-05	5.300000e-05	5.300000e-05
-7.900000e+00	3.000000e-05	2.900000e-05	3.100000e-05	2.900000e-05	2.900000e-05	1.130000e-04	2.294000e-03	1.267000e-03	5.890000e-04	0.000000e+00	8.900000e-05	5.900000e-05	5.900000e-05	5.900000e-05
-7.850000e+00	3.500000e-05	3.200000e-05	3.500000e-05	3.300000e-05	3.300000e-05	1.230000e-04	2.616000e-03	1.400000e-03	6.500000e-04	0.000000e+00	9.900000e-05	6.600000e-05	6.600000e-05	6.600000e-05
-7.800000e+00	3.800000e-05	3.600000e-05	4.100000e-05	3.600000e-05	3.600000e-05	1.340000e-04	2.951000e-03	1.547000e-03	7.150000e-04	0.000000e+00	1.110000e-04	7.400000e-05	7.400000e-05	7.400000e-05
-7.750000e+00	4.100000e-05	4.100000e-05	4.900000e-05	4.000000e-05	4.000000e-05	1.450000e-04	3.281000e-03	1.729000e-03	7.830000e-04	0.000000e+00	1.230000e-04	8.200000e-05	8.200000e-05	8.300000e-05
-7.700000e+00	4.500000e-05	4.500000e-05	5.500000e-05	4.400000e-05	4.500000e-05	1.550000e-04	3.614000e-03	1.948000e-03	8.510000e-04	0.000000e+00	1.360000e-04	9.000000e-05	9.000000e-05	9.300000e-05
-7.650000e+00	4.900000e-05	5.000000e-05	6.300000e-05	4.800000e-05	4.900000e-05	1.660000e-04	3.988000e-03	2.163000e-03	9.210000e-04	0.000000e+00	1.480000e-04	9.800000e-05	9.800000e-05	1.050000e-04
-7.600000e+00	5.300000e-05	5.400000e-05	7.600000e-05	5.200000e-05	5.200000e-05	1.760000e-04	4.350000e-03	2.416000e-03	1.006000e-03	0.000000e+00	1.590000e-04	1.060000e-04	1.060000e-04	1.220000e-04
-7.550000e+00	5.700000e-05	5.700000e-05	9.400000e-05	5.500000e-05	5.500000e-05	1.860000e-04	4.714000e-03	2.686000e-03	1.090000e-03	0.000000e+00	1.710000e-04	1.140000e-04	1.140000e-04	1.440000e-04
-7.500000e+00	6.100000e-05	6.000000e-05	1.210000e-04	5.900000e-05	5.900000e-05	1.950000e-04	5.109000e-03	2.982000e-03	1.173000e-03	0.000000e+00	1.830000e-04	1.220000e-04	1.220000e-04	1.730000e-04
-7.450000e+00	6.400000e-05	6.400000e-05	1.660000e-04	6.300000e-05	6.200000e-05	2.030000e-04	5.507000e-03	3.314000e-03	1.253000e-03	0.000000e+00	1.960000e-04	1.290000e-04	1.290000e-04	2.100000e-04
-7.400000e+00	6.700000e-05	6.800000e-05	2.460000e-04	6.600000e-05	6.600000e-05	2.120000e-04	5.861000e-03	3.682000e-03	1.333000e-03	0.000000e+00	2.080000e-04	1.360000e-04	1.360000e-04	2.580000e-04
-7.350000e+00	7.100000e-05	7.100000e-05	4.040000e-04	6.900000e-05	6.900000e-05	2.200000e-04	6.173000e-03	4.074000e-03	1.422000e-03	0.000000e+00	2.180000e-04	1.430000e-04	1.430000e-04	3.170000e-04
-7.300000e+00	7.400000e-05	7.600000e-05	7.240000e-04	7.200000e-05	7.200000e-05	2.270000e-04	6.584000e-03	4.540000e-03	1.512000e-03	0.000000e+00	2.270000e-04	1.500000e-04	1.500000e-04	3.880000e-04
-7.250000e+00	7.700000e-05	8.000000e-05	1.434000e-03	7.500000e-05	7.500000e-05	2.330000e-04	6.902000e-03	5.017000e-03	1.612000e-03	0.000000e+00	2.360000e-04	1.560000e-04	1.560000e-04	4.680000e-04
-7.200000e+00	8.000000e-05	8.400000e-05	3.087000e-03	7.800000e-05	7.800000e-05	2.380000e-04	7.114000e-03	5.522000e-03	1.716000e-03	0.000000e+00	2.420000e-04	1.610000e-04	1.610000e-04	5.510000e-04
-7.150000e+00	8.400000e-05	8.600000e-05	7.073000e-03	8.000000e-05	8.000000e-05	2.440000e-04	7.235000e-03	6.038000e-03	1.824000e-03	0.000000e+00	2.470000e-04	1.650000e-04	1.650000e-04	6.280000e-04
-7.100000e+00	8.800000e-05	8.700000e-05	1.516300e-02	8.300000e-05	8.000000e-05	2.480000e-04	7.295000e-03	6.510000e-03	1.939000e-03	0.000000e+00	2.510000e-04	1.690000e-04	1.690000e-04	6.940000e-04
-7.050000e+00	9.200000e-05	8.900000e-05	2.163200e-02	8.500000e-05	8.100000e-05	2.500000e-04	7.328000e-03	6.841000e-03	2.074000e-03	0.000000e+00	2.550000e-04	1.730000e-04	1.730000e-04	7.540000e-04
-7.000000e+00	9.200000e-05	8.900000e-05	2.559100e-02	8.700000e-05	8.300000e-05	2.530000e-04	7.386000e-03	7.057000e-03	2.225000e-03	0.000000e+00	2.570000e-04	1.760000e-04	1.760000e-04	8.080000e-04
-6.950000e+00	9.100000e-05	9.100000e-05	2.885900e-02	8.900000e-05	8.600000e-05	2.560000e-04	7.378000e-03	7.208000e-03	2.368000e-03	2.000000e-06	2.580000e-04	1.790000e-04	1.790000e-04	8.610000e-04
-6.900000e+00	9.100000e-05	9.300000e-05	3.177700e-02	9.100000e-05	8.900000e-05	2.580000e-04	7.407000e-03	7.319000e-03	2.524000e-03	4.000000e-06	2.600000e-04	1.820000e-04	1.820000e-04	9.140000e-04
-6.850000e+00	9.300000e-05	9.600000e-05	3.458200e-02	9.300000e-05	9.200000e-05	2.600000e-04	7.492000e-03	7.417000e-03	2.693000e-03	6.000000e-06	2.630000e-04	1.840000e-04	1.850000e-04	9.660000e-04
-6.800000e+00	9.700000e-05	1.010000e-04	3.731500e-02	9.400000e-05	9.500000e-05	2.640000e-04	7.611000e-03	7.511000e-03	2.871000e-03	8.000000e-06	2.660000e-04	1.870000e-04	1.870000e-04	1.017000e-03
-6.750000e+00	1.010000e-04	1.050000e-04	3.982200e-02	9.700000e-05	9.800000e-05	2.700000e-04	7.732000e-03	7.568000e-03	3.086000e-03	1.300000e-05	2.660000e-04	1.900000e-04	1.900000e-04	1.067000e-03
-6.700000e+00	1.080000e-04	1.090000e-04	4.227000e-02	1.040000e-04	1.050000e-04	2.750000e-04	7.797000e-03	7.660000e-03	3.302000e-03	1.800000e-05	2.690000e-04	1.930000e-04	1.930000e-04	1.117000e-03
-6.650000e+00	1.160000e-04	1.170000e-04	4.474600e-02	1.120000e-04	1.130000e-04	2.850000e-04	7.805000e-03	7.746000e-03	3.510000e-03	2.500000e-05	2.720000e-04	1.960000e-04	1.960000e-04	1.166000e-03
-6.600000e+00	1.270000e-04	1.300000e-04	4.731900e-02	1.250000e-04	1.220000e-04	2.980000e-04	7.838000e-03	7.820000e-03	3.737000e-03	3.800000e-05	2.760000e-04	1.990000e-04	2.000000e-04	1.217000e-03
-6.550000e+00	1.500000e-04	1.570000e-04	4.997600e-02	1.410000e-04	1.320000e-04	3.150000e-04	7.954000e-03	7.873000e-03	3.967000e-03	5.400000e-05	2.800000e-04	2.030000e-04	2.040000e-04	1.267000e-03
-6.500000e+00	2.020000e-04	2.170000e-04	5.262100e-02	1.620000e-04	1.470000e-04	3.390000e-04	8.136000e-03	7.910000e-03	4.171000e-03	6.900000e-05	2.850000e-04	2.080000e-04	2.090000e-04	1.316000e-03
-6.450000e+00	3.360000e-04	3.680000e-04	5.509800e-02	1.890000e-04	1.750000e-04	3.710000e-04	8.216000e-03	7.971000e-03	4.355000e-03	9.300000e-05	2.900000e-04	2.140000e-04	2.160000e-04	1.365000e-03
-6.400000e+00	6.880000e-04	7.520000e-04	5.743300e-02	2.110000e-04	2.150000e-04	4.170000e-04	8.356000e-03	8.094000e-03	4.522000e-03	1.220000e-04	2.970000e-04	2.260000e-04	2.290000e-04	1.416000e-03
-6.350000e+00	1.541000e-03	1.692000e-03	5.998000e-02	2.480000e-04	2.530000e-04	4.860000e-04	8.497000e-03	8.256000e-03	4.750000e-03	1.630000e-04	3.050000e-04	2.480000e-04	2.550000e-04	1.467000e-03
-6.300000e+00	3.099000e-03	3.371000e-03	6.254600e-02	3.090000e-04	3.030000e-04	5.850000e-04	8.676000e-03	8.373000e-03	5.037000e-03	2.170000e-04	3.150000e-04	2.830000e-04	2.940000e-04	1.519000e-03
-6.250000e+00	5.264000e-03	5.612000e-03	6.500500e-02	3.930000e-04	3.710000e-04	7.110000e-04	8.896000e-03	8.514000e-03	5.366000e-03	2.840000e-04	3.260000e-04	3.290000e-04	3.430000e-04	1.571000e-03
-6.200000e+00	7.718000e-03	8.076000e-03	6.736100e-02	4.980000e-04	4.610000e-04	8.680000e-04	9.168000e-03	8.768000e-03	5.709000e-03	3.710000e-04	3.390000e-04	3.810000e-04	3.980000e-04	1.623000e-03
-6.150000e+00	1.028900e-02	1.065400e-02	6.980500e-02	6.300000e-04	5.980000e-04	1.107000e-03	9.559000e-03	9.082000e-03	6.044000e-03	4.960000e-04	3.530000e-04	4.370000e-04	4.560000e-04	1.675000e-03
-6.100000e+00	1.278000e-02	1.318500e-02	7.221600e-02	8.000000e-04	7.790000e-04	1.367000e-03	1.005500e-02	9.346000e-03	6.458000e-03	6.750000e-04	3.740000e-04	4.960000e-04	5.170000e-04	1.730000e-03
-6.050000e+00	1.526700e-02	1.574100e-02	7.446900e-02	1.057000e-03	1.023000e-03	1.687000e-03	1.061300e-02	9.711000e-03	6.890000e-03	9.100000e-04	3.920000e-04	5.570000e-04	5.800000e-04	1.786000e-03
-6.000000e+00	1.761300e-02	1.825200e-02	7.679400e-02	1.375000e-03	1.353000e-03	2.111000e-03	1.127400e-02	1.016300e-02	7.394000e-03	1.214000e-03	4.090000e-04	6.200000e-04	6.460000e-04	1.844000e-03
-5.950000e+00	1.992000e-02	2.072900e-02	7.926800e-02	1.766000e-03	1.772000e-03	2.666000e-03	1.212600e-02	1.071300e-02	8.016000e-03	1.601000e-03	4.320000e-04	6.860000e-04	7.160000e-04	1.905000e-03
-5.900000e+00	2.237700e-02	2.322200e-02	8.186700e-02	2.290000e-03	2.287000e-03	3.364000e-03	1.324000e-02	1.138000e-02	8.776000e-03	2.098000e-03	4.620000e-04	7.570000e-04	7.900000e-04	1.968000e-03
-5.850000e+00	2.494200e-02	2.575200e-02	8.453300e-02	2.998000e-03	2.974000e-03	4.254000e-03	1.456800e-02	1.216200e-02	9.628000e-03	2.784000e-03	4.950000e-04	8.310000e-04	8.680000e-04	2.036000e-03
-5.800000e+00	2.746700e-02	2.837700e-02	8.687700e-02	3.898000e-03	3.887000e-03	5.477000e-03	1.615600e-02	1.319500e-02	1.074700e-02	3.727000e-03	5.330000e-04	9.090000e-04	9.520000e-04	2.107000e-03
-5.750000e+00	2.985000e-02	3.099700e-02	8.930300e-02	5.101000e-03	5.058000e-03	6.967000e-03	1.823100e-02	1.446300e-02	1.208200e-02	4.908000e-03	5.770000e-04	9.950000e-04	1.045000e-03	2.183000e-03
-5.700000e+00	3.227000e-02	3.357800e-02	9.159900e-02	6.643000e-03	6.576000e-03	8.779000e-03	2.090500e-02	1.593900e-02	1.372900e-02	6.440000e-03	6.320000e-04	1.090000e-03	1.148000e-03	2.267000e-03
-5.650000e+00	3.476600e-02	3.621800e-02	9.380700e-02	8.624000e-03	8.561000e-03	1.104500e-02	2.427200e-02	1.768100e-02	1.575600e-02	8.439000e-03	7.010000e-04	1.196000e-03	1.262000e-03	2.362000e-03
-5.600000e+00	3.729500e-02	3.900400e-02	9.605500e-02	1.122500e-02	1.116200e-02	1.397100e-02	2.840500e-02	1.981800e-02	1.821900e-02	1.099300e-02	7.860000e-04	1.313000e-03	1.391000e-03	2.467000e-03
-5.550000e+00	3.982200e-02	4.178700e-02	9.836300e-02	1.466400e-02	1.452400e-02	1.776000e-02	3.336500e-02	2.249700e-02	2.120300e-02	1.416000e-02	8.940000e-04	1.446000e-03	1.538000e-03	2.586000e-03
-5.500000e+00	4.223600e-02	4.448300e-02	1.009370e-01	1.896700e-02	1.875400e-02	2.265800e-02	3.975900e-02	2.591700e-02	2.493000e-02	1.831800e-02	1.001000e-03	1.598000e-03	1.712000e-03	2.723000e-03
-5.450000e+00	4.475500e-02	4.718200e-02	1.031270e-01	2.445700e-02	2.415600e-02	2.870200e-02	4.783400e-02	3.000700e-02	2.957600e-02	2.361900e-02	1.141000e-03	1.775000e-03	1.919000e-03	2.882000e-03
-5.400000e+00	4.736500e-02	4.988700e-02	1.054050e-01	3.144400e-02	3.116300e-02	3.629900e-02	5.799600e-02	3.488700e-02	3.513300e-02	3.050400e-02	1.315000e-03	1.982000e-03	2.164000e-03	3.067000e-03
-5.350000e+00	4.996300e-02	5.277500e-02	1.077180e-01	4.033300e-02	4.012000e-02	4.595100e-02	7.090800e-02	4.078500e-02	4.181800e-02	3.943300e-02	1.524000e-03	2.225000e-03	2.450000e-03	3.285000e-03
-5.300000e+00	5.243900e-02	5.593700e-02	1.099760e-01	5.159400e-02	5.136100e-02	5.820500e-02	8.748600e-02	4.799800e-02	4.997000e-02	5.083300e-02	1.774000e-03	2.512000e-03	2.785000e-03	3.545000e-03
-5.250000e+00	5.479600e-02	5.900400e-02	1.125970e-01	6.563100e-02	6.563800e-02	7.349800e-02	1.087670e-01	5.679100e-02	5.968800e-02	6.507300e-02	2.086000e-03	2.852000e-03	3.185000e-03	3.857000e-03
-5.200000e+00	5.728300e-02	6.216400e-02	1.147200e-01	8.360500e-02	8.359900e-02	9.282800e-02	1.344730e-01	6.724300e-02	7.133300e-02	8.277800e-02	2.461000e-03	3.258000e-03	3.652000e-03	4.237000e-03
-5.150000e+00	6.004300e-02	6.538100e-02	1.167010e-01	1.062330e-01	1.062030e-01	1.167760e-01	1.652000e-01	7.992300e-02	8.526400e-02	1.051000e-01	2.900000e-03	3.745000e-03	4.214000e-03	4.695000e-03
-5.100000e+00	6.283200e-02	6.885100e-02	1.184240e-01	1.343330e-01	1.345470e-01	1.466700e-01	2.024980e-01	9.494000e-02	1.019540e-01	1.330250e-01	3.427000e-03	4.328000e-03	4.881000e-03	5.246000e-03
-5.050000e+00	6.554200e-02	7.271300e-02	1.199930e-01	1.693490e-01	1.698280e-01	1.836300e-01	2.479860e-01	1.126060e-01	1.218190e-01	1.678020e-01	4.069000e-03	5.026000e-03	5.673000e-03	5.908000e-03
-5.000000e+00	6.823400e-02	7.688100e-02	1.215760e-01	2.131710e-01	2.134610e-01	2.288230e-01	3.032610e-01	1.335100e-01	1.452470e-01	2.110440e-01	4.845000e-03	5.859000e-03	6.618000e-03	6.703000e-03
-4.950000e+00	7.117200e-02	8.083700e-02	1.232200e-01	2.670660e-01	2.674380e-01	2.845570e-01	3.698900e-01	1.585490e-01	1.727360e-01	2.648740e-01	5.756000e-03	6.850000e-03	7.733000e-03	7.656000e-03
-4.900000e+00	7.408900e-02	8.570600e-02	1.247690e-01	3.333770e-01	3.336550e-01	3.532430e-01	4.518320e-01	1.880680e-01	2.055170e-01	3.304470e-01	6.850000e-03	8.039000e-03	9.064000e-03	8.811000e-03
-4.850000e+00	7.689500e-02	9.208600e-02	1.260390e-01	4.146630e-01	4.144310e-01	4.372570e-01	5.512290e-01	2.229160e-01	2.441050e-01	4.104820e-01	8.154000e-03	9.454000e-03	1.063000e-02	1.018900e-02
-4.800000e+00	7.987200e-02	1.002750e-01	1.273730e-01	5.132460e-01	5.129480e-01	5.385620e-01	6.710160e-01	2.636910e-01	2.894160e-01	5.081530e-01	9.694000e-03	1.113400e-02	1.245500e-02	1.182900e-02
-4.750000e+00	8.311100e-02	1.116940e-01	1.289000e-01	6.320790e-01	6.323870e-01	6.605490e-01	8.147500e-01	3.111540e-01	3.421820e-01	6.264550e-01	1.150800e-02	1.311900e-02	1.456100e-02	1.377200e-02
-4.700000e+00	8.660600e-02	1.285890e-01	1.305810e-01	7.748580e-01	7.758980e-01	8.076170e-01	9.866250e-01	3.662280e-01	4.032460e-01	7.683190e-01	1.363500e-02	1.545100e-02	1.696600e-02	1.606400e-02
-4.650000e+00	9.038400e-02	1.535310e-01	1.322650e-01	9.458720e-01	9.469360e-01	9.830890e-01	1.191277e+00	4.299300e-01	4.743050e-01	9.374880e-01	1.610300e-02	1.816300e-02	1.971300e-02	1.875500e-02
-4.600000e+00	9.383000e-02	1.689770e-01	1.339700e-01	1.146471e+00	1.147891e+00	1.188907e+00	1.431476e+00	5.028830e-01	5.562870e-01	1.137706e+00	1.896000e-02	2.134600e-02	2.284600e-02	2.187300e-02
-4.550000e+00	9.717800e-02	1.781460e-01	1.358050e-01	1.383357e+00	1.384429e+00	1.431636e+00	1.714397e+00	5.869810e-01	6.505620e-01	1.374117e+00	2.225100e-02	2.504000e-02	2.651300e-02	2.552500e-02
-4.500000e+00	1.010810e-01	1.838030e-01	1.377960e-01	1.661747e+00	1.662030e+00	1.715242e+00	2.044921e+00	6.839160e-01	7.585070e-01	1.649854e+00	2.605600e-02	2.931300e-02	3.075900e-02	2.976100e-02
-4.450000e+00	1.057600e-01	1.880600e-01	1.399680e-01	1.985886e+00	1.984865e+00	2.044223e+00	2.428005e+00	7.948240e-01	8.817550e-01	1.969861e+00	3.043900e-02	3.422900e-02	3.564300e-02	3.463900e-02
-4.400000e+00	1.109950e-01	1.920140e-01	1.423380e-01	2.359785e+00	2.356958e+00	2.424083e+00	2.869202e+00	9.206940e-01	1.022141e+00	2.340355e+00	3.545000e-02	3.985500e-02	4.122600e-02	4.022700e-02
-4.350000e+00	1.161080e-01	1.957640e-01	1.449000e-01	2.789645e+00	2.785778e+00	2.862030e+00	3.375794e+00	1.063463e+00	1.181540e+00	2.766476e+00	4.113700e-02	4.626100e-02	4.756700e-02	4.659400e-02
-4.300000e+00	1.214210e-01	1.997980e-01	1.480220e-01	3.273974e+00	3.272472e+00	3.355012e+00	3.949375e+00	1.223488e+00	1.360925e+00	3.248422e+00	4.752900e-02	5.347400e-02	5.476600e-02	5.377200e-02
-4.250000e+00	1.268390e-01	2.039340e-01	1.516400e-01	3.822448e+00	3.821390e+00	3.913067e+00	4.596762e+00	1.404464e+00	1.562517e+00	3.792737e+00	5.472000e-02	6.159700e-02	6.285300e-02	6.185900e-02
-4.200000e+00	1.326660e-01	2.080720e-01	1.556220e-01	4.438013e+00	4.437190e+00	4.540865e+00	5.322957e+00	1.607074e+00	1.788115e+00	4.404205e+00	6.276200e-02	7.069400e-02	7.190500e-02	7.092100e-02
-4.150000e+00	1.390460e-01	2.126790e-01	1.599470e-01	5.124729e+00	5.123668e+00	5.241353e+00	6.132831e+00	1.832128e+00	2.039198e+00	5.085775e+00	7.170500e-02	8.082200e-02	8.198000e-02	8.101700e-02
-4.100000e+00	1.459270e-01	2.180970e-01	1.646880e-01	5.885957e+00	5.883640e+00	6.016114e+00	7.030345e+00	2.081124e+00	2.317317e+00	5.840021e+00	8.161300e-02	9.203600e-02	9.313000e-02	9.220300e-02
-4.050000e+00	1.530290e-01	2.237580e-01	1.699940e-01	6.720306e+00	6.719090e+00	6.866705e+00	8.017127e+00	2.357145e+00	2.624931e+00	6.672629e+00	9.258200e-02	1.043870e-01	1.054360e-01	1.045240e-01
-4.000000e+00	1.608920e-01	2.297180e-01	1.760250e-01	7.620378e+00	7.619498e+00	7.786180e+00	9.082016e+00	2.660216e+00	2.958977e+00	7.568906e+00	1.045420e-01	1.177950e-01	1.188010e-01	1.179070e-01
-3.950000e+00	1.692080e-01	2.358840e-01	1.823600e-01	8.594171e+00	8.592718e+00	8.776981e+00	1.023276e+01	2.991473e+00	3.325876e+00	8.535618e+00	1.175360e-01	1.323780e-01	1.333410e-01	1.324680e-01
-3.900000e+00	1.780250e-01	2.422180e-01	1.892430e-01	9.637527e+00	9.634568e+00	9.842026e+00	1.146885e+01	3.351275e+00	3.725005e+00	9.570122e+00	1.316460e-01	1.481410e-01	1.490740e-01	1.482130e-01
-3.850000e+00	1.871940e-01	2.486990e-01	1.967490e-01	1.074496e+01	1.074151e+01	1.097671e+01	1.278649e+01	3.739610e+00	4.158706e+00	1.066961e+01	1.468680e-01	1.650740e-01	1.659780e-01	1.651310e-01
-3.800000e+00	1.966430e-01	2.555020e-01	2.047820e-01	1.191099e+01	1.190937e+01	1.217261e+01	1.417899e+01	4.157045e+00	4.629262e+00	1.183010e+01	1.631760e-01	1.831550e-01	1.840130e-01	1.831980e-01
-3.750000e+00	2.067460e-01	2.632000e-01	2.130820e-01	1.313219e+01	1.313076e+01	1.342557e+01	1.563785e+01	4.606316e+00	5.133030e+00	1.304455e+01	1.806320e-01	2.023500e-01	2.031620e-01	2.023850e-01
-3.700000e+00	2.170020e-01	2.716510e-01	2.216480e-01	1.438241e+01	1.437734e+01	1.470549e+01	1.713537e+01	5.084404e+00	5.666215e+00	1.428195e+01	1.988900e-01	2.223360e-01	2.231070e-01	2.223680e-01
-3.650000e+00	2.275740e-01	2.799940e-01	2.306270e-01	1.566238e+01	1.565785e+01	1.602335e+01	1.867964e+01	5.592499e+00	6.235102e+00	1.555044e+01	2.180280e-01	2.432280e-01	2.439370e-01	2.432600e-01
-3.600000e+00	2.384630e-01	2.886310e-01	2.403950e-01	1.696309e+01	1.695587e+01	1.736715e+01	2.025573e+01	6.130501e+00	6.836087e+00	1.683859e+01	2.373620e-01	2.649160e-01	2.655690e-01	2.649520e-01
-3.550000e+00	2.497050e-01	2.977200e-01	2.508320e-01	1.827296e+01	1.826079e+01	1.872397e+01	2.185016e+01	6.696895e+00	7.469314e+00	1.813429e+01	2.573760e-01	2.872700e-01	2.878750e-01	2.873160e-01
-3.500000e+00	2.612510e-01	3.071420e-01	2.616410e-01	1.957808e+01	1.956383e+01	2.007971e+01	2.344766e+01	7.289576e+00	8.135894e+00	1.942470e+01	2.787370e-01	3.101410e-01	3.106960e-01	3.102030e-01
-3.450000e+00	2.728140e-01	3.164580e-01	2.727460e-01	2.086303e+01	2.085127e+01	2.141859e+01	2.502603e+01	7.907295e+00	8.832878e+00	2.069618e+01	3.006550e-01	3.333530e-01	3.338610e-01	3.334400e-01
-3.400000e+00	2.845080e-01	3.254550e-01	2.839010e-01	2.207908e+01	2.206739e+01	2.270547e+01	2.654327e+01	8.541531e+00	9.546509e+00	2.190939e+01	3.225730e-01	3.563030e-01	3.567670e-01	3.564240e-01
-3.350000e+00	2.959070e-01	3.342860e-01	2.953840e-01	2.324621e+01	2.323350e+01	2.394947e+01	2.801230e+01	9.194924e+00	1.028581e+01	2.306719e+01	3.446540e-01	3.791100e-01	3.795310e-01	3.792760e-01
-3.300000e+00	3.071680e-01	3.431520e-01	3.068890e-01	2.435143e+01	2.433552e+01	2.513598e+01	2.941874e+01	9.864105e+00	1.104311e+01	2.416031e+01	3.667010e-01	4.015720e-01	4.019490e-01	4.017930e-01
-3.250000e+00	3.182340e-01	3.517520e-01	3.182940e-01	2.537881e+01	2.535863e+01	2.624899e+01	3.074498e+01	1.054562e+01	1.181501e+01	2.517584e+01	3.884940e-01	4.234650e-01	4.237970e-01	4.237550e-01
-3.200000e+00	3.289550e-01	3.597680e-01	3.296950e-01	2.631346e+01	2.629017e+01	2.727646e+01	3.197434e+01	1.123569e+01	1.259875e+01	2.610078e+01	4.098110e-01	4.445480e-01	4.448370e-01	4.449210e-01
-3.150000e+00	3.392360e-01	3.674190e-01	3.414440e-01	2.714650e+01	2.712313e+01	2.821705e+01	3.309641e+01	1.192975e+01	1.338655e+01	2.692666e+01	4.304510e-01	4.645540e-01	4.648150e-01	4.650260e-01
-3.100000e+00	3.488320e-01	3.747890e-01	3.526260e-01	2.783957e+01	2.781795e+01	2.902810e+01	3.406228e+01	1.261127e+01	1.415985e+01	2.760532e+01	4.495340e-01	4.827430e-01	4.829440e-01	4.833170e-01
-3.050000e+00	3.579440e-01	3.816570e-01	3.634890e-01	2.841910e+01	2.839669e+01	2.973574e+01	3.490251e+01	1.328608e+01	1.492245e+01	2.817543e+01	4.676790e-01	4.993380e-01	4.994870e-01	5.000390e-01
-3.000000e+00	3.664430e-01	3.879520e-01	3.743320e-01	2.888320e+01	2.886065e+01	3.033739e+01	3.561319e+01	1.394626e+01	1.566865e+01	2.863492e+01	4.844890e-01	5.141580e-01	5.142610e-01	5.150240e-01
-2.950000e+00	3.741610e-01	3.935150e-01	3.851580e-01	2.922982e+01	2.920945e+01	3.083323e+01	3.619229e+01	1.458773e+01	1.639274e+01	2.897904e+01	4.997090e-01	5.270210e-01	5.270790e-01	5.280700e-01
-2.900000e+00	3.810120e-01	3.981300e-01	3.958810e-01	2.945917e+01	2.944247e+01	3.122555e+01	3.663973e+01	1.520679e+01	1.708836e+01	2.920459e+01	5.131800e-01	5.377580e-01	5.377740e-01	5.389950e-01
-2.850000e+00	3.871260e-01	4.015400e-01	4.065810e-01	2.957616e+01	2.956049e+01	3.151800e+01	3.695748e+01	1.579575e+01	1.774780e+01	2.931459e+01	5.247680e-01	5.462440e-01	5.462340e-01	5.477140e-01
-2.800000e+00	3.918590e-01	4.032730e-01	4.166460e-01	2.955863e+01	2.954136e+01	3.168993e+01	3.711248e+01	1.633109e+01	1.834850e+01	2.928796e+01	5.337340e-01	5.517350e-01	5.516800e-01	5.534760e-01
-2.750000e+00	3.956780e-01	4.045310e-01	4.270530e-01	2.944478e+01	2.941946e+01	3.177596e+01	3.714375e+01	1.682696e+01	1.889847e+01	2.916531e+01	5.405490e-01	5.547740e-01	5.546730e-01	5.568200e-01
-2.700000e+00	3.985660e-01	4.049380e-01	4.379070e-01	2.923081e+01	2.920145e+01	3.178102e+01	3.705808e+01	1.727345e+01	1.938615e+01	2.894662e+01	5.450470e-01	5.553000e-01	5.551530e-01	5.576900e-01
-2.650000e+00	4.004330e-01	4.043890e-01	4.488260e-01	2.892355e+01	2.889113e+01	3.171006e+01	3.685735e+01	1.766266e+01	1.980665e+01	2.863894e+01	5.472170e-01	5.533030e-01	5.531110e-01	5.560800e-01
-2.600000e+00	4.012180e-01	4.028640e-01	4.596090e-01	2.853265e+01	2.849333e+01	3.156820e+01	3.654340e+01	1.798905e+01	2.015766e+01	2.825035e+01	5.471320e-01	5.488110e-01	5.485740e-01	5.520190e-01
-2.550000e+00	4.009750e-01	4.002450e-01	4.710320e-01	2.806309e+01	2.801751e+01	3.136092e+01	3.612275e+01	1.824963e+01	2.043486e+01	2.778421e+01	5.448820e-01	5.418690e-01	5.415870e-01	5.455530e-01
-2.500000e+00	3.995710e-01	3.961050e-01	4.828070e-01	2.750076e+01	2.745347e+01	3.107523e+01	3.557324e+01	1.842025e+01	2.060631e+01	2.721915e+01	5.399120e-01	5.319820e-01	5.316550e-01	5.362090e-01
-2.450000e+00	3.970110e-01	3.910590e-01	4.958130e-01	2.687078e+01	2.682310e+01	3.073680e+01	3.491494e+01	1.851305e+01	2.069070e+01	2.659151e+01	5.326010e-01	5.198940e-01	5.195190e-01	5.247190e-01
-2.400000e+00	3.940960e-01	3.853970e-01	5.102770e-01	2.618397e+01	2.613598e+01	3.034170e+01	3.415319e+01	1.852678e+01	2.068036e+01	2.590926e+01	5.232850e-01	5.057550e-01	5.053350e-01	5.112330e-01
-2.350000e+00	3.905150e-01	3.792250e-01	5.261690e-01	2.544482e+01	2.539780e+01	2.989432e+01	3.329061e+01	1.846231e+01	2.057383e+01	2.517554e+01	5.120510e-01	4.897530e-01	4.892880e-01	4.959390e-01
-2.300000e+00	3.858560e-01	3.724230e-01	5.436590e-01	2.465703e+01	2.461272e+01	2.940020e+01	3.232877e+01	1.831968e+01	2.037336e+01	2.439362e+01	4.990510e-01	4.720900e-01	4.715810e-01	4.790380e-01
-2.250000e+00	3.805960e-01	3.646220e-01	5.636910e-01	2.382818e+01	2.378544e+01	2.885931e+01	3.126982e+01	1.809522e+01	2.008212e+01	2.357113e+01	4.847820e-01	4.529710e-01	4.524190e-01	4.607410e-01
-2.200000e+00	3.746570e-01	3.561960e-01	5.864710e-01	2.295151e+01	2.290026e+01	2.825274e+01	3.008087e+01	1.776762e+01	1.967302e+01	2.270430e+01	4.684930e-01	4.321050e-01	4.315140e-01	4.408140e-01
-2.150000e+00	3.686070e-01	3.477380e-01	6.119800e-01	2.204774e+01	2.199075e+01	2.757359e+01	2.879846e+01	1.736838e+01	1.917731e+01	2.181108e+01	4.513290e-01	4.103400e-01	4.097220e-01	4.200260e-01
-2.100000e+00	3.621660e-01	3.389540e-01	6.403030e-01	2.112246e+01	2.106405e+01	2.681769e+01	2.742786e+01	1.689801e+01	1.859708e+01	2.089659e+01	4.333960e-01	3.878790e-01	3.872260e-01	3.985940e-01
-2.050000e+00	3.553420e-01	3.297070e-01	6.719840e-01	2.018227e+01	2.012381e+01	2.596763e+01	2.598723e+01	1.636437e+01	1.793999e+01	1.996756e+01	4.146600e-01	3.649640e-01	3.642590e-01	3.767480e-01
-2.000000e+00	3.482280e-01	3.202620e-01	7.074740e-01	1.923436e+01	1.917349e+01	2.500250e+01	2.450357e+01	1.577706e+01	1.721783e+01	1.903011e+01	3.952530e-01	3.418250e-01	3.410570e-01	3.547100e-01
-1.950000e+00	3.408180e-01	3.114800e-01	7.463900e-01	1.828605e+01	1.821886e+01	2.390686e+01	2.300878e+01	1.514250e+01	1.644497e+01	1.808812e+01	3.756980e-01	3.186450e-01	3.178340e-01	3.326700e-01
-1.900000e+00	3.336320e-01	3.018360e-01	7.889230e-01	1.732672e+01	1.725430e+01	2.261094e+01	2.151397e+01	1.444875e+01	1.560625e+01	1.713290e+01	3.557830e-01	2.952590e-01	2.944120e-01	3.107760e-01
-1.850000e+00	3.265460e-01	2.925070e-01	8.348290e-01	1.637131e+01	1.629824e+01	2.123677e+01	2.003741e+01	1.372397e+01	1.474577e+01	1.618604e+01	3.354780e-01	2.722820e-01	2.714130e-01	2.891200e-01
-1.800000e+00	3.199160e-01	2.832600e-01	8.852570e-01	1.542664e+01	1.535077e+01	1.990050e+01	1.856863e+01	1.297647e+01	1.387323e+01	1.525004e+01	3.156030e-01	2.498760e-01	2.489580e-01	2.678150e-01
-1.750000e+00	3.135780e-01	2.742170e-01	9.397320e-01	1.449631e+01	1.441712e+01	1.862881e+01	1.711123e+01	1.221501e+01	1.299405e+01	1.433037e+01	2.962170e-01	2.281750e-01	2.272010e-01	2.471890e-01
-1.700000e+00	3.072490e-01	2.655150e-01	9.973390e-01	1.358321e+01	1.350260e+01	1.739979e+01	1.567411e+01	1.144614e+01	1.211218e+01	1.343138e+01	2.771260e-01	2.072810e-01	2.062640e-01	2.274780e-01
-1.650000e+00	3.008840e-01	2.570100e-01	1.058428e+00	1.269126e+01	1.260909e+01	1.617451e+01	1.426533e+01	1.067236e+01	1.123221e+01	1.255345e+01	2.582500e-01	1.872630e-01	1.862090e-01	2.086330e-01
-1.600000e+00	2.955530e-01	2.484820e-01	1.121974e+00	1.181027e+01	1.173306e+01	1.492188e+01	1.287674e+01	9.887950e+00	1.034862e+01	1.168687e+01	2.399460e-01	1.680270e-01	1.669340e-01	1.905990e-01
-1.550000e+00	2.898820e-01	2.405810e-01	1.188290e+00	1.095589e+01	1.088516e+01	1.367371e+01	1.153851e+01	9.116564e+00	9.478123e+00	1.084774e+01	2.221890e-01	1.499120e-01	1.487840e-01	1.736070e-01
-1.500000e+00	2.842650e-01	2.333280e-01	1.256545e+00	1.012862e+01	1.006724e+01	1.243996e+01	1.025959e+01	8.362490e+00	8.630544e+00	1.003954e+01	2.050930e-01	1.329350e-01	1.317950e-01	1.576710e-01
-1.450000e+00	2.789870e-01	2.262950e-01	1.325438e+00	9.331765e+00	9.281152e+00	1.122988e+01	9.047415e+00	7.629861e+00	7.812089e+00	9.262260e+00	1.885190e-01	1.171750e-01	1.160220e-01	1.428170e-01
-1.400000e+00	2.742180e-01	2.193220e-01	1.394145e+00	8.568227e+00	8.527690e+00	1.005373e+01	7.909131e+00	6.922699e+00	7.027709e+00	8.515389e+00	1.725830e-01	1.026770e-01	1.014940e-01	1.290500e-01
-1.350000e+00	2.700080e-01	2.131270e-01	1.463561e+00	7.838584e+00	7.806129e+00	8.923432e+00	6.851976e+00	6.244890e+00	6.282511e+00	7.799798e+00	1.579270e-01	8.941000e-02	8.820200e-02	1.163400e-01
-1.300000e+00	2.661880e-01	2.071200e-01	1.530795e+00	7.132733e+00	7.112578e+00	7.825550e+00	5.864326e+00	5.589647e+00	5.570603e+00	7.112474e+00	1.431310e-01	7.722200e-02	7.599000e-02	1.045850e-01
-1.250000e+00	2.623380e-01	2.013130e-01	1.595499e+00	6.457643e+00	6.453192e+00	6.792368e+00	4.965464e+00	4.970593e+00	4.903034e+00	6.458752e+00	1.298830e-01	6.625200e-02	6.499500e-02	9.382400e-02
-1.200000e+00	2.589570e-01	1.960110e-01	1.656491e+00	5.813986e+00	5.829285e+00	5.827536e+00	4.160498e+00	4.390595e+00	4.284182e+00	5.837102e+00	1.171370e-01	5.645900e-02	5.518200e-02	8.399300e-02
-1.150000e+00	2.558120e-01	1.911650e-01	1.711609e+00	5.206361e+00	5.242417e+00	4.937645e+00	3.447800e+00	3.850212e+00	3.714241e+00	5.249796e+00	1.051730e-01	4.778900e-02	4.649600e-02	7.502000e-02
-1.100000e+00	2.524930e-01	1.865160e-01	1.759189e+00	4.637108e+00	4.691973e+00	4.128127e+00	2.823393e+00	3.349864e+00	3.192727e+00	4.698530e+00	9.430400e-02	4.017500e-02	3.887400e-02	6.683200e-02
-1.050000e+00	2.489290e-01	1.817170e-01	1.799837e+00	4.103337e+00	4.174209e+00	3.401411e+00	2.282950e+00	2.890812e+00	2.720093e+00	4.182084e+00	8.417200e-02	3.354300e-02	3.223800e-02	5.936900e-02
-1.000000e+00	2.462550e-01	1.772840e-01	1.827336e+00	3.596751e+00	3.682550e+00	2.750068e+00	1.818212e+00	2.466381e+00	2.291814e+00	3.693044e+00	7.439100e-02	2.778300e-02	2.647500e-02	5.251400e-02
-9.500000e-01	2.433010e-01	1.732010e-01	1.841105e+00	3.127253e+00	3.225691e+00	2.187846e+00	1.429983e+00	2.084312e+00	1.911096e+00	3.237401e+00	6.558100e-02	2.288000e-02	2.157200e-02	4.625100e-02
-9.000000e-01	2.405550e-01	1.691710e-01	1.839893e+00	2.694230e+00	2.802919e+00	1.710624e+00	1.109570e+00	1.742666e+00	1.575920e+00	2.814563e+00	5.755700e-02	1.874800e-02	1.744400e-02	4.051600e-02
-8.500000e-01	2.376180e-01	1.650630e-01	1.822350e+00	2.297651e+00	2.413959e+00	1.314281e+00	8.486620e-01	1.443989e+00	1.284511e+00	2.425190e+00	5.029300e-02	1.529700e-02	1.400800e-02	3.525000e-02
-8.000000e-01	2.340410e-01	1.608610e-01	1.787275e+00	1.937825e+00	2.058328e+00	9.922270e-01	6.396400e-01	1.186346e+00	1.034410e+00	2.069506e+00	4.365500e-02	1.244500e-02	1.117700e-02	3.041300e-02
-7.500000e-01	2.300950e-01	1.566160e-01	1.733882e+00	1.615100e+00	1.735102e+00	7.355020e-01	4.754410e-01	9.616000e-01	8.222850e-01	1.746626e+00	3.731400e-02	1.011900e-02	8.860000e-03	2.598900e-02
-7.000000e-01	2.254950e-01	1.521220e-01	1.656318e+00	1.322057e+00	1.439004e+00	5.322800e-01	3.464540e-01	7.663260e-01	6.413320e-01	1.451604e+00	3.220500e-02	8.211000e-03	6.993000e-03	2.188000e-02
-6.500000e-01	2.207080e-01	1.477380e-01	1.559854e+00	1.065235e+00	1.176162e+00	3.777370e-01	2.484160e-01	6.025070e-01	4.918950e-01	1.187292e+00	2.738500e-02	6.676000e-03	5.511000e-03	1.826200e-02
-6.000000e-01	2.155740e-01	1.432210e-01	1.445367e+00	8.423340e-01	9.445840e-01	2.622550e-01	1.749800e-01	4.675690e-01	3.703300e-01	9.541780e-01	2.301000e-02	5.447000e-03	4.343000e-03	1.480800e-02
-5.500000e-01	2.099180e-01	1.383710e-01	1.315139e+00	6.521240e-01	7.432480e-01	1.781570e-01	1.211060e-01	3.587570e-01	2.734110e-01	7.511580e-01	1.924800e-02	4.456000e-03	3.425000e-03	1.173500e-02
-5.000000e-01	2.036400e-01	1.331250e-01	1.172486e+00	4.932590e-01	5.715350e-01	1.185350e-01	8.252100e-02	2.726670e-01	1.976530e-01	5.774220e-01	1.605400e-02	3.658000e-03	2.709000e-03	9.134000e-03
-4.500000e-01	1.967830e-01	1.276380e-01	1.021454e+00	3.637540e-01	4.286400e-01	7.725300e-02	5.556400e-02	2.054780e-01	1.394280e-01	4.326160e-01	1.315300e-02	3.036000e-03	2.165000e-03	6.828000e-03
-4.000000e-01	1.892040e-01	1.219460e-01	8.583250e-01	2.588920e-01	3.090390e-01	4.902700e-02	3.691500e-02	1.551960e-01	9.541500e-02	3.117490e-01	1.065100e-02	2.561000e-03	1.737000e-03	4.907000e-03
-3.500000e-01	1.811940e-01	1.162420e-01	6.979140e-01	1.781570e-01	2.142510e-01	3.063900e-02	2.428100e-02	1.191620e-01	6.338300e-02	2.160620e-01	8.527000e-03	2.148000e-03	1.420000e-03	3.401000e-03
-3.000000e-01	1.728810e-01	1.104130e-01	5.448900e-01	1.181070e-01	1.418290e-01	1.898200e-02	1.597900e-02	9.460300e-02	4.089700e-02	1.430760e-01	6.742000e-03	1.776000e-03	1.153000e-03	2.215000e-03
-2.500000e-01	1.644620e-01	1.044800e-01	4.086450e-01	7.574200e-02	8.958400e-02	1.187700e-02	1.054800e-02	7.841400e-02	2.565400e-02	9.043100e-02	5.131000e-03	1.425000e-03	9.090000e-04	1.392000e-03
-2.000000e-01	1.557070e-01	9.835200e-02	2.880500e-01	4.642700e-02	5.264600e-02	7.847000e-03	6.904000e-03	7.026500e-02	1.548500e-02	5.307200e-02	3.746000e-03	1.006000e-03	6.320000e-04	7.880000e-04
-1.500000e-01	1.470190e-01	9.212600e-02	1.924910e-01	2.777700e-02	2.880400e-02	5.532000e-03	4.434000e-03	6.676400e-02	9.088000e-03	2.903900e-02	3.963000e-03	6.620000e-04	4.100000e-04	4.070000e-04
-1.000000e-01	1.381860e-01	8.577200e-02	1.233590e-01	1.641600e-02	1.499400e-02	4.097000e-03	2.611000e-03	5.016700e-02	4.924000e-03	1.520300e-02	5.062200e-02	1.860000e-04	1.170000e-04	1.030000e-04
-5.000000e-02	1.290930e-01	7.911900e-02	8.082700e-02	1.007300e-02	8.052000e-03	3.035000e-03	1.216000e-03	6.802000e-03	2.404000e-03	8.127000e-03	2.773696e+00	0.000000e+00	0.000000e+00	0.000000e+00
0.000000e+00	1.237530e-01	7.484900e-02	6.398100e-02	7.582000e-03	5.531000e-03	2.514000e-03	6.740000e-04	1.848000e-03	1.434000e-03	5.579000e-03	6.952725e+01	0.000000e+00	0.000000e+00	0.000000e+00
