-8.900000e+00	0.000000e+00	0.000000e+00	0.000000e+00	0.000000e+00	0.000000e+00	2.000000e-06	7.100000e-05	7.700000e-05	9.000000e-06	0.000000e+00	2.000000e-06	1.000000e-06	1.000000e-06	1.000000e-06
-8.850000e+00	0.000000e+00	0.000000e+00	0.000000e+00	0.000000e+00	0.000000e+00	2.000000e-06	8.600000e-05	8.600000e-05	1.300000e-05	0.000000e+00	3.000000e-06	2.000000e-06	2.000000e-06	2.000000e-06
-8.800000e+00	1.000000e-06	1.000000e-06	1.000000e-06	1.000000e-06	1.000000e-06	3.000000e-06	1.060000e-04	1.040000e-04	1.700000e-05	0.000000e+00	4.000000e-06	2.000000e-06	2.000000e-06	2.000000e-06
-8.750000e+00	2.000000e-06	1.000000e-06	1.000000e-06	1.000000e-06	1.000000e-06	4.000000e-06	1.420000e-04	1.170000e-04	2.300000e-05	0.000000e+00	5.000000e-06	3.000000e-06	3.000000e-06	3.000000e-06
-8.700000e+00	2.000000e-06	2.000000e-06	2.000000e-06	2.000000e-06	2.000000e-06	6.000000e-06	1.800000e-04	1.310000e-04	3.200000e-05	0.000000e+00	7.000000e-06	4.000000e-06	4.000000e-06	4.000000e-06
-8.650000e+00	3.000000e-06	2.000000e-06	2.000000e-06	2.000000e-06	2.000000e-06	8.000000e-06	2.230000e-04	1.540000e-04	4.300000e-05	0.000000e+00	8.000000e-06	5.000000e-06	5.000000e-06	5.000000e-06
-8.600000e+00	3.000000e-06	3.000000e-06	3.000000e-06	3.000000e-06	3.000000e-06	1.000000e-05	2.870000e-04	1.910000e-04	5.600000e-05	0.000000e+00	1.000000e-05	6.000000e-06	6.000000e-06	6.000000e-06
-8.550000e+00	4.000000e-06	4.000000e-06	4.000000e-06	4.000000e-06	4.000000e-06	1.300000e-05	3.610000e-04	2.230000e-04	7.500000e-05	0.000000e+00	1.300000e-05	8.000000e-06	8.000000e-06	8.000000e-06
-8.500000e+00	5.000000e-06	5.000000e-06	5.000000e-06	5.000000e-06	5.000000e-06	1.700000e-05	4.320000e-04	2.650000e-04	9.400000e-05	0.000000e+00	1.600000e-05	1.000000e-05	1.000000e-05	1.000000e-05
-8.450000e+00	6.000000e-06	6.000000e-06	6.000000e-06	6.000000e-06	6.000000e-06	2.200000e-05	5.140000e-04	3.110000e-04	1.190000e-04	0.000000e+00	1.900000e-05	1.200000e-05	1.200000e-05	1.200000e-05
-8.400000e+00	7.000000e-06	7.000000e-06	7.000000e-06	8.000000e-06	7.000000e-06	2.800000e-05	6.040000e-04	3.540000e-04	1.460000e-04	0.000000e+00	2.300000e-05	1.500000e-05	1.500000e-05	1.500000e-05
-8.350000e+00	9.000000e-06	9.000000e-06	9.000000e-06	9.000000e-06	9.000000e-06	3.500000e-05	7.050000e-04	4.040000e-04	1.790000e-04	0.000000e+00	2.800000e-05	1.800000e-05	1.800000e-05	1.800000e-05
-8.300000e+00	1.100000e-05	1.100000e-05	1.100000e-05	1.100000e-05	1.100000e-05	4.300000e-05	8.230000e-04	4.730000e-04	2.220000e-04	0.000000e+00	3.300000e-05	2.200000e-05	2.200000e-05	2.200000e-05
-8.250000e+00	1.300000e-05	1.300000e-05	1.300000e-05	1.300000e-05	1.300000e-05	5.100000e-05	9.560000e-04	5.280000e-04	2.620000e-04	0.000000e+00	3.900000e-05	2.600000e-05	2.600000e-05	2.600000e-05
-8.200000e+00	1.500000e-05	1.500000e-05	1.600000e-05	1.500000e-05	1.500000e-05	6.000000e-05	1.088000e-03	6.180000e-04	3.040000e-04	0.000000e+00	4.600000e-05	3.000000e-05	3.000000e-05	3.000000e-05
-8.150000e+00	1.800000e-05	1.800000e-05	1.900000e-05	1.800000e-05	1.700000e-05	7.000000e-05	1.230000e-03	7.040000e-04	3.530000e-04	0.000000e+00	5.200000e-05	3.500000e-05	3.500000e-05	3.500000e-05
-8.100000e+00	2.100000e-05	2.100000e-05	2.200000e-05	2.100000e-05	2.000000e-05	8.100000e-05	1.405000e-03	8.000000e-04	4.030000e-04	0.000000e+00	6.000000e-05	4.100000e-05	4.100000e-05	4.100000e-05
-8.050000e+00	2.400000e-05	2.400000e-05	2.500000e-05	2.400000e-05	2.300000e-05	9.100000e-05	1.614000e-03	9.100000e-04	4.540000e-04	0.000000e+00	6.900000e-05	4.700000e-05	4.700000e-05	4.700000e-05
-8.000000e+00	2.700000e-05	2.800000e-05	2.800000e-05	2.700000e-05	2.600000e-05	1.020000e-04	1.836000e-03	1.032000e-03	5.050000e-04	0.000000e+00	7.800000e-05	5.300000e-05	5.300000e-05	5.300000e-05
-7.950000e+00	3.100000e-05	3.100000e-05	3.200000e-05	3.000000e-05	3.000000e-05	1.140000e-04	2.038000e-03	1.152000e-03	5.670000e-04	0.000000e+00	8.800000e-05	6.000000e-05	6.000000e-05	6.000000e-05
-7.900000e+00	3.400000e-05	3.400000e-05	3.700000e-05	3.300000e-05	3.300000e-05	1.240000e-04	2.300000e-03	1.281000e-03	6.230000e-04	0.000000e+00	9.900000e-05	6.800000e-05	6.800000e-05	6.800000e-05
-7.850000e+00	3.800000e-05	3.800000e-05	4.000000e-05	3.700000e-05	3.700000e-05	1.360000e-04	2.601000e-03	1.436000e-03	7.000000e-04	0.000000e+00	1.100000e-04	7.500000e-05	7.500000e-05	7.600000e-05
-7.800000e+00	4.200000e-05	4.200000e-05	4.400000e-05	4.100000e-05	4.100000e-05	1.470000e-04	2.903000e-03	1.608000e-03	7.790000e-04	0.000000e+00	1.220000e-04	8.400000e-05	8.400000e-05	8.500000e-05
-7.750000e+00	4.600000e-05	4.600000e-05	5.100000e-05	4.600000e-05	4.500000e-05	1.580000e-04	3.218000e-03	1.787000e-03	8.530000e-04	0.000000e+00	1.340000e-04	9.200000e-05	9.200000e-05	9.500000e-05
-7.700000e+00	5.100000e-05	5.100000e-05	5.900000e-05	5.000000e-05	4.900000e-05	1.690000e-04	3.581000e-03	1.971000e-03	9.250000e-04	0.000000e+00	1.470000e-04	1.010000e-04	1.010000e-04	1.070000e-04
-7.650000e+00	5.500000e-05	5.500000e-05	6.900000e-05	5.500000e-05	5.400000e-05	1.810000e-04	3.985000e-03	2.171000e-03	1.000000e-03	0.000000e+00	1.610000e-04	1.100000e-04	1.100000e-04	1.220000e-04
-7.600000e+00	5.900000e-05	5.900000e-05	8.500000e-05	5.800000e-05	5.800000e-05	1.930000e-04	4.434000e-03	2.423000e-03	1.079000e-03	0.000000e+00	1.740000e-04	1.190000e-04	1.190000e-04	1.430000e-04
-7.550000e+00	6.300000e-05	6.300000e-05	1.120000e-04	6.300000e-05	6.200000e-05	2.030000e-04	4.869000e-03	2.706000e-03	1.157000e-03	0.000000e+00	1.880000e-04	1.270000e-04	1.270000e-04	1.690000e-04
-7.500000e+00	6.700000e-05	6.700000e-05	1.470000e-04	6.700000e-05	6.600000e-05	2.120000e-04	5.278000e-03	2.998000e-03	1.246000e-03	0.000000e+00	2.010000e-04	1.360000e-04	1.360000e-04	2.020000e-04
-7.450000e+00	7.200000e-05	7.100000e-05	1.980000e-04	7.000000e-05	7.000000e-05	2.210000e-04	5.642000e-03	3.321000e-03	1.341000e-03	0.000000e+00	2.140000e-04	1.440000e-04	1.440000e-04	2.440000e-04
-7.400000e+00	7.600000e-05	7.600000e-05	2.920000e-04	7.300000e-05	7.300000e-05	2.300000e-04	5.955000e-03	3.700000e-03	1.430000e-03	0.000000e+00	2.260000e-04	1.510000e-04	1.510000e-04	2.960000e-04
-7.350000e+00	7.900000e-05	8.200000e-05	4.680000e-04	7.700000e-05	7.600000e-05	2.380000e-04	6.252000e-03	4.111000e-03	1.505000e-03	2.000000e-06	2.380000e-04	1.590000e-04	1.590000e-04	3.610000e-04
-7.300000e+00	8.200000e-05	8.600000e-05	8.060000e-04	8.000000e-05	7.900000e-05	2.460000e-04	6.531000e-03	4.525000e-03	1.585000e-03	0.000000e+00	2.480000e-04	1.660000e-04	1.660000e-04	4.380000e-04
-7.250000e+00	8.400000e-05	8.900000e-05	1.552000e-03	8.400000e-05	8.200000e-05	2.530000e-04	6.807000e-03	5.018000e-03	1.696000e-03	0.000000e+00	2.560000e-04	1.720000e-04	1.720000e-04	5.290000e-04
-7.200000e+00	8.700000e-05	9.100000e-05	3.285000e-03	8.700000e-05	8.600000e-05	2.580000e-04	7.049000e-03	5.528000e-03	1.798000e-03	0.000000e+00	2.630000e-04	1.770000e-04	1.770000e-04	6.230000e-04
-7.150000e+00	8.900000e-05	9.200000e-05	7.427000e-03	9.000000e-05	8.900000e-05	2.630000e-04	7.239000e-03	6.043000e-03	1.895000e-03	0.000000e+00	2.690000e-04	1.820000e-04	1.820000e-04	7.100000e-04
-7.100000e+00	9.400000e-05	9.500000e-05	1.568500e-02	9.300000e-05	9.100000e-05	2.670000e-04	7.365000e-03	6.530000e-03	2.008000e-03	0.000000e+00	2.740000e-04	1.860000e-04	1.860000e-04	7.830000e-04
-7.050000e+00	9.900000e-05	9.900000e-05	2.217800e-02	9.400000e-05	9.200000e-05	2.700000e-04	7.426000e-03	6.804000e-03	2.144000e-03	2.000000e-06	2.770000e-04	1.900000e-04	1.900000e-04	8.480000e-04
-7.000000e+00	9.800000e-05	9.900000e-05	2.595500e-02	9.500000e-05	9.200000e-05	2.750000e-04	7.455000e-03	6.981000e-03	2.292000e-03	4.000000e-06	2.800000e-04	1.930000e-04	1.930000e-04	9.070000e-04
-6.950000e+00	9.900000e-05	9.900000e-05	2.925500e-02	9.800000e-05	9.400000e-05	2.800000e-04	7.528000e-03	7.133000e-03	2.437000e-03	6.000000e-06	2.830000e-04	1.970000e-04	1.970000e-04	9.660000e-04
-6.900000e+00	1.010000e-04	1.000000e-04	3.225300e-02	1.030000e-04	9.700000e-05	2.820000e-04	7.570000e-03	7.283000e-03	2.599000e-03	7.000000e-06	2.850000e-04	2.000000e-04	2.000000e-04	1.024000e-03
-6.850000e+00	1.040000e-04	1.000000e-04	3.504900e-02	1.080000e-04	1.000000e-04	2.840000e-04	7.607000e-03	7.406000e-03	2.782000e-03	9.000000e-06	2.870000e-04	2.030000e-04	2.030000e-04	1.080000e-03
-6.800000e+00	1.070000e-04	1.030000e-04	3.770900e-02	1.130000e-04	1.040000e-04	2.880000e-04	7.672000e-03	7.467000e-03	2.976000e-03	1.100000e-05	2.880000e-04	2.060000e-04	2.060000e-04	1.136000e-03
-6.750000e+00	1.110000e-04	1.080000e-04	4.039100e-02	1.180000e-04	1.110000e-04	2.980000e-04	7.703000e-03	7.474000e-03	3.155000e-03	2.100000e-05	2.890000e-04	2.100000e-04	2.100000e-04	1.191000e-03
-6.700000e+00	1.150000e-04	1.120000e-04	4.299200e-02	1.260000e-04	1.210000e-04	3.100000e-04	7.741000e-03	7.580000e-03	3.376000e-03	2.500000e-05	2.930000e-04	2.130000e-04	2.140000e-04	1.247000e-03
-6.650000e+00	1.230000e-04	1.230000e-04	4.543800e-02	1.370000e-04	1.300000e-04	3.230000e-04	7.753000e-03	7.657000e-03	3.599000e-03	3.400000e-05	2.970000e-04	2.170000e-04	2.170000e-04	1.302000e-03
-6.600000e+00	1.430000e-04	1.490000e-04	4.791400e-02	1.510000e-04	1.400000e-04	3.390000e-04	7.814000e-03	7.723000e-03	3.788000e-03	4.800000e-05	3.010000e-04	2.210000e-04	2.210000e-04	1.357000e-03
-6.550000e+00	1.880000e-04	2.040000e-04	5.048000e-02	1.680000e-04	1.530000e-04	3.610000e-04	7.922000e-03	7.805000e-03	3.977000e-03	6.500000e-05	3.040000e-04	2.260000e-04	2.260000e-04	1.411000e-03
-6.500000e+00	2.920000e-04	3.170000e-04	5.303500e-02	1.880000e-04	1.720000e-04	3.950000e-04	8.045000e-03	7.918000e-03	4.202000e-03	8.300000e-05	3.080000e-04	2.330000e-04	2.340000e-04	1.465000e-03
-6.450000e+00	5.490000e-04	6.050000e-04	5.527800e-02	2.140000e-04	2.000000e-04	4.450000e-04	8.170000e-03	8.039000e-03	4.400000e-03	1.140000e-04	3.150000e-04	2.420000e-04	2.450000e-04	1.521000e-03
-6.400000e+00	1.231000e-03	1.378000e-03	5.756000e-02	2.660000e-04	2.430000e-04	5.080000e-04	8.370000e-03	8.185000e-03	4.639000e-03	1.560000e-04	3.250000e-04	2.630000e-04	2.690000e-04	1.576000e-03
-6.350000e+00	2.607000e-03	2.893000e-03	6.022900e-02	3.330000e-04	3.050000e-04	6.010000e-04	8.591000e-03	8.342000e-03	4.890000e-03	2.130000e-04	3.320000e-04	2.990000e-04	3.090000e-04	1.633000e-03
-6.300000e+00	4.655000e-03	5.037000e-03	6.277000e-02	4.060000e-04	3.850000e-04	7.210000e-04	8.842000e-03	8.507000e-03	5.151000e-03	2.780000e-04	3.410000e-04	3.460000e-04	3.600000e-04	1.690000e-03
-6.250000e+00	7.020000e-03	7.395000e-03	6.516200e-02	4.990000e-04	4.920000e-04	8.760000e-04	9.115000e-03	8.698000e-03	5.457000e-03	3.640000e-04	3.550000e-04	4.020000e-04	4.190000e-04	1.748000e-03
-6.200000e+00	9.468000e-03	9.815000e-03	6.760300e-02	6.420000e-04	6.350000e-04	1.080000e-03	9.430000e-03	8.949000e-03	5.830000e-03	4.980000e-04	3.740000e-04	4.630000e-04	4.820000e-04	1.806000e-03
-6.150000e+00	1.200700e-02	1.246000e-02	7.015300e-02	8.200000e-04	8.110000e-04	1.320000e-03	9.888000e-03	9.309000e-03	6.210000e-03	6.660000e-04	3.930000e-04	5.260000e-04	5.480000e-04	1.865000e-03
-6.100000e+00	1.444700e-02	1.501600e-02	7.270800e-02	1.040000e-03	1.031000e-03	1.636000e-03	1.048200e-02	9.612000e-03	6.668000e-03	9.060000e-04	4.110000e-04	5.930000e-04	6.160000e-04	1.927000e-03
-6.050000e+00	1.686900e-02	1.753400e-02	7.526800e-02	1.335000e-03	1.330000e-03	2.045000e-03	1.119000e-02	9.965000e-03	7.200000e-03	1.194000e-03	4.300000e-04	6.610000e-04	6.870000e-04	1.991000e-03
-6.000000e+00	1.942100e-02	2.006100e-02	7.781500e-02	1.729000e-03	1.729000e-03	2.578000e-03	1.198600e-02	1.048200e-02	7.845000e-03	1.576000e-03	4.570000e-04	7.330000e-04	7.610000e-04	2.058000e-03
-5.950000e+00	2.203600e-02	2.260100e-02	8.032700e-02	2.249000e-03	2.243000e-03	3.270000e-03	1.296700e-02	1.116400e-02	8.611000e-03	2.092000e-03	4.910000e-04	8.090000e-04	8.400000e-04	2.128000e-03
-5.900000e+00	2.450200e-02	2.514800e-02	8.279300e-02	2.919000e-03	2.900000e-03	4.157000e-03	1.424700e-02	1.195900e-02	9.487000e-03	2.762000e-03	5.300000e-04	8.900000e-04	9.250000e-04	2.200000e-03
-5.850000e+00	2.670200e-02	2.778500e-02	8.522800e-02	3.764000e-03	3.783000e-03	5.271000e-03	1.578700e-02	1.283200e-02	1.046700e-02	3.590000e-03	5.690000e-04	9.740000e-04	1.015000e-03	2.280000e-03
-5.800000e+00	2.912400e-02	3.017600e-02	8.760700e-02	4.998000e-03	4.901000e-03	6.624000e-03	1.778200e-02	1.406500e-02	1.175300e-02	4.677000e-03	6.080000e-04	1.065000e-03	1.113000e-03	2.362000e-03
-5.750000e+00	3.167500e-02	3.263000e-02	8.988800e-02	6.520000e-03	6.388000e-03	8.419000e-03	2.016100e-02	1.545400e-02	1.332600e-02	6.148000e-03	6.610000e-04	1.166000e-03	1.222000e-03	2.454000e-03
-5.700000e+00	3.423400e-02	3.527700e-02	9.233400e-02	8.473000e-03	8.334000e-03	1.072500e-02	2.325700e-02	1.708000e-02	1.523700e-02	8.062000e-03	7.280000e-04	1.278000e-03	1.343000e-03	2.557000e-03
-5.650000e+00	3.681800e-02	3.801600e-02	9.492000e-02	1.098900e-02	1.084800e-02	1.361300e-02	2.722700e-02	1.909800e-02	1.758500e-02	1.054700e-02	8.070000e-04	1.403000e-03	1.478000e-03	2.672000e-03
-5.600000e+00	3.943900e-02	4.073100e-02	9.744300e-02	1.418600e-02	1.406900e-02	1.720300e-02	3.213500e-02	2.167100e-02	2.046600e-02	1.379200e-02	9.010000e-04	1.545000e-03	1.632000e-03	2.800000e-03
-5.550000e+00	4.187100e-02	4.362600e-02	9.964000e-02	1.822400e-02	1.820700e-02	2.181600e-02	3.817500e-02	2.481400e-02	2.387300e-02	1.791300e-02	1.022000e-03	1.705000e-03	1.811000e-03	2.944000e-03
-5.500000e+00	4.437000e-02	4.635200e-02	1.019070e-01	2.360700e-02	2.345700e-02	2.768900e-02	4.598000e-02	2.873600e-02	2.819200e-02	2.306600e-02	1.167000e-03	1.892000e-03	2.025000e-03	3.112000e-03
-5.450000e+00	4.675400e-02	4.910100e-02	1.042780e-01	3.039500e-02	3.018600e-02	3.508900e-02	5.563300e-02	3.343100e-02	3.350900e-02	2.968500e-02	1.337000e-03	2.108000e-03	2.276000e-03	3.310000e-03
-5.400000e+00	4.915700e-02	5.194800e-02	1.066940e-01	3.902900e-02	3.882300e-02	4.445100e-02	6.782800e-02	3.903900e-02	3.993500e-02	3.821500e-02	1.545000e-03	2.362000e-03	2.570000e-03	3.541000e-03
-5.350000e+00	5.165700e-02	5.490700e-02	1.089430e-01	4.998000e-02	4.982700e-02	5.630700e-02	8.330300e-02	4.581800e-02	4.764600e-02	4.911400e-02	1.805000e-03	2.661000e-03	2.914000e-03	3.815000e-03
-5.300000e+00	5.429300e-02	5.794700e-02	1.109190e-01	6.379500e-02	6.369600e-02	7.120600e-02	1.029630e-01	5.408000e-02	5.688400e-02	6.285900e-02	2.126000e-03	3.017000e-03	3.322000e-03	4.143000e-03
-5.250000e+00	5.709700e-02	6.102100e-02	1.129270e-01	8.129300e-02	8.104500e-02	8.947600e-02	1.282340e-01	6.400900e-02	6.793300e-02	8.005700e-02	2.499000e-03	3.435000e-03	3.804000e-03	4.534000e-03
-5.200000e+00	5.986500e-02	6.405300e-02	1.148950e-01	1.032910e-01	1.027380e-01	1.126680e-01	1.586240e-01	7.589200e-02	8.105500e-02	1.016030e-01	2.952000e-03	3.937000e-03	4.370000e-03	5.010000e-03
-5.150000e+00	6.250100e-02	6.732500e-02	1.171110e-01	1.307260e-01	1.301890e-01	1.412940e-01	1.951670e-01	9.014700e-02	9.662800e-02	1.286210e-01	3.493000e-03	4.540000e-03	5.051000e-03	5.580000e-03
-5.100000e+00	6.517000e-02	7.103100e-02	1.193040e-01	1.649140e-01	1.645500e-01	1.769610e-01	2.392510e-01	1.070930e-01	1.150950e-01	1.625630e-01	4.140000e-03	5.258000e-03	5.858000e-03	6.264000e-03
-5.050000e+00	6.788700e-02	7.497200e-02	1.212230e-01	2.074610e-01	2.071640e-01	2.211780e-01	2.927950e-01	1.271420e-01	1.371070e-01	2.047270e-01	4.915000e-03	6.114000e-03	6.814000e-03	7.082000e-03
-5.000000e+00	7.061200e-02	7.898800e-02	1.229650e-01	2.601180e-01	2.596810e-01	2.754360e-01	3.580710e-01	1.508340e-01	1.633520e-01	2.565220e-01	5.847000e-03	7.135000e-03	7.953000e-03	8.062000e-03
-4.950000e+00	7.338200e-02	8.354700e-02	1.253250e-01	3.243410e-01	3.242720e-01	3.418360e-01	4.370960e-01	1.788620e-01	1.941060e-01	3.205730e-01	6.959000e-03	8.351000e-03	9.298000e-03	9.237000e-03
-4.900000e+00	7.637700e-02	8.847500e-02	1.269260e-01	4.023820e-01	4.023100e-01	4.233170e-01	5.327600e-01	2.117760e-01	2.302200e-01	3.991180e-01	8.264000e-03	9.802000e-03	1.089900e-02	1.065200e-02
-4.850000e+00	7.939700e-02	9.462200e-02	1.284460e-01	4.973790e-01	4.974420e-01	5.220420e-01	6.485080e-01	2.503810e-01	2.724640e-01	4.939800e-01	9.788000e-03	1.152000e-02	1.278000e-02	1.232900e-02
-4.800000e+00	8.261000e-02	1.027390e-01	1.300050e-01	6.125370e-01	6.123520e-01	6.407380e-01	7.874790e-01	2.952640e-01	3.223120e-01	6.083940e-01	1.159800e-02	1.355100e-02	1.497200e-02	1.431600e-02
-4.750000e+00	8.603400e-02	1.141660e-01	1.316070e-01	7.515730e-01	7.509940e-01	7.827840e-01	9.539690e-01	3.473480e-01	3.806460e-01	7.458630e-01	1.373600e-02	1.593900e-02	1.749800e-02	1.665900e-02
-4.700000e+00	8.959900e-02	1.309140e-01	1.332550e-01	9.182390e-01	9.179400e-01	9.524360e-01	1.152871e+00	4.078350e-01	4.480590e-01	9.103320e-01	1.622500e-02	1.873100e-02	2.037800e-02	1.940900e-02
-4.650000e+00	9.322900e-02	1.558650e-01	1.350770e-01	1.115136e+00	1.116032e+00	1.155007e+00	1.387839e+00	4.779220e-01	5.259010e-01	1.106743e+00	1.908600e-02	2.197000e-02	2.365300e-02	2.262000e-02
-4.600000e+00	9.732400e-02	1.710750e-01	1.372860e-01	1.345854e+00	1.346207e+00	1.390115e+00	1.663127e+00	5.586440e-01	6.149250e-01	1.336394e+00	2.238900e-02	2.575100e-02	2.738900e-02	2.633600e-02
-4.550000e+00	1.017170e-01	1.800470e-01	1.393820e-01	1.617207e+00	1.616905e+00	1.666495e+00	1.983877e+00	6.512350e-01	7.167020e-01	1.605839e+00	2.619700e-02	3.012500e-02	3.173400e-02	3.066300e-02
-4.500000e+00	1.061970e-01	1.858750e-01	1.417480e-01	1.934080e+00	1.932569e+00	1.988073e+00	2.356423e+00	7.572720e-01	8.329720e-01	1.919753e+00	3.056300e-02	3.515500e-02	3.673400e-02	3.565000e-02
-4.450000e+00	1.108630e-01	1.907180e-01	1.445010e-01	2.300648e+00	2.298437e+00	2.359762e+00	2.787181e+00	8.781930e-01	9.657690e-01	2.282226e+00	3.554500e-02	4.091100e-02	4.245500e-02	4.136400e-02
-4.400000e+00	1.158290e-01	1.954820e-01	1.475570e-01	2.720836e+00	2.719629e+00	2.786933e+00	3.282368e+00	1.015348e+00	1.116922e+00	2.697772e+00	4.121300e-02	4.747100e-02	4.897600e-02	4.788200e-02
-4.350000e+00	1.208140e-01	1.998600e-01	1.507050e-01	3.199808e+00	3.198865e+00	3.273722e+00	3.847733e+00	1.170238e+00	1.287064e+00	3.173885e+00	4.766200e-02	5.490800e-02	5.636900e-02	5.527400e-02
-4.300000e+00	1.262530e-01	2.043730e-01	1.541310e-01	3.737658e+00	3.738324e+00	3.822137e+00	4.482400e+00	1.343222e+00	1.477912e+00	3.710114e+00	5.488200e-02	6.325200e-02	6.467000e-02	6.357900e-02
-4.250000e+00	1.324370e-01	2.091840e-01	1.581620e-01	4.344118e+00	4.345090e+00	4.440419e+00	5.194544e+00	1.537371e+00	1.692211e+00	4.311788e+00	6.298500e-02	7.260100e-02	7.397300e-02	7.288900e-02
-4.200000e+00	1.390840e-01	2.143890e-01	1.626220e-01	5.022255e+00	5.022159e+00	5.130094e+00	5.989372e+00	1.754433e+00	1.931286e+00	4.983791e+00	7.198700e-02	8.302100e-02	8.434700e-02	8.327300e-02
-4.150000e+00	1.461270e-01	2.197890e-01	1.675340e-01	5.773835e+00	5.772979e+00	5.894124e+00	6.870142e+00	1.995836e+00	2.196679e+00	5.729096e+00	8.195400e-02	9.457300e-02	9.585200e-02	9.479100e-02
-4.100000e+00	1.536470e-01	2.252290e-01	1.729750e-01	6.600119e+00	6.600271e+00	6.735793e+00	7.839356e+00	2.262807e+00	2.490134e+00	6.549194e+00	9.297700e-02	1.073140e-01	1.085460e-01	1.075000e-01
-4.050000e+00	1.617860e-01	2.309800e-01	1.789230e-01	7.503572e+00	7.503530e+00	7.655742e+00	8.901632e+00	2.556701e+00	2.813468e+00	7.445675e+00	1.050860e-01	1.212900e-01	1.224720e-01	1.214430e-01
-4.000000e+00	1.703400e-01	2.377870e-01	1.854070e-01	8.473207e+00	8.470104e+00	8.643303e+00	1.004486e+01	2.876040e+00	3.163446e+00	8.404830e+00	1.182750e-01	1.364000e-01	1.375380e-01	1.365290e-01
-3.950000e+00	1.788680e-01	2.445720e-01	1.922570e-01	9.512677e+00	9.509040e+00	9.702082e+00	1.127343e+01	3.223674e+00	3.545035e+00	9.434891e+00	1.326000e-01	1.527680e-01	1.538610e-01	1.528730e-01
-3.900000e+00	1.879660e-01	2.517740e-01	1.998320e-01	1.062009e+01	1.061556e+01	1.083121e+01	1.258326e+01	3.600698e+00	3.960502e+00	1.053184e+01	1.480770e-01	1.703850e-01	1.714290e-01	1.704690e-01
-3.850000e+00	1.977290e-01	2.595250e-01	2.080600e-01	1.178998e+01	1.178407e+01	1.202750e+01	1.396944e+01	4.007482e+00	4.409943e+00	1.169023e+01	1.647170e-01	1.892360e-01	1.902300e-01	1.893020e-01
-3.800000e+00	2.080430e-01	2.677770e-01	2.166850e-01	1.301539e+01	1.300855e+01	1.328420e+01	1.542664e+01	4.444162e+00	4.892859e+00	1.290357e+01	1.825150e-01	2.092950e-01	2.102390e-01	2.093470e-01
-3.750000e+00	2.189840e-01	2.764470e-01	2.255600e-01	1.429197e+01	1.428303e+01	1.458954e+01	1.694934e+01	4.911582e+00	5.411261e+00	1.416489e+01	2.014490e-01	2.304990e-01	2.313950e-01	2.305430e-01
-3.700000e+00	2.301640e-01	2.854900e-01	2.353220e-01	1.558351e+01	1.557361e+01	1.591520e+01	1.849863e+01	5.405865e+00	5.959671e+00	1.544684e+01	2.211940e-01	2.524910e-01	2.533410e-01	2.525310e-01
-3.650000e+00	2.415650e-01	2.943660e-01	2.454480e-01	1.689855e+01	1.688805e+01	1.726865e+01	2.008249e+01	5.929840e+00	6.541575e+00	1.675432e+01	2.419210e-01	2.753990e-01	2.762000e-01	2.754390e-01
-3.600000e+00	2.533300e-01	3.034700e-01	2.561290e-01	1.822710e+01	1.821740e+01	1.863887e+01	2.169153e+01	6.481173e+00	7.154210e+00	1.807422e+01	2.635730e-01	2.990890e-01	2.998390e-01	2.991340e-01
-3.550000e+00	2.654150e-01	3.129810e-01	2.672090e-01	1.955612e+01	1.954667e+01	2.001375e+01	2.330943e+01	7.059037e+00	7.797291e+00	1.939316e+01	2.859990e-01	3.234170e-01	3.241120e-01	3.234710e-01
-3.500000e+00	2.777130e-01	3.228280e-01	2.785290e-01	2.086971e+01	2.085887e+01	2.138056e+01	2.491667e+01	7.662381e+00	8.471178e+00	2.069677e+01	3.090480e-01	3.482120e-01	3.488540e-01	3.482850e-01
-3.450000e+00	2.902260e-01	3.326360e-01	2.903470e-01	2.214972e+01	2.214140e+01	2.272645e+01	2.649671e+01	8.287011e+00	9.173628e+00	2.196855e+01	3.327180e-01	3.732710e-01	3.738610e-01	3.733700e-01
-3.400000e+00	3.024230e-01	3.424010e-01	3.021900e-01	2.335889e+01	2.334885e+01	2.400393e+01	2.800224e+01	8.925382e+00	9.890069e+00	2.316626e+01	3.562940e-01	3.979260e-01	3.984690e-01	3.980640e-01
-3.350000e+00	3.147680e-01	3.524090e-01	3.138080e-01	2.450884e+01	2.449942e+01	2.522689e+01	2.944592e+01	9.581859e+00	1.063078e+01	2.430105e+01	3.800040e-01	4.223400e-01	4.228340e-01	4.225270e-01
-3.300000e+00	3.267730e-01	3.620550e-01	3.257110e-01	2.558206e+01	2.557450e+01	2.638325e+01	3.081405e+01	1.025235e+01	1.138879e+01	2.536309e+01	4.033580e-01	4.462900e-01	4.467360e-01	4.465400e-01
-3.250000e+00	3.380980e-01	3.712310e-01	3.377640e-01	2.656819e+01	2.656151e+01	2.746094e+01	3.209409e+01	1.093361e+01	1.215892e+01	2.633937e+01	4.263940e-01	4.695260e-01	4.699220e-01	4.698540e-01
-3.200000e+00	3.487980e-01	3.799910e-01	3.496680e-01	2.745809e+01	2.745045e+01	2.844787e+01	3.327320e+01	1.162227e+01	1.293695e+01	2.721725e+01	4.491960e-01	4.917860e-01	4.921310e-01	4.922070e-01
-3.150000e+00	3.596020e-01	3.881660e-01	3.615590e-01	2.823619e+01	2.822939e+01	2.933184e+01	3.433629e+01	1.231356e+01	1.371820e+01	2.798900e+01	4.712300e-01	5.128230e-01	5.131180e-01	5.133540e-01
-3.100000e+00	3.702460e-01	3.956840e-01	3.731830e-01	2.887775e+01	2.886188e+01	3.008560e+01	3.523470e+01	1.298595e+01	1.448067e+01	2.861821e+01	4.917160e-01	5.317580e-01	5.320030e-01	5.324160e-01
-3.050000e+00	3.796980e-01	4.025740e-01	3.846520e-01	2.940285e+01	2.937953e+01	3.073857e+01	3.600549e+01	1.364983e+01	1.523221e+01	2.913355e+01	5.109600e-01	5.489410e-01	5.491350e-01	5.497450e-01
-3.000000e+00	3.882250e-01	4.086360e-01	3.957060e-01	2.980739e+01	2.978392e+01	3.128272e+01	3.664528e+01	1.429767e+01	1.596660e+01	2.953419e+01	5.287400e-01	5.641580e-01	5.643020e-01	5.651330e-01
-2.950000e+00	3.957810e-01	4.138290e-01	4.065910e-01	3.009138e+01	3.007298e+01	3.172054e+01	3.715170e+01	1.492548e+01	1.667771e+01	2.981605e+01	5.448510e-01	5.772240e-01	5.773160e-01	5.783970e-01
-2.900000e+00	4.023120e-01	4.181800e-01	4.175800e-01	3.026000e+01	3.024616e+01	3.205710e+01	3.752596e+01	1.552971e+01	1.735889e+01	2.997836e+01	5.591050e-01	5.879750e-01	5.880150e-01	5.893750e-01
-2.850000e+00	4.080970e-01	4.216920e-01	4.283970e-01	3.032467e+01	3.030991e+01	3.229116e+01	3.777540e+01	1.610309e+01	1.800238e+01	3.003053e+01	5.713190e-01	5.962690e-01	5.962600e-01	5.979280e-01
-2.800000e+00	4.127290e-01	4.239300e-01	4.385560e-01	3.025355e+01	3.023541e+01	3.241263e+01	3.786893e+01	1.662961e+01	1.858907e+01	2.995545e+01	5.806090e-01	6.013350e-01	6.012770e-01	6.032910e-01
-2.750000e+00	4.163930e-01	4.251140e-01	4.487070e-01	3.008355e+01	3.006309e+01	3.244748e+01	3.783885e+01	1.711106e+01	1.912439e+01	2.978677e+01	5.874730e-01	6.037460e-01	6.036380e-01	6.060400e-01
-2.700000e+00	4.189950e-01	4.252700e-01	4.586490e-01	2.982145e+01	2.979672e+01	3.240156e+01	3.769296e+01	1.754277e+01	1.960241e+01	2.952414e+01	5.920270e-01	6.034580e-01	6.033000e-01	6.061330e-01
-2.650000e+00	4.205080e-01	4.242050e-01	4.686760e-01	2.947007e+01	2.944019e+01	3.228128e+01	3.743381e+01	1.791787e+01	2.001524e+01	2.916949e+01	5.941680e-01	6.004700e-01	6.002620e-01	6.035710e-01
-2.600000e+00	4.208710e-01	4.218260e-01	4.791500e-01	2.903270e+01	2.899845e+01	3.209260e+01	3.706324e+01	1.822970e+01	2.035388e+01	2.872976e+01	5.937930e-01	5.948200e-01	5.945610e-01	5.983960e-01
-2.550000e+00	4.198820e-01	4.184430e-01	4.899860e-01	2.851724e+01	2.847830e+01	3.184013e+01	3.658696e+01	1.847453e+01	2.060921e+01	2.821919e+01	5.910180e-01	5.865780e-01	5.862700e-01	5.906780e-01
-2.500000e+00	4.180420e-01	4.140710e-01	5.017050e-01	2.791554e+01	2.787012e+01	3.151057e+01	3.597695e+01	1.862790e+01	2.076336e+01	2.761656e+01	5.850810e-01	5.752130e-01	5.748550e-01	5.799100e-01
-2.450000e+00	4.149730e-01	4.091030e-01	5.136410e-01	2.725188e+01	2.720338e+01	3.112620e+01	3.526645e+01	1.870626e+01	2.083030e+01	2.694761e+01	5.770290e-01	5.615200e-01	5.611110e-01	5.668730e-01
-2.400000e+00	4.113510e-01	4.029880e-01	5.267240e-01	2.652882e+01	2.647944e+01	3.069173e+01	3.445970e+01	1.870690e+01	2.080665e+01	2.622307e+01	5.668300e-01	5.456730e-01	5.452150e-01	5.517430e-01
-2.350000e+00	4.071440e-01	3.960000e-01	5.417070e-01	2.575256e+01	2.570423e+01	3.020856e+01	3.355505e+01	1.862586e+01	2.068930e+01	2.545383e+01	5.545250e-01	5.278810e-01	5.273740e-01	5.347280e-01
-2.300000e+00	4.020420e-01	3.884760e-01	5.590260e-01	2.493089e+01	2.488418e+01	2.967775e+01	3.255204e+01	1.846243e+01	2.047683e+01	2.464578e+01	5.402800e-01	5.083590e-01	5.078030e-01	5.160460e-01
-2.250000e+00	3.958760e-01	3.801080e-01	5.786280e-01	2.407138e+01	2.402266e+01	2.910276e+01	3.145744e+01	1.822352e+01	2.017076e+01	2.379560e+01	5.244200e-01	4.873130e-01	4.867100e-01	4.959030e-01
-2.200000e+00	3.891160e-01	3.714920e-01	6.007230e-01	2.316346e+01	2.311139e+01	2.845706e+01	3.023252e+01	1.788815e+01	1.974843e+01	2.289913e+01	5.067110e-01	4.645010e-01	4.638520e-01	4.740980e-01
-2.150000e+00	3.819840e-01	3.623320e-01	6.251380e-01	2.223623e+01	2.217722e+01	2.774648e+01	2.891547e+01	1.747456e+01	1.924265e+01	2.197862e+01	4.877650e-01	4.407410e-01	4.400430e-01	4.514070e-01
-2.100000e+00	3.747410e-01	3.525890e-01	6.529240e-01	2.128707e+01	2.122539e+01	2.695825e+01	2.751896e+01	1.699151e+01	1.865541e+01	2.103742e+01	4.680360e-01	4.162810e-01	4.155350e-01	4.280760e-01
-2.050000e+00	3.673100e-01	3.425960e-01	6.843010e-01	2.032234e+01	2.026057e+01	2.607844e+01	2.605938e+01	1.644567e+01	1.799286e+01	2.008503e+01	4.475030e-01	3.913780e-01	3.905840e-01	4.043520e-01
-2.000000e+00	3.596650e-01	3.325280e-01	7.190890e-01	1.935110e+01	1.928756e+01	2.508968e+01	2.455865e+01	1.584456e+01	1.726430e+01	1.912936e+01	4.262230e-01	3.662770e-01	3.654340e-01	3.804980e-01
-1.950000e+00	3.521850e-01	3.219520e-01	7.572900e-01	1.838018e+01	1.831193e+01	2.396996e+01	2.304497e+01	1.519900e+01	1.648118e+01	1.817085e+01	4.047490e-01	3.412030e-01	3.403140e-01	3.568020e-01
-1.900000e+00	3.440290e-01	3.112340e-01	7.986230e-01	1.740069e+01	1.732744e+01	2.265396e+01	2.153411e+01	1.449624e+01	1.563821e+01	1.720352e+01	3.828470e-01	3.159680e-01	3.150360e-01	3.328060e-01
-1.850000e+00	3.363420e-01	3.010520e-01	8.441340e-01	1.643257e+01	1.635221e+01	2.126487e+01	2.004311e+01	1.376489e+01	1.477402e+01	1.624386e+01	3.610370e-01	2.912350e-01	2.902270e-01	3.094020e-01
-1.800000e+00	3.289350e-01	2.914440e-01	8.937030e-01	1.547411e+01	1.539138e+01	1.991839e+01	1.856423e+01	1.301220e+01	1.389847e+01	1.529708e+01	3.394930e-01	2.671220e-01	2.660750e-01	2.866550e-01
-1.750000e+00	3.218100e-01	2.819880e-01	9.471690e-01	1.452970e+01	1.444812e+01	1.863752e+01	1.710019e+01	1.224400e+01	1.301435e+01	1.436610e+01	3.182020e-01	2.437590e-01	2.426840e-01	2.646560e-01
-1.700000e+00	3.148840e-01	2.724130e-01	1.004177e+00	1.360440e+01	1.352519e+01	1.739826e+01	1.565808e+01	1.146701e+01	1.212501e+01	1.345375e+01	2.971320e-01	2.212700e-01	2.201540e-01	2.435130e-01
-1.650000e+00	3.077490e-01	2.631160e-01	1.063980e+00	1.270022e+01	1.262589e+01	1.616420e+01	1.424519e+01	1.069040e+01	1.123951e+01	1.256436e+01	2.763600e-01	1.997670e-01	1.986220e-01	2.233380e-01
-1.600000e+00	3.010040e-01	2.544440e-01	1.127620e+00	1.181111e+01	1.174117e+01	1.490390e+01	1.284914e+01	9.905357e+00	1.035018e+01	1.169042e+01	2.566220e-01	1.791650e-01	1.779780e-01	2.040610e-01
-1.550000e+00	2.947930e-01	2.458920e-01	1.192390e+00	1.095328e+01	1.088901e+01	1.364852e+01	1.150671e+01	9.129881e+00	9.479461e+00	1.084498e+01	2.368680e-01	1.597780e-01	1.585500e-01	1.859060e-01
-1.500000e+00	2.887940e-01	2.376010e-01	1.259160e+00	1.012539e+01	1.006771e+01	1.240663e+01	1.022667e+01	8.369889e+00	8.633502e+00	1.003128e+01	2.180860e-01	1.416690e-01	1.404040e-01	1.689130e-01
-1.450000e+00	2.833380e-01	2.299950e-01	1.327808e+00	9.325772e+00	9.276872e+00	1.119071e+01	9.015617e+00	7.632186e+00	7.816006e+00	9.248053e+00	2.003880e-01	1.248740e-01	1.235780e-01	1.530940e-01
-1.400000e+00	2.786360e-01	2.232220e-01	1.397329e+00	8.555238e+00	8.517384e+00	1.001232e+01	7.879682e+00	6.921959e+00	7.031424e+00	8.495148e+00	1.835740e-01	1.094090e-01	1.080810e-01	1.384400e-01
-1.350000e+00	2.740750e-01	2.166830e-01	1.466047e+00	7.818548e+00	7.791269e+00	8.879378e+00	6.825117e+00	6.241429e+00	6.286516e+00	7.776955e+00	1.675110e-01	9.526500e-02	9.390700e-02	1.249150e-01
-1.300000e+00	2.698120e-01	2.107300e-01	1.533264e+00	7.110387e+00	7.095187e+00	7.785346e+00	5.841889e+00	5.587233e+00	5.571541e+00	7.089775e+00	1.517890e-01	8.228500e-02	8.089600e-02	1.124270e-01
-1.250000e+00	2.655760e-01	2.048760e-01	1.597814e+00	6.433147e+00	6.433245e+00	6.754134e+00	4.945964e+00	4.967858e+00	4.901228e+00	6.436971e+00	1.375400e-01	7.061100e-02	6.919700e-02	1.010050e-01
-1.200000e+00	2.618720e-01	1.993930e-01	1.658745e+00	5.790437e+00	5.807293e+00	5.792088e+00	4.142353e+00	4.386899e+00	4.280155e+00	5.817471e+00	1.238820e-01	6.019500e-02	5.876100e-02	9.057300e-02
-1.150000e+00	2.585760e-01	1.942750e-01	1.714189e+00	5.183691e+00	5.217536e+00	4.905929e+00	3.431288e+00	3.845991e+00	3.709586e+00	5.231604e+00	1.109300e-01	5.097300e-02	4.952200e-02	8.104900e-02
-1.100000e+00	2.553600e-01	1.893710e-01	1.762031e+00	4.613243e+00	4.663801e+00	4.100286e+00	2.809753e+00	3.346039e+00	3.189084e+00	4.680238e+00	9.901500e-02	4.287400e-02	4.141300e-02	7.236000e-02
-1.050000e+00	2.520780e-01	1.845130e-01	1.800748e+00	4.079053e+00	4.146257e+00	3.376829e+00	2.272691e+00	2.887849e+00	2.717527e+00	4.164210e+00	8.822900e-02	3.582600e-02	3.436300e-02	6.444200e-02
-1.000000e+00	2.486260e-01	1.797770e-01	1.826885e+00	3.573796e+00	3.656500e+00	2.729249e+00	1.809967e+00	2.464865e+00	2.288163e+00	3.675086e+00	7.816400e-02	2.970600e-02	2.823900e-02	5.717400e-02
-9.500000e-01	2.454980e-01	1.752440e-01	1.840491e+00	3.105184e+00	3.201728e+00	2.169515e+00	1.422322e+00	2.083430e+00	1.907853e+00	3.219860e+00	6.833600e-02	2.449800e-02	2.303100e-02	5.052400e-02
-9.000000e-01	2.421910e-01	1.708530e-01	1.839901e+00	2.674249e+00	2.781095e+00	1.695814e+00	1.103005e+00	1.745099e+00	1.573535e+00	2.798565e+00	5.968700e-02	2.010900e-02	1.864800e-02	4.442200e-02
-8.500000e-01	2.386120e-01	1.665470e-01	1.823085e+00	2.280488e+00	2.394151e+00	1.302359e+00	8.437340e-01	1.447676e+00	1.282582e+00	2.410635e+00	5.181100e-02	1.642900e-02	1.499500e-02	3.873800e-02
-8.000000e-01	2.349100e-01	1.623090e-01	1.788264e+00	1.923059e+00	2.040714e+00	9.821120e-01	6.362180e-01	1.187989e+00	1.032632e+00	2.055745e+00	4.441800e-02	1.337400e-02	1.198100e-02	3.346500e-02
-7.500000e-01	2.313060e-01	1.581940e-01	1.734532e+00	1.601341e+00	1.720709e+00	7.275810e-01	4.727350e-01	9.631740e-01	8.212960e-01	1.734083e+00	3.796700e-02	1.088700e-02	9.523000e-03	2.876300e-02
-7.000000e-01	2.263170e-01	1.539060e-01	1.657981e+00	1.311033e+00	1.427671e+00	5.265620e-01	3.448540e-01	7.681990e-01	6.404660e-01	1.438317e+00	3.271400e-02	8.867000e-03	7.566000e-03	2.436600e-02
-6.500000e-01	2.211240e-01	1.495180e-01	1.560707e+00	1.055057e+00	1.166322e+00	3.735670e-01	2.475400e-01	6.041770e-01	4.913390e-01	1.175812e+00	2.784700e-02	7.271000e-03	5.996000e-03	2.025000e-02
-6.000000e-01	2.154670e-01	1.448470e-01	1.445629e+00	8.335210e-01	9.360430e-01	2.596040e-01	1.747030e-01	4.688960e-01	3.704620e-01	9.444990e-01	2.356300e-02	5.983000e-03	4.757000e-03	1.655600e-02
-5.500000e-01	2.091480e-01	1.398840e-01	1.315554e+00	6.452800e-01	7.365960e-01	1.765830e-01	1.211820e-01	3.597530e-01	2.737850e-01	7.433800e-01	1.970200e-02	4.944000e-03	3.788000e-03	1.337300e-02
-5.000000e-01	2.022940e-01	1.346980e-01	1.173288e+00	4.881890e-01	5.668140e-01	1.175950e-01	8.272900e-02	2.735890e-01	1.978340e-01	5.716490e-01	1.622400e-02	4.103000e-03	3.029000e-03	1.057700e-02
-4.500000e-01	1.955750e-01	1.293580e-01	1.021907e+00	3.594940e-01	4.245270e-01	7.684200e-02	5.583500e-02	2.068890e-01	1.397330e-01	4.281910e-01	1.333900e-02	3.408000e-03	2.427000e-03	7.899000e-03
-4.000000e-01	1.882530e-01	1.233020e-01	8.588710e-01	2.556050e-01	3.051080e-01	4.897200e-02	3.735900e-02	1.565710e-01	9.541200e-02	3.086820e-01	1.092000e-02	2.846000e-03	1.962000e-03	5.680000e-03
-3.500000e-01	1.805410e-01	1.173880e-01	6.979850e-01	1.762270e-01	2.112510e-01	3.060800e-02	2.485700e-02	1.208690e-01	6.336500e-02	2.140780e-01	8.532000e-03	2.406000e-03	1.592000e-03	3.941000e-03
-3.000000e-01	1.725600e-01	1.116340e-01	5.450110e-01	1.170750e-01	1.397010e-01	1.903200e-02	1.656800e-02	9.662900e-02	4.064700e-02	1.417560e-01	6.633000e-03	2.005000e-03	1.298000e-03	2.613000e-03
-2.500000e-01	1.644940e-01	1.057280e-01	4.090590e-01	7.522500e-02	8.832000e-02	1.193700e-02	1.105600e-02	8.074400e-02	2.537400e-02	8.956400e-02	4.989000e-03	1.636000e-03	1.047000e-03	1.670000e-03
-2.000000e-01	1.560410e-01	9.958200e-02	2.885170e-01	4.615900e-02	5.185500e-02	7.886000e-03	7.304000e-03	7.301300e-02	1.527900e-02	5.251700e-02	3.808000e-03	1.214000e-03	7.650000e-04	9.550000e-04
-1.500000e-01	1.475950e-01	9.345400e-02	1.930120e-01	2.744600e-02	2.860300e-02	5.636000e-03	4.853000e-03	7.063300e-02	8.891000e-03	2.877300e-02	4.135000e-03	8.060000e-04	5.030000e-04	5.100000e-04
-1.000000e-01	1.386110e-01	8.686800e-02	1.237760e-01	1.632800e-02	1.491400e-02	4.238000e-03	2.976000e-03	5.933800e-02	4.836000e-03	1.493900e-02	5.071700e-02	2.900000e-04	1.810000e-04	1.600000e-04
-5.000000e-02	1.294330e-01	8.007200e-02	8.153700e-02	1.015900e-02	7.947000e-03	3.188000e-03	1.466000e-03	6.998000e-03	2.376000e-03	8.024000e-03	2.769230e+00	0.000000e+00	0.000000e+00	0.000000e+00
0.000000e+00	1.237170e-01	7.614400e-02	6.476400e-02	7.757000e-03	5.464000e-03	2.668000e-03	8.100000e-04	1.850000e-03	1.410000e-03	5.583000e-03	6.941283e+01	0.000000e+00	0.000000e+00	0.000000e+00
