-8.900000e+00	2.000000e-06	1.000000e-06	1.000000e-06	1.000000e-06	1.000000e-06	4.000000e-06	1.230000e-04	8.600000e-05	2.300000e-05	0.000000e+00	5.000000e-06	3.000000e-06	3.000000e-06	3.000000e-06
-8.850000e+00	2.000000e-06	2.000000e-06	2.000000e-06	2.000000e-06	2.000000e-06	5.000000e-06	1.500000e-04	1.040000e-04	3.000000e-05	0.000000e+00	6.000000e-06	4.000000e-06	4.000000e-06	4.000000e-06
-8.800000e+00	2.000000e-06	2.000000e-06	2.000000e-06	2.000000e-06	2.000000e-06	7.000000e-06	1.860000e-04	1.220000e-04	3.800000e-05	0.000000e+00	8.000000e-06	5.000000e-06	5.000000e-06	5.000000e-06
-8.750000e+00	3.000000e-06	3.000000e-06	3.000000e-06	3.000000e-06	3.000000e-06	9.000000e-06	2.230000e-04	1.420000e-04	4.700000e-05	0.000000e+00	9.000000e-06	6.000000e-06	6.000000e-06	6.000000e-06
-8.700000e+00	4.000000e-06	4.000000e-06	4.000000e-06	4.000000e-06	4.000000e-06	1.200000e-05	2.640000e-04	1.650000e-04	6.100000e-05	0.000000e+00	1.200000e-05	7.000000e-06	7.000000e-06	7.000000e-06
-8.650000e+00	5.000000e-06	4.000000e-06	4.000000e-06	5.000000e-06	5.000000e-06	1.500000e-05	3.080000e-04	1.920000e-04	7.700000e-05	0.000000e+00	1.400000e-05	9.000000e-06	9.000000e-06	9.000000e-06
-8.600000e+00	6.000000e-06	6.000000e-06	6.000000e-06	6.000000e-06	6.000000e-06	1.900000e-05	3.560000e-04	2.220000e-04	9.400000e-05	0.000000e+00	1.700000e-05	1.100000e-05	1.100000e-05	1.100000e-05
-8.550000e+00	7.000000e-06	7.000000e-06	7.000000e-06	7.000000e-06	7.000000e-06	2.400000e-05	4.140000e-04	2.540000e-04	1.160000e-04	0.000000e+00	2.000000e-05	1.400000e-05	1.400000e-05	1.400000e-05
-8.500000e+00	8.000000e-06	8.000000e-06	8.000000e-06	8.000000e-06	8.000000e-06	2.900000e-05	5.030000e-04	2.870000e-04	1.420000e-04	0.000000e+00	2.500000e-05	1.700000e-05	1.700000e-05	1.700000e-05
-8.450000e+00	1.000000e-05	1.000000e-05	1.000000e-05	1.000000e-05	1.000000e-05	3.600000e-05	5.760000e-04	3.340000e-04	1.720000e-04	0.000000e+00	2.900000e-05	2.000000e-05	2.000000e-05	2.000000e-05
-8.400000e+00	1.300000e-05	1.200000e-05	1.200000e-05	1.200000e-05	1.200000e-05	4.400000e-05	6.600000e-04	3.890000e-04	2.090000e-04	0.000000e+00	3.500000e-05	2.400000e-05	2.400000e-05	2.400000e-05
-8.350000e+00	1.500000e-05	1.500000e-05	1.400000e-05	1.400000e-05	1.400000e-05	5.200000e-05	7.740000e-04	4.490000e-04	2.510000e-04	0.000000e+00	4.100000e-05	2.800000e-05	2.800000e-05	2.800000e-05
-8.300000e+00	1.700000e-05	1.700000e-05	1.700000e-05	1.700000e-05	1.700000e-05	6.200000e-05	9.150000e-04	5.150000e-04	2.980000e-04	0.000000e+00	4.700000e-05	3.300000e-05	3.300000e-05	3.300000e-05
-8.250000e+00	1.900000e-05	2.000000e-05	2.000000e-05	2.000000e-05	1.900000e-05	7.200000e-05	1.050000e-03	5.980000e-04	3.520000e-04	0.000000e+00	5.500000e-05	3.900000e-05	3.900000e-05	3.900000e-05
-8.200000e+00	2.200000e-05	2.300000e-05	2.300000e-05	2.300000e-05	2.200000e-05	8.300000e-05	1.200000e-03	6.770000e-04	4.030000e-04	0.000000e+00	6.300000e-05	4.500000e-05	4.500000e-05	4.500000e-05
-8.150000e+00	2.600000e-05	2.700000e-05	2.600000e-05	2.600000e-05	2.500000e-05	9.400000e-05	1.329000e-03	7.620000e-04	4.510000e-04	0.000000e+00	7.200000e-05	5.200000e-05	5.200000e-05	5.200000e-05
-8.100000e+00	2.900000e-05	3.000000e-05	3.000000e-05	3.000000e-05	2.900000e-05	1.050000e-04	1.486000e-03	8.520000e-04	5.050000e-04	0.000000e+00	8.200000e-05	5.900000e-05	5.900000e-05	5.900000e-05
-8.050000e+00	3.400000e-05	3.400000e-05	3.500000e-05	3.400000e-05	3.300000e-05	1.170000e-04	1.681000e-03	9.590000e-04	5.680000e-04	0.000000e+00	9.300000e-05	6.700000e-05	6.700000e-05	6.700000e-05
-8.000000e+00	3.800000e-05	3.800000e-05	3.900000e-05	3.800000e-05	3.700000e-05	1.290000e-04	1.898000e-03	1.093000e-03	6.380000e-04	0.000000e+00	1.040000e-04	7.600000e-05	7.600000e-05	7.600000e-05
-7.950000e+00	4.200000e-05	4.100000e-05	4.300000e-05	4.200000e-05	4.100000e-05	1.410000e-04	2.137000e-03	1.228000e-03	7.010000e-04	0.000000e+00	1.160000e-04	8.400000e-05	8.400000e-05	8.500000e-05
-7.900000e+00	4.600000e-05	4.600000e-05	4.800000e-05	4.600000e-05	4.600000e-05	1.540000e-04	2.403000e-03	1.362000e-03	7.630000e-04	0.000000e+00	1.280000e-04	9.400000e-05	9.400000e-05	9.400000e-05
-7.850000e+00	5.100000e-05	5.000000e-05	5.500000e-05	5.200000e-05	5.100000e-05	1.670000e-04	2.697000e-03	1.514000e-03	8.310000e-04	0.000000e+00	1.420000e-04	1.030000e-04	1.030000e-04	1.050000e-04
-7.800000e+00	5.700000e-05	5.500000e-05	6.200000e-05	5.700000e-05	5.600000e-05	1.800000e-04	3.008000e-03	1.677000e-03	9.100000e-04	0.000000e+00	1.560000e-04	1.140000e-04	1.140000e-04	1.180000e-04
-7.750000e+00	6.200000e-05	6.000000e-05	7.100000e-05	6.200000e-05	6.100000e-05	1.930000e-04	3.343000e-03	1.855000e-03	9.950000e-04	0.000000e+00	1.700000e-04	1.240000e-04	1.240000e-04	1.340000e-04
-7.700000e+00	6.700000e-05	6.500000e-05	8.300000e-05	6.600000e-05	6.600000e-05	2.060000e-04	3.707000e-03	2.054000e-03	1.081000e-03	0.000000e+00	1.850000e-04	1.340000e-04	1.340000e-04	1.530000e-04
-7.650000e+00	7.200000e-05	7.100000e-05	9.800000e-05	7.100000e-05	7.000000e-05	2.190000e-04	4.083000e-03	2.265000e-03	1.166000e-03	0.000000e+00	2.000000e-04	1.440000e-04	1.440000e-04	1.780000e-04
-7.600000e+00	7.800000e-05	7.600000e-05	1.220000e-04	7.600000e-05	7.400000e-05	2.320000e-04	4.465000e-03	2.512000e-03	1.247000e-03	0.000000e+00	2.160000e-04	1.540000e-04	1.540000e-04	2.080000e-04
-7.550000e+00	8.300000e-05	8.100000e-05	1.490000e-04	8.100000e-05	7.900000e-05	2.440000e-04	4.873000e-03	2.780000e-03	1.337000e-03	0.000000e+00	2.320000e-04	1.640000e-04	1.640000e-04	2.460000e-04
-7.500000e+00	8.700000e-05	8.500000e-05	1.910000e-04	8.500000e-05	8.400000e-05	2.560000e-04	5.239000e-03	3.097000e-03	1.428000e-03	0.000000e+00	2.470000e-04	1.740000e-04	1.740000e-04	2.910000e-04
-7.450000e+00	9.100000e-05	9.100000e-05	2.600000e-04	9.000000e-05	8.900000e-05	2.670000e-04	5.598000e-03	3.461000e-03	1.528000e-03	0.000000e+00	2.630000e-04	1.840000e-04	1.840000e-04	3.460000e-04
-7.400000e+00	9.500000e-05	9.600000e-05	3.730000e-04	9.400000e-05	9.300000e-05	2.780000e-04	5.991000e-03	3.852000e-03	1.638000e-03	2.000000e-06	2.780000e-04	1.930000e-04	1.930000e-04	4.100000e-04
-7.350000e+00	1.000000e-04	1.010000e-04	5.620000e-04	9.800000e-05	9.800000e-05	2.890000e-04	6.333000e-03	4.262000e-03	1.737000e-03	2.000000e-06	2.920000e-04	2.020000e-04	2.020000e-04	4.900000e-04
-7.300000e+00	1.040000e-04	1.050000e-04	9.710000e-04	1.020000e-04	1.010000e-04	2.970000e-04	6.529000e-03	4.713000e-03	1.843000e-03	2.000000e-06	3.050000e-04	2.090000e-04	2.090000e-04	5.880000e-04
-7.250000e+00	1.070000e-04	1.090000e-04	1.881000e-03	1.070000e-04	1.040000e-04	3.060000e-04	6.792000e-03	5.158000e-03	1.959000e-03	2.000000e-06	3.160000e-04	2.170000e-04	2.170000e-04	7.050000e-04
-7.200000e+00	1.100000e-04	1.110000e-04	4.012000e-03	1.110000e-04	1.070000e-04	3.130000e-04	7.017000e-03	5.622000e-03	2.072000e-03	2.000000e-06	3.250000e-04	2.230000e-04	2.230000e-04	8.280000e-04
-7.150000e+00	1.130000e-04	1.120000e-04	9.030000e-03	1.140000e-04	1.110000e-04	3.190000e-04	7.219000e-03	6.102000e-03	2.188000e-03	2.000000e-06	3.330000e-04	2.290000e-04	2.290000e-04	9.420000e-04
-7.100000e+00	1.150000e-04	1.130000e-04	1.859300e-02	1.170000e-04	1.150000e-04	3.220000e-04	7.424000e-03	6.553000e-03	2.316000e-03	4.000000e-06	3.370000e-04	2.350000e-04	2.350000e-04	1.034000e-03
-7.050000e+00	1.150000e-04	1.150000e-04	2.540200e-02	1.210000e-04	1.170000e-04	3.270000e-04	7.533000e-03	6.878000e-03	2.451000e-03	8.000000e-06	3.400000e-04	2.390000e-04	2.390000e-04	1.114000e-03
-7.000000e+00	1.170000e-04	1.190000e-04	2.924700e-02	1.290000e-04	1.210000e-04	3.340000e-04	7.517000e-03	7.066000e-03	2.587000e-03	8.000000e-06	3.440000e-04	2.440000e-04	2.440000e-04	1.188000e-03
-6.950000e+00	1.200000e-04	1.260000e-04	3.254900e-02	1.300000e-04	1.240000e-04	3.440000e-04	7.504000e-03	7.265000e-03	2.728000e-03	1.100000e-05	3.470000e-04	2.480000e-04	2.480000e-04	1.260000e-03
-6.900000e+00	1.240000e-04	1.310000e-04	3.554900e-02	1.350000e-04	1.290000e-04	3.540000e-04	7.528000e-03	7.407000e-03	2.882000e-03	1.500000e-05	3.490000e-04	2.520000e-04	2.520000e-04	1.329000e-03
-6.850000e+00	1.290000e-04	1.340000e-04	3.836200e-02	1.410000e-04	1.360000e-04	3.610000e-04	7.606000e-03	7.519000e-03	3.051000e-03	2.000000e-05	3.520000e-04	2.560000e-04	2.560000e-04	1.398000e-03
-6.800000e+00	1.350000e-04	1.390000e-04	4.102600e-02	1.440000e-04	1.470000e-04	3.680000e-04	7.711000e-03	7.626000e-03	3.244000e-03	2.800000e-05	3.540000e-04	2.610000e-04	2.610000e-04	1.467000e-03
-6.750000e+00	1.470000e-04	1.490000e-04	4.363300e-02	1.520000e-04	1.610000e-04	3.830000e-04	7.737000e-03	7.649000e-03	3.488000e-03	4.000000e-05	3.590000e-04	2.650000e-04	2.660000e-04	1.535000e-03
-6.700000e+00	1.670000e-04	1.700000e-04	4.621100e-02	1.690000e-04	1.800000e-04	4.050000e-04	7.861000e-03	7.742000e-03	3.709000e-03	5.400000e-05	3.640000e-04	2.700000e-04	2.710000e-04	1.604000e-03
-6.650000e+00	2.160000e-04	2.240000e-04	4.859100e-02	1.940000e-04	1.990000e-04	4.360000e-04	8.041000e-03	7.883000e-03	3.910000e-03	7.200000e-05	3.690000e-04	2.770000e-04	2.780000e-04	1.672000e-03
-6.600000e+00	3.270000e-04	3.420000e-04	5.086000e-02	2.200000e-04	2.270000e-04	4.790000e-04	8.174000e-03	8.027000e-03	4.114000e-03	1.010000e-04	3.740000e-04	2.850000e-04	2.870000e-04	1.740000e-03
-6.550000e+00	5.870000e-04	6.150000e-04	5.323100e-02	2.540000e-04	2.670000e-04	5.340000e-04	8.276000e-03	8.123000e-03	4.341000e-03	1.410000e-04	3.780000e-04	2.980000e-04	3.010000e-04	1.807000e-03
-6.500000e+00	1.205000e-03	1.282000e-03	5.580400e-02	3.100000e-04	3.190000e-04	6.020000e-04	8.409000e-03	8.170000e-03	4.596000e-03	1.840000e-04	3.820000e-04	3.210000e-04	3.260000e-04	1.876000e-03
-6.450000e+00	2.643000e-03	2.848000e-03	5.828100e-02	3.840000e-04	3.690000e-04	7.080000e-04	8.598000e-03	8.281000e-03	4.867000e-03	2.390000e-04	3.920000e-04	3.620000e-04	3.720000e-04	1.947000e-03
-6.400000e+00	4.595000e-03	4.899000e-03	6.056200e-02	4.610000e-04	4.490000e-04	8.340000e-04	8.851000e-03	8.487000e-03	5.163000e-03	3.180000e-04	4.030000e-04	4.210000e-04	4.350000e-04	1.999000e-03
-6.350000e+00	6.850000e-03	7.215000e-03	6.295300e-02	5.850000e-04	5.650000e-04	1.005000e-03	9.122000e-03	8.731000e-03	5.488000e-03	4.240000e-04	4.150000e-04	4.890000e-04	5.050000e-04	2.065000e-03
-6.300000e+00	9.275000e-03	9.665000e-03	6.555900e-02	7.310000e-04	7.210000e-04	1.213000e-03	9.417000e-03	9.040000e-03	5.842000e-03	5.680000e-04	4.290000e-04	5.630000e-04	5.810000e-04	2.137000e-03
-6.250000e+00	1.175300e-02	1.218300e-02	6.822900e-02	8.990000e-04	9.220000e-04	1.473000e-03	9.799000e-03	9.393000e-03	6.230000e-03	7.540000e-04	4.460000e-04	6.410000e-04	6.610000e-04	2.210000e-03
-6.200000e+00	1.420500e-02	1.471300e-02	7.075500e-02	1.126000e-03	1.178000e-03	1.816000e-03	1.031800e-02	9.754000e-03	6.674000e-03	9.840000e-04	4.660000e-04	7.220000e-04	7.450000e-04	2.286000e-03
-6.150000e+00	1.676300e-02	1.724800e-02	7.311800e-02	1.496000e-03	1.523000e-03	2.269000e-03	1.093100e-02	1.009500e-02	7.211000e-03	1.283000e-03	4.920000e-04	8.060000e-04	8.310000e-04	2.364000e-03
-6.100000e+00	1.909500e-02	1.971000e-02	7.560500e-02	1.965000e-03	1.944000e-03	2.794000e-03	1.175700e-02	1.059600e-02	7.798000e-03	1.709000e-03	5.190000e-04	8.920000e-04	9.200000e-04	2.448000e-03
-6.050000e+00	2.159100e-02	2.217200e-02	7.815600e-02	2.549000e-03	2.502000e-03	3.482000e-03	1.275100e-02	1.121100e-02	8.524000e-03	2.253000e-03	5.510000e-04	9.840000e-04	1.016000e-03	2.534000e-03
-6.000000e+00	2.415100e-02	2.463600e-02	8.059000e-02	3.261000e-03	3.221000e-03	4.377000e-03	1.402500e-02	1.196800e-02	9.421000e-03	2.962000e-03	5.880000e-04	1.082000e-03	1.117000e-03	2.625000e-03
-5.950000e+00	2.671500e-02	2.718700e-02	8.290600e-02	4.156000e-03	4.136000e-03	5.513000e-03	1.562200e-02	1.293300e-02	1.051300e-02	3.885000e-03	6.340000e-04	1.185000e-03	1.225000e-03	2.722000e-03
-5.900000e+00	2.921700e-02	2.988300e-02	8.524500e-02	5.350000e-03	5.316000e-03	6.932000e-03	1.759300e-02	1.413400e-02	1.181300e-02	5.071000e-03	6.930000e-04	1.297000e-03	1.343000e-03	2.832000e-03
-5.850000e+00	3.150900e-02	3.256300e-02	8.784000e-02	6.988000e-03	6.919000e-03	8.751000e-03	2.014600e-02	1.543900e-02	1.332500e-02	6.568000e-03	7.580000e-04	1.420000e-03	1.473000e-03	2.974000e-03
-5.800000e+00	3.401500e-02	3.526000e-02	9.035000e-02	9.057000e-03	8.974000e-03	1.111200e-02	2.337100e-02	1.710700e-02	1.526100e-02	8.663000e-03	8.380000e-04	1.558000e-03	1.618000e-03	3.103000e-03
-5.750000e+00	3.650600e-02	3.778700e-02	9.283700e-02	1.170600e-02	1.168300e-02	1.413400e-02	2.738200e-02	1.918600e-02	1.756800e-02	1.134100e-02	9.320000e-04	1.710000e-03	1.780000e-03	3.248000e-03
-5.700000e+00	3.901800e-02	4.035400e-02	9.521300e-02	1.513700e-02	1.522400e-02	1.794500e-02	3.238900e-02	2.170600e-02	2.040500e-02	1.477000e-02	1.043000e-03	1.881000e-03	1.964000e-03	3.408000e-03
-5.650000e+00	4.159900e-02	4.299400e-02	9.764800e-02	1.955700e-02	1.973900e-02	2.277000e-02	3.859500e-02	2.473500e-02	2.387700e-02	1.912200e-02	1.174000e-03	2.074000e-03	2.176000e-03	3.589000e-03
-5.600000e+00	4.420900e-02	4.566700e-02	1.002910e-01	2.517000e-02	2.537000e-02	2.891100e-02	4.625500e-02	2.840800e-02	2.805000e-02	2.461000e-02	1.333000e-03	2.297000e-03	2.423000e-03	3.796000e-03
-5.550000e+00	4.658100e-02	4.842200e-02	1.029590e-01	3.221600e-02	3.245600e-02	3.659300e-02	5.584000e-02	3.299500e-02	3.301200e-02	3.163900e-02	1.534000e-03	2.556000e-03	2.711000e-03	4.037000e-03
-5.500000e+00	4.885600e-02	5.122700e-02	1.051460e-01	4.129300e-02	4.145300e-02	4.636300e-02	6.824200e-02	3.853500e-02	3.890500e-02	4.064400e-02	1.778000e-03	2.861000e-03	3.052000e-03	4.324000e-03
-5.450000e+00	5.148000e-02	5.407600e-02	1.074170e-01	5.279900e-02	5.292900e-02	5.865600e-02	8.367200e-02	4.512800e-02	4.612300e-02	5.205200e-02	2.075000e-03	3.220000e-03	3.451000e-03	4.662000e-03
-5.400000e+00	5.424800e-02	5.688900e-02	1.097330e-01	6.730200e-02	6.750400e-02	7.396600e-02	1.029600e-01	5.300000e-02	5.492900e-02	6.642800e-02	2.432000e-03	3.645000e-03	3.919000e-03	5.062000e-03
-5.350000e+00	5.697400e-02	5.984100e-02	1.121840e-01	8.553400e-02	8.587800e-02	9.299600e-02	1.271670e-01	6.243600e-02	6.547100e-02	8.462100e-02	2.853000e-03	4.144000e-03	4.465000e-03	5.537000e-03
-5.300000e+00	5.959400e-02	6.307500e-02	1.147390e-01	1.084470e-01	1.087880e-01	1.167280e-01	1.576660e-01	7.380700e-02	7.789700e-02	1.076610e-01	3.352000e-03	4.734000e-03	5.104000e-03	6.101000e-03
-5.250000e+00	6.230700e-02	6.631300e-02	1.169580e-01	1.372810e-01	1.369430e-01	1.464480e-01	1.962640e-01	8.761300e-02	9.270800e-02	1.362740e-01	3.966000e-03	5.438000e-03	5.887000e-03	6.772000e-03
-5.200000e+00	6.513900e-02	6.953000e-02	1.193290e-01	1.727840e-01	1.725260e-01	1.834840e-01	2.428920e-01	1.039090e-01	1.105060e-01	1.711210e-01	4.669000e-03	6.280000e-03	6.807000e-03	7.583000e-03
-5.150000e+00	6.776800e-02	7.295200e-02	1.216090e-01	2.167050e-01	2.168170e-01	2.289940e-01	2.988930e-01	1.230610e-01	1.312980e-01	2.145790e-01	5.559000e-03	7.281000e-03	7.896000e-03	8.548000e-03
-5.100000e+00	7.055900e-02	7.661400e-02	1.237220e-01	2.707170e-01	2.710250e-01	2.848320e-01	3.662630e-01	1.457400e-01	1.558440e-01	2.684070e-01	6.603000e-03	8.469000e-03	9.182000e-03	9.697000e-03
-5.050000e+00	7.354000e-02	8.054400e-02	1.258780e-01	3.370360e-01	3.373100e-01	3.532890e-01	4.472930e-01	1.725470e-01	1.849160e-01	3.343740e-01	7.816000e-03	9.878000e-03	1.070100e-02	1.106500e-02
-5.000000e+00	7.659600e-02	8.484600e-02	1.282140e-01	4.183590e-01	4.187720e-01	4.368690e-01	5.448350e-01	2.040710e-01	2.192810e-01	4.146340e-01	9.245000e-03	1.154400e-02	1.250100e-02	1.268700e-02
-4.950000e+00	7.972100e-02	8.982100e-02	1.303990e-01	5.173890e-01	5.185660e-01	5.375880e-01	6.629460e-01	2.411000e-01	2.597410e-01	5.128320e-01	1.092500e-02	1.351600e-02	1.462100e-02	1.460200e-02
-4.900000e+00	8.315900e-02	9.522800e-02	1.324730e-01	6.365650e-01	6.374630e-01	6.589570e-01	8.041460e-01	2.843660e-01	3.065220e-01	6.302680e-01	1.291000e-02	1.584200e-02	1.711700e-02	1.688300e-02
-4.850000e+00	8.682700e-02	1.017410e-01	1.346140e-01	7.797350e-01	7.797950e-01	8.043350e-01	9.731120e-01	3.351160e-01	3.610360e-01	7.719770e-01	1.522000e-02	1.856300e-02	2.003100e-02	1.955900e-02
-4.800000e+00	9.054700e-02	1.104030e-01	1.367400e-01	9.503500e-01	9.498970e-01	9.779190e-01	1.174055e+00	3.940770e-01	4.242350e-01	9.410850e-01	1.791300e-02	2.173800e-02	2.340700e-02	2.268900e-02
-4.750000e+00	9.439700e-02	1.224390e-01	1.389340e-01	1.152364e+00	1.152395e+00	1.184158e+00	1.411681e+00	4.623180e-01	4.972340e-01	1.141875e+00	2.103100e-02	2.543000e-02	2.728000e-02	2.633100e-02
-4.700000e+00	9.849400e-02	1.394930e-01	1.413060e-01	1.390442e+00	1.391764e+00	1.427581e+00	1.691109e+00	5.411510e-01	5.813950e-01	1.379184e+00	2.461900e-02	2.971100e-02	3.168600e-02	3.055200e-02
-4.650000e+00	1.027200e-01	1.640260e-01	1.438500e-01	1.670216e+00	1.671570e+00	1.712594e+00	2.017631e+00	6.317450e-01	6.784370e-01	1.656279e+00	2.875700e-02	3.465900e-02	3.666900e-02	3.545000e-02
-4.600000e+00	1.072350e-01	1.799630e-01	1.466990e-01	1.994441e+00	1.994580e+00	2.041916e+00	2.394253e+00	7.350360e-01	7.890620e-01	1.978504e+00	3.345300e-02	4.032700e-02	4.232900e-02	4.106000e-02
-4.550000e+00	1.120650e-01	1.895760e-01	1.497820e-01	2.369239e+00	2.369304e+00	2.421650e+00	2.828005e+00	8.527480e-01	9.150350e-01	2.349425e+00	3.880500e-02	4.680400e-02	4.878300e-02	4.748400e-02
-4.500000e+00	1.174330e-01	1.959340e-01	1.530310e-01	2.799035e+00	2.799037e+00	2.856965e+00	3.325832e+00	9.860820e-01	1.058048e+00	2.775880e+00	4.486400e-02	5.417100e-02	5.611700e-02	5.479900e-02
-4.450000e+00	1.232070e-01	2.011970e-01	1.565570e-01	3.289166e+00	3.288236e+00	3.353911e+00	3.894905e+00	1.136943e+00	1.219835e+00	3.262970e+00	5.170900e-02	6.251600e-02	6.442100e-02	6.308800e-02
-4.400000e+00	1.292470e-01	2.064490e-01	1.605380e-01	3.845226e+00	3.842574e+00	3.918595e+00	4.540963e+00	1.307430e+00	1.402134e+00	3.814566e+00	5.943000e-02	7.192500e-02	7.378000e-02	7.244300e-02
-4.350000e+00	1.358750e-01	2.119390e-01	1.651020e-01	4.471263e+00	4.468187e+00	4.555231e+00	5.265226e+00	1.498626e+00	1.606639e+00	4.435598e+00	6.807400e-02	8.248300e-02	8.427700e-02	8.294900e-02
-4.300000e+00	1.427120e-01	2.183500e-01	1.699070e-01	5.164296e+00	5.163164e+00	5.259145e+00	6.066919e+00	1.711261e+00	1.832911e+00	5.123043e+00	7.765700e-02	9.417700e-02	9.593100e-02	9.459800e-02
-4.250000e+00	1.501660e-01	2.247620e-01	1.754280e-01	5.932551e+00	5.932228e+00	6.038904e+00	6.958075e+00	1.947365e+00	2.084923e+00	5.884869e+00	8.828900e-02	1.071470e-01	1.088550e-01	1.075230e-01
-4.200000e+00	1.581620e-01	2.314210e-01	1.814100e-01	6.778035e+00	6.778453e+00	6.897800e+00	7.940256e+00	2.208398e+00	2.364225e+00	6.724250e+00	1.000590e-01	1.214570e-01	1.231130e-01	1.217890e-01
-4.150000e+00	1.668490e-01	2.385730e-01	1.879860e-01	7.702262e+00	7.703338e+00	7.836944e+00	9.013736e+00	2.495803e+00	2.671594e+00	7.642919e+00	1.130320e-01	1.371650e-01	1.387710e-01	1.374520e-01
-4.100000e+00	1.762840e-01	2.462770e-01	1.952990e-01	8.705765e+00	8.707267e+00	8.855840e+00	1.017810e+01	2.810626e+00	3.007365e+00	8.640383e+00	1.272570e-01	1.543200e-01	1.558780e-01	1.545640e-01
-4.050000e+00	1.860170e-01	2.541740e-01	2.030550e-01	9.787166e+00	9.790717e+00	9.954000e+00	1.143335e+01	3.152866e+00	3.372232e+00	9.712896e+00	1.427710e-01	1.729570e-01	1.744370e-01	1.731640e-01
-4.000000e+00	1.962120e-01	2.626120e-01	2.114340e-01	1.092981e+01	1.093112e+01	1.111351e+01	1.276211e+01	3.520603e+00	3.767158e+00	1.084006e+01	1.594380e-01	1.928810e-01	1.943080e-01	1.930590e-01
-3.950000e+00	2.069310e-01	2.718650e-01	2.203390e-01	1.213565e+01	1.213594e+01	1.234074e+01	1.417069e+01	3.917664e+00	4.193957e+00	1.203563e+01	1.773820e-01	2.142480e-01	2.156170e-01	2.143980e-01
-3.900000e+00	2.184590e-01	2.814750e-01	2.301270e-01	1.339968e+01	1.339986e+01	1.362941e+01	1.565199e+01	4.343501e+00	4.652731e+00	1.329140e+01	1.966500e-01	2.370370e-01	2.383460e-01	2.371600e-01
-3.850000e+00	2.307700e-01	2.913240e-01	2.406110e-01	1.471572e+01	1.471582e+01	1.497277e+01	1.719842e+01	4.798118e+00	5.143969e+00	1.459825e+01	2.172620e-01	2.611950e-01	2.624460e-01	2.612950e-01
-3.800000e+00	2.435860e-01	3.015370e-01	2.514240e-01	1.607553e+01	1.607441e+01	1.636273e+01	1.880141e+01	5.281668e+00	5.668015e+00	1.594622e+01	2.391910e-01	2.866470e-01	2.878390e-01	2.867280e-01
-3.750000e+00	2.564760e-01	3.123820e-01	2.624840e-01	1.746745e+01	1.746311e+01	1.778843e+01	2.045059e+01	5.793628e+00	6.224096e+00	1.732443e+01	2.623550e-01	3.133010e-01	3.144320e-01	3.133680e-01
-3.700000e+00	2.693270e-01	3.235410e-01	2.743770e-01	1.885225e+01	1.884806e+01	1.921290e+01	2.209684e+01	6.326803e+00	6.805385e+00	1.869716e+01	2.864210e-01	3.406730e-01	3.417430e-01	3.407340e-01
-3.650000e+00	2.828120e-01	3.349370e-01	2.864580e-01	2.023890e+01	2.023416e+01	2.064511e+01	2.375285e+01	6.884073e+00	7.415372e+00	2.007254e+01	3.115650e-01	3.689230e-01	3.699290e-01	3.689830e-01
-3.600000e+00	2.965310e-01	3.461300e-01	2.988330e-01	2.161591e+01	2.160921e+01	2.206700e+01	2.541002e+01	7.464787e+00	8.054534e+00	2.143803e+01	3.376300e-01	3.978680e-01	3.988110e-01	3.979350e-01
-3.550000e+00	3.105300e-01	3.574110e-01	3.117940e-01	2.296664e+01	2.295911e+01	2.346513e+01	2.705003e+01	8.067886e+00	8.720951e+00	2.277819e+01	3.644730e-01	4.273000e-01	4.281800e-01	4.273830e-01
-3.500000e+00	3.248630e-01	3.691730e-01	3.254400e-01	2.427340e+01	2.426986e+01	2.482934e+01	2.865122e+01	8.691722e+00	9.411221e+00	2.407620e+01	3.919550e-01	4.569890e-01	4.578050e-01	4.570960e-01
-3.450000e+00	3.390390e-01	3.811730e-01	3.391880e-01	2.552351e+01	2.553060e+01	2.615021e+01	3.019802e+01	9.333850e+00	1.012217e+01	2.531613e+01	4.199370e-01	4.866830e-01	4.874370e-01	4.868260e-01
-3.400000e+00	3.528630e-01	3.929080e-01	3.524360e-01	2.667487e+01	2.667440e+01	2.736463e+01	3.164428e+01	9.982891e+00	1.084425e+01	2.645033e+01	4.478440e-01	5.156090e-01	5.163030e-01	5.158020e-01
-3.350000e+00	3.664680e-01	4.041610e-01	3.657780e-01	2.774180e+01	2.773769e+01	2.850916e+01	3.299959e+01	1.064213e+01	1.158204e+01	2.750226e+01	4.757980e-01	5.439680e-01	5.446010e-01	5.442280e-01
-3.300000e+00	3.799590e-01	4.149460e-01	3.793030e-01	2.871574e+01	2.870887e+01	2.956513e+01	3.425353e+01	1.130888e+01	1.233079e+01	2.846565e+01	5.035240e-01	5.714780e-01	5.720480e-01	5.718200e-01
-3.250000e+00	3.930190e-01	4.253970e-01	3.928590e-01	2.958421e+01	2.957624e+01	3.052329e+01	3.539673e+01	1.197912e+01	1.308732e+01	2.932700e+01	5.307600e-01	5.978420e-01	5.983480e-01	5.982820e-01
-3.200000e+00	4.053250e-01	4.354630e-01	4.060910e-01	3.033703e+01	3.033091e+01	3.137854e+01	3.642093e+01	1.264835e+01	1.384758e+01	3.007291e+01	5.572560e-01	6.227640e-01	6.232030e-01	6.233150e-01
-3.150000e+00	4.170550e-01	4.445670e-01	4.184960e-01	3.097353e+01	3.097006e+01	3.212298e+01	3.731900e+01	1.331261e+01	1.460327e+01	3.069899e+01	5.827790e-01	6.459590e-01	6.463340e-01	6.466400e-01
-3.100000e+00	4.275620e-01	4.526080e-01	4.307990e-01	3.145992e+01	3.145620e+01	3.272923e+01	3.805000e+01	1.395770e+01	1.533512e+01	3.117735e+01	6.065730e-01	6.664750e-01	6.667890e-01	6.673140e-01
-3.050000e+00	4.371280e-01	4.601800e-01	4.428090e-01	3.183235e+01	3.182189e+01	3.322894e+01	3.865005e+01	1.459253e+01	1.605401e+01	3.153818e+01	6.286740e-01	6.847280e-01	6.849800e-01	6.857560e-01
-3.000000e+00	4.458990e-01	4.665290e-01	4.544950e-01	3.208807e+01	3.207268e+01	3.362238e+01	3.911881e+01	1.521141e+01	1.675497e+01	3.178159e+01	6.490150e-01	7.005070e-01	7.006960e-01	7.017530e-01
-2.950000e+00	4.536760e-01	4.717210e-01	4.655400e-01	3.222702e+01	3.220792e+01	3.391281e+01	3.945710e+01	1.580937e+01	1.743177e+01	3.191003e+01	6.673570e-01	7.136170e-01	7.137430e-01	7.151130e-01
-2.900000e+00	4.603230e-01	4.759510e-01	4.757900e-01	3.225294e+01	3.222885e+01	3.410387e+01	3.966597e+01	1.638103e+01	1.807751e+01	3.192844e+01	6.834210e-01	7.238900e-01	7.239540e-01	7.256690e-01
-2.850000e+00	4.662110e-01	4.787930e-01	4.857770e-01	3.217434e+01	3.214692e+01	3.419691e+01	3.974573e+01	1.691911e+01	1.868541e+01	3.184429e+01	6.970470e-01	7.312030e-01	7.312050e-01	7.333040e-01
-2.800000e+00	4.701060e-01	4.802550e-01	4.953140e-01	3.196674e+01	3.194267e+01	3.418093e+01	3.968060e+01	1.740123e+01	1.923391e+01	3.163460e+01	7.073390e-01	7.346300e-01	7.345700e-01	7.371040e-01
-2.750000e+00	4.728270e-01	4.808830e-01	5.042930e-01	3.166825e+01	3.164207e+01	3.408378e+01	3.949834e+01	1.784089e+01	1.973165e+01	3.133180e+01	7.148610e-01	7.349160e-01	7.347920e-01	7.378110e-01
-2.700000e+00	4.742470e-01	4.799850e-01	5.132440e-01	3.128186e+01	3.125246e+01	3.391121e+01	3.920686e+01	1.823114e+01	2.016826e+01	3.094152e+01	7.195650e-01	7.320260e-01	7.318390e-01	7.354090e-01
-2.650000e+00	4.743380e-01	4.776840e-01	5.222280e-01	3.081093e+01	3.077735e+01	3.366957e+01	3.880819e+01	1.856505e+01	2.053794e+01	3.046761e+01	7.213420e-01	7.260000e-01	7.257510e-01	7.299260e-01
-2.600000e+00	4.732410e-01	4.742330e-01	5.312840e-01	3.025991e+01	3.022216e+01	3.336552e+01	3.830221e+01	1.883648e+01	2.083652e+01	2.991528e+01	7.200940e-01	7.169240e-01	7.166120e-01	7.214330e-01
-2.550000e+00	4.713220e-01	4.693290e-01	5.409330e-01	2.963510e+01	2.959939e+01	3.300574e+01	3.769027e+01	1.904084e+01	2.105812e+01	2.929402e+01	7.157960e-01	7.049020e-01	7.045270e-01	7.100350e-01
-2.500000e+00	4.677130e-01	4.633490e-01	5.506660e-01	2.892956e+01	2.889019e+01	3.256371e+01	3.695762e+01	1.915422e+01	2.117935e+01	2.858966e+01	7.081350e-01	6.892900e-01	6.888500e-01	6.951520e-01
-2.450000e+00	4.629420e-01	4.563060e-01	5.613770e-01	2.816158e+01	2.812095e+01	3.207495e+01	3.612856e+01	1.919181e+01	2.120909e+01	2.782883e+01	6.975890e-01	6.710890e-01	6.705730e-01	6.777550e-01
-2.400000e+00	4.571110e-01	4.483420e-01	5.733780e-01	2.734229e+01	2.729823e+01	3.154228e+01	3.520819e+01	1.915024e+01	2.114837e+01	2.701864e+01	6.844980e-01	6.504690e-01	6.498950e-01	6.580290e-01
-2.350000e+00	4.505240e-01	4.394680e-01	5.868440e-01	2.647890e+01	2.643188e+01	3.096703e+01	3.419787e+01	1.903007e+01	2.099687e+01	2.616351e+01	6.689950e-01	6.276950e-01	6.270720e-01	6.362280e-01
-2.300000e+00	4.433340e-01	4.297340e-01	6.018960e-01	2.557705e+01	2.552933e+01	3.034814e+01	3.309851e+01	1.883208e+01	2.075331e+01	2.526845e+01	6.511990e-01	6.030600e-01	6.023800e-01	6.126290e-01
-2.250000e+00	4.352160e-01	4.193760e-01	6.187090e-01	2.464284e+01	2.459085e+01	2.968137e+01	3.191356e+01	1.855381e+01	2.041605e+01	2.434189e+01	6.313800e-01	5.768330e-01	5.760950e-01	5.875090e-01
-2.200000e+00	4.268280e-01	4.085440e-01	6.382430e-01	2.366758e+01	2.360563e+01	2.895033e+01	3.061179e+01	1.818003e+01	1.996327e+01	2.337678e+01	6.093070e-01	5.486580e-01	5.478570e-01	5.605680e-01
-2.150000e+00	4.174200e-01	3.970350e-01	6.608220e-01	2.267002e+01	2.260517e+01	2.816227e+01	2.922550e+01	1.773152e+01	1.942425e+01	2.238977e+01	5.858550e-01	5.195450e-01	5.186700e-01	5.327530e-01
-2.100000e+00	4.078390e-01	3.853900e-01	6.862610e-01	2.166052e+01	2.159664e+01	2.730286e+01	2.776744e+01	1.721575e+01	1.880911e+01	2.139091e+01	5.611830e-01	4.897660e-01	4.888230e-01	5.043200e-01
-2.050000e+00	3.983150e-01	3.735340e-01	7.149620e-01	2.064269e+01	2.057972e+01	2.635388e+01	2.625151e+01	1.664204e+01	1.812414e+01	2.038450e+01	5.356430e-01	4.595950e-01	4.586000e-01	4.755950e-01
-2.000000e+00	3.887700e-01	3.612710e-01	7.473660e-01	1.962065e+01	1.955552e+01	2.529733e+01	2.469943e+01	1.601835e+01	1.737623e+01	1.937599e+01	5.096240e-01	4.293150e-01	4.282780e-01	4.468710e-01
-1.950000e+00	3.791000e-01	3.487160e-01	7.832390e-01	1.860436e+01	1.853319e+01	2.411944e+01	2.314466e+01	1.534867e+01	1.657640e+01	1.837717e+01	4.834230e-01	3.992230e-01	3.981320e-01	4.183220e-01
-1.900000e+00	3.689450e-01	3.367310e-01	8.235520e-01	1.758348e+01	1.750724e+01	2.275510e+01	2.159624e+01	1.462392e+01	1.572068e+01	1.736362e+01	4.565850e-01	3.691260e-01	3.679790e-01	3.898880e-01
-1.850000e+00	3.590440e-01	3.249120e-01	8.675320e-01	1.657025e+01	1.649372e+01	2.133082e+01	2.007026e+01	1.386618e+01	1.483981e+01	1.636598e+01	4.295120e-01	3.397110e-01	3.384840e-01	3.621450e-01
-1.800000e+00	3.497220e-01	3.131630e-01	9.151130e-01	1.557585e+01	1.550035e+01	1.995582e+01	1.856208e+01	1.309085e+01	1.394945e+01	1.538864e+01	4.026320e-01	3.111250e-01	3.098260e-01	3.352320e-01
-1.750000e+00	3.408590e-01	3.016930e-01	9.664590e-01	1.460177e+01	1.452910e+01	1.864828e+01	1.707439e+01	1.230601e+01	1.305621e+01	1.443212e+01	3.762140e-01	2.835210e-01	2.821760e-01	3.093060e-01
-1.700000e+00	3.323080e-01	2.906900e-01	1.021448e+00	1.364916e+01	1.358014e+01	1.738217e+01	1.561421e+01	1.151587e+01	1.216285e+01	1.349620e+01	3.504440e-01	2.570520e-01	2.556760e-01	2.844950e-01
-1.650000e+00	3.242670e-01	2.800700e-01	1.078981e+00	1.272528e+01	1.265477e+01	1.612219e+01	1.419041e+01	1.072354e+01	1.127231e+01	1.258213e+01	3.254920e-01	2.318560e-01	2.304320e-01	2.608780e-01
-1.600000e+00	3.162460e-01	2.701680e-01	1.140623e+00	1.181912e+01	1.175325e+01	1.484082e+01	1.278814e+01	9.928383e+00	1.037472e+01	1.169115e+01	3.009320e-01	2.077330e-01	2.062590e-01	2.383720e-01
-1.550000e+00	3.087050e-01	2.601280e-01	1.204461e+00	1.094440e+01	1.088193e+01	1.356802e+01	1.144010e+01	9.145164e+00	9.493504e+00	1.083311e+01	2.768980e-01	1.851130e-01	1.835910e-01	2.172650e-01
-1.500000e+00	3.015080e-01	2.505270e-01	1.270743e+00	1.010175e+01	1.004364e+01	1.231815e+01	1.015753e+01	8.377859e+00	8.637795e+00	1.000818e+01	2.541190e-01	1.640320e-01	1.624640e-01	1.975580e-01
-1.450000e+00	2.948570e-01	2.417060e-01	1.338478e+00	9.291571e+00	9.240256e+00	1.109994e+01	8.947285e+00	7.632672e+00	7.813933e+00	9.217176e+00	2.322330e-01	1.445180e-01	1.429060e-01	1.792510e-01
-1.400000e+00	2.889770e-01	2.336970e-01	1.406306e+00	8.514676e+00	8.473121e+00	9.920166e+00	7.814469e+00	6.915514e+00	7.026282e+00	8.460920e+00	2.111150e-01	1.265810e-01	1.249300e-01	1.623300e-01
-1.350000e+00	2.838410e-01	2.261510e-01	1.473704e+00	7.772719e+00	7.743402e+00	8.786059e+00	6.763780e+00	6.230451e+00	6.277895e+00	7.739741e+00	1.916450e-01	1.102050e-01	1.085210e-01	1.467530e-01
-1.300000e+00	2.787490e-01	2.190870e-01	1.538923e+00	7.058517e+00	7.042974e+00	7.693108e+00	5.782891e+00	5.571079e+00	5.560550e+00	7.046352e+00	1.728710e-01	9.521700e-02	9.349600e-02	1.324250e-01
-1.250000e+00	2.736570e-01	2.125420e-01	1.601825e+00	6.379412e+00	6.376751e+00	6.664812e+00	4.892894e+00	4.948712e+00	4.894055e+00	6.388008e+00	1.555230e-01	8.174700e-02	7.999500e-02	1.193250e-01
-1.200000e+00	2.691420e-01	2.065520e-01	1.661579e+00	5.736319e+00	5.750024e+00	5.707715e+00	4.096230e+00	4.366955e+00	4.273846e+00	5.764813e+00	1.394320e-01	6.973900e-02	6.796000e-02	1.073660e-01
-1.150000e+00	2.651710e-01	2.008740e-01	1.716276e+00	5.129339e+00	5.160968e+00	4.827637e+00	3.391600e+00	3.826169e+00	3.701961e+00	5.177673e+00	1.243750e-01	5.912000e-02	5.732100e-02	9.646800e-02
-1.100000e+00	2.614890e-01	1.953340e-01	1.763804e+00	4.558920e+00	4.607498e+00	4.029137e+00	2.776100e+00	3.326100e+00	3.180742e+00	4.626995e+00	1.103000e-01	4.980900e-02	4.799800e-02	8.654800e-02
-1.050000e+00	2.579710e-01	1.901180e-01	1.802941e+00	4.026379e+00	4.090999e+00	3.315092e+00	2.246057e+00	2.867194e+00	2.709756e+00	4.112041e+00	9.741300e-02	4.171400e-02	3.990100e-02	7.752000e-02
-1.000000e+00	2.540730e-01	1.850750e-01	1.828608e+00	3.523719e+00	3.605223e+00	2.676338e+00	1.788468e+00	2.445097e+00	2.281313e+00	3.626325e+00	8.554800e-02	3.469100e-02	3.286600e-02	6.921900e-02
-9.500000e-01	2.500620e-01	1.803190e-01	1.841489e+00	3.058615e+00	3.154311e+00	2.125503e+00	1.405669e+00	2.071369e+00	1.901461e+00	3.175387e+00	7.460200e-02	2.870300e-02	2.688300e-02	6.160100e-02
-9.000000e-01	2.460130e-01	1.757480e-01	1.840092e+00	2.630280e+00	2.737183e+00	1.659806e+00	1.090076e+00	1.737924e+00	1.568082e+00	2.758370e+00	6.468200e-02	2.364100e-02	2.183900e-02	5.456900e-02
-8.500000e-01	2.417110e-01	1.713530e-01	1.822596e+00	2.239407e+00	2.353922e+00	1.273835e+00	8.337240e-01	1.442020e+00	1.278512e+00	2.374356e+00	5.577300e-02	1.940700e-02	1.763400e-02	4.808300e-02
-8.000000e-01	2.370740e-01	1.670260e-01	1.787402e+00	1.886280e+00	2.004512e+00	9.603420e-01	6.288080e-01	1.182816e+00	1.029670e+00	2.022867e+00	4.787400e-02	1.590000e-02	1.416800e-02	4.209000e-02
-7.500000e-01	2.325270e-01	1.623900e-01	1.733708e+00	1.570002e+00	1.688273e+00	7.109320e-01	4.678780e-01	9.594140e-01	8.181980e-01	1.703957e+00	4.104100e-02	1.302100e-02	1.133700e-02	3.650100e-02
-7.000000e-01	2.271610e-01	1.574320e-01	1.656000e+00	1.284349e+00	1.398787e+00	5.139750e-01	3.416620e-01	7.657560e-01	6.383310e-01	1.412710e+00	3.496800e-02	1.069100e-02	9.055000e-03	3.122400e-02
-6.500000e-01	2.216440e-01	1.525220e-01	1.559008e+00	1.032322e+00	1.141459e+00	3.640760e-01	2.452790e-01	6.030890e-01	4.897340e-01	1.153778e+00	2.945000e-02	8.818000e-03	7.242000e-03	2.638000e-02
-6.000000e-01	2.159150e-01	1.475190e-01	1.444174e+00	8.146340e-01	9.151310e-01	2.527560e-01	1.735610e-01	4.692870e-01	3.689400e-01	9.259040e-01	2.458000e-02	7.318000e-03	5.802000e-03	2.184400e-02
-5.500000e-01	2.098320e-01	1.423670e-01	1.314044e+00	6.297510e-01	7.190690e-01	1.719420e-01	1.211710e-01	3.611710e-01	2.722920e-01	7.279910e-01	2.022100e-02	6.115000e-03	4.679000e-03	1.774500e-02
-5.000000e-01	2.033050e-01	1.370450e-01	1.171680e+00	4.757010e-01	5.522820e-01	1.145490e-01	8.347600e-02	2.754900e-01	1.965740e-01	5.592590e-01	1.641000e-02	5.153000e-03	3.817000e-03	1.412000e-02
-4.500000e-01	1.964120e-01	1.315330e-01	1.020374e+00	3.505070e-01	4.132670e-01	7.467300e-02	5.675400e-02	2.091870e-01	1.389170e-01	4.189180e-01	1.341500e-02	4.392000e-03	3.158000e-03	1.084000e-02
-4.000000e-01	1.885220e-01	1.258730e-01	8.582150e-01	2.493100e-01	2.969210e-01	4.758500e-02	3.826100e-02	1.600450e-01	9.495000e-02	3.015300e-01	1.096000e-02	3.781000e-03	2.621000e-03	7.962000e-03
-3.500000e-01	1.806490e-01	1.199600e-01	6.976290e-01	1.715030e-01	2.053370e-01	2.986700e-02	2.583200e-02	1.249420e-01	6.299800e-02	2.087020e-01	8.561000e-03	3.213000e-03	2.165000e-03	5.696000e-03
-3.000000e-01	1.727840e-01	1.139720e-01	5.452180e-01	1.136830e-01	1.356600e-01	1.878900e-02	1.757300e-02	1.012420e-01	4.064500e-02	1.379540e-01	6.635000e-03	2.687000e-03	1.769000e-03	3.820000e-03
-2.500000e-01	1.647700e-01	1.078690e-01	4.100580e-01	7.301600e-02	8.566900e-02	1.196500e-02	1.210200e-02	8.599200e-02	2.557700e-02	8.709100e-02	5.153000e-03	2.229000e-03	1.422000e-03	2.463000e-03
-2.000000e-01	1.564080e-01	1.016550e-01	2.901200e-01	4.507000e-02	5.033500e-02	8.017000e-03	8.496000e-03	7.952700e-02	1.548800e-02	5.112100e-02	3.770000e-03	1.764000e-03	1.122000e-03	1.512000e-03
-1.500000e-01	1.486190e-01	9.563100e-02	1.946900e-01	2.701800e-02	2.764900e-02	5.798000e-03	5.951000e-03	7.999900e-02	9.015000e-03	2.809000e-02	3.970000e-03	1.230000e-03	7.710000e-04	8.200000e-04
-1.000000e-01	1.402460e-01	8.923600e-02	1.256420e-01	1.623300e-02	1.448900e-02	4.390000e-03	3.995000e-03	7.991300e-02	4.868000e-03	1.471900e-02	5.030000e-02	5.990000e-04	3.730000e-04	3.390000e-04
-5.000000e-02	1.312070e-01	8.241100e-02	8.376200e-02	1.016600e-02	7.771000e-03	3.287000e-03	2.248000e-03	1.758900e-02	2.392000e-03	7.933000e-03	2.757458e+00	1.900000e-05	1.400000e-05	1.200000e-05
0.000000e+00	1.255400e-01	7.810100e-02	6.739800e-02	7.723000e-03	5.329000e-03	2.726000e-03	1.325000e-03	1.775000e-03	1.392000e-03	5.470000e-03	6.911752e+01	0.000000e+00	0.000000e+00	0.000000e+00
