-8.900000e+00	0.000000e+00	0.000000e+00	0.000000e+00	0.000000e+00	0.000000e+00	0.000000e+00	0.000000e+00	0.000000e+00	0.000000e+00	0.000000e+00	0.000000e+00	0.000000e+00	0.000000e+00	0.000000e+00
-8.850000e+00	0.000000e+00	0.000000e+00	0.000000e+00	0.000000e+00	0.000000e+00	0.000000e+00	0.000000e+00	0.000000e+00	0.000000e+00	0.000000e+00	0.000000e+00	0.000000e+00	0.000000e+00	0.000000e+00
-8.800000e+00	0.000000e+00	0.000000e+00	0.000000e+00	0.000000e+00	0.000000e+00	0.000000e+00	0.000000e+00	0.000000e+00	0.000000e+00	0.000000e+00	0.000000e+00	0.000000e+00	0.000000e+00	0.000000e+00
-8.750000e+00	0.000000e+00	0.000000e+00	0.000000e+00	0.000000e+00	0.000000e+00	0.000000e+00	0.000000e+00	0.000000e+00	0.000000e+00	0.000000e+00	0.000000e+00	0.000000e+00	0.000000e+00	0.000000e+00
-8.700000e+00	0.000000e+00	0.000000e+00	0.000000e+00	0.000000e+00	0.000000e+00	0.000000e+00	0.000000e+00	0.000000e+00	0.000000e+00	0.000000e+00	0.000000e+00	0.000000e+00	0.000000e+00	0.000000e+00
-8.650000e+00	0.000000e+00	0.000000e+00	0.000000e+00	0.000000e+00	0.000000e+00	0.000000e+00	0.000000e+00	0.000000e+00	0.000000e+00	0.000000e+00	0.000000e+00	0.000000e+00	0.000000e+00	0.000000e+00
-8.600000e+00	0.000000e+00	0.000000e+00	0.000000e+00	0.000000e+00	0.000000e+00	0.000000e+00	0.000000e+00	0.000000e+00	0.000000e+00	0.000000e+00	0.000000e+00	0.000000e+00	0.000000e+00	0.000000e+00
-8.550000e+00	0.000000e+00	0.000000e+00	0.000000e+00	0.000000e+00	0.000000e+00	0.000000e+00	0.000000e+00	0.000000e+00	0.000000e+00	0.000000e+00	0.000000e+00	0.000000e+00	0.000000e+00	0.000000e+00
-8.500000e+00	0.000000e+00	0.000000e+00	0.000000e+00	0.000000e+00	0.000000e+00	0.000000e+00	0.000000e+00	0.000000e+00	0.000000e+00	0.000000e+00	0.000000e+00	0.000000e+00	0.000000e+00	0.000000e+00
-8.450000e+00	0.000000e+00	0.000000e+00	0.000000e+00	0.000000e+00	0.000000e+00	0.000000e+00	0.000000e+00	0.000000e+00	0.000000e+00	0.000000e+00	0.000000e+00	0.000000e+00	0.000000e+00	0.000000e+00
-8.400000e+00	0.000000e+00	0.000000e+00	0.000000e+00	0.000000e+00	0.000000e+00	0.000000e+00	0.000000e+00	0.000000e+00	0.000000e+00	0.000000e+00	0.000000e+00	0.000000e+00	0.000000e+00	0.000000e+00
-8.350000e+00	0.000000e+00	0.000000e+00	0.000000e+00	0.000000e+00	0.000000e+00	0.000000e+00	0.000000e+00	0.000000e+00	0.000000e+00	0.000000e+00	0.000000e+00	0.000000e+00	0.000000e+00	0.000000e+00
-8.300000e+00	0.000000e+00	0.000000e+00	0.000000e+00	0.000000e+00	0.000000e+00	0.000000e+00	0.000000e+00	0.000000e+00	0.000000e+00	0.000000e+00	0.000000e+00	0.000000e+00	0.000000e+00	0.000000e+00
-8.250000e+00	0.000000e+00	0.000000e+00	0.000000e+00	0.000000e+00	0.000000e+00	0.000000e+00	0.000000e+00	0.000000e+00	0.000000e+00	0.000000e+00	0.000000e+00	0.000000e+00	0.000000e+00	0.000000e+00
-8.200000e+00	0.000000e+00	0.000000e+00	0.000000e+00	0.000000e+00	0.000000e+00	0.000000e+00	0.000000e+00	0.000000e+00	0.000000e+00	0.000000e+00	0.000000e+00	0.000000e+00	0.000000e+00	0.000000e+00
-8.150000e+00	0.000000e+00	0.000000e+00	0.000000e+00	0.000000e+00	0.000000e+00	0.000000e+00	0.000000e+00	0.000000e+00	0.000000e+00	0.000000e+00	0.000000e+00	0.000000e+00	0.000000e+00	0.000000e+00
-8.100000e+00	0.000000e+00	0.000000e+00	0.000000e+00	0.000000e+00	0.000000e+00	0.000000e+00	0.000000e+00	0.000000e+00	0.000000e+00	0.000000e+00	0.000000e+00	0.000000e+00	0.000000e+00	0.000000e+00
-8.050000e+00	0.000000e+00	0.000000e+00	0.000000e+00	0.000000e+00	0.000000e+00	0.000000e+00	0.000000e+00	0.000000e+00	0.000000e+00	0.000000e+00	0.000000e+00	0.000000e+00	0.000000e+00	0.000000e+00
-8.000000e+00	0.000000e+00	0.000000e+00	0.000000e+00	0.000000e+00	0.000000e+00	0.000000e+00	0.000000e+00	0.000000e+00	0.000000e+00	0.000000e+00	0.000000e+00	0.000000e+00	0.000000e+00	0.000000e+00
-7.950000e+00	0.000000e+00	0.000000e+00	0.000000e+00	0.000000e+00	0.000000e+00	0.000000e+00	0.000000e+00	0.000000e+00	0.000000e+00	0.000000e+00	0.000000e+00	0.000000e+00	0.000000e+00	0.000000e+00
-7.900000e+00	0.000000e+00	0.000000e+00	0.000000e+00	0.000000e+00	0.000000e+00	0.000000e+00	0.000000e+00	0.000000e+00	0.000000e+00	0.000000e+00	0.000000e+00	0.000000e+00	0.000000e+00	0.000000e+00
-7.850000e+00	0.000000e+00	0.000000e+00	0.000000e+00	0.000000e+00	0.000000e+00	0.000000e+00	0.000000e+00	0.000000e+00	0.000000e+00	0.000000e+00	0.000000e+00	0.000000e+00	0.000000e+00	0.000000e+00
-7.800000e+00	0.000000e+00	0.000000e+00	0.000000e+00	0.000000e+00	0.000000e+00	0.000000e+00	0.000000e+00	0.000000e+00	0.000000e+00	0.000000e+00	0.000000e+00	0.000000e+00	0.000000e+00	0.000000e+00
-7.750000e+00	0.000000e+00	0.000000e+00	0.000000e+00	0.000000e+00	0.000000e+00	0.000000e+00	0.000000e+00	0.000000e+00	0.000000e+00	0.000000e+00	0.000000e+00	0.000000e+00	0.000000e+00	0.000000e+00
-7.700000e+00	0.000000e+00	0.000000e+00	0.000000e+00	0.000000e+00	0.000000e+00	0.000000e+00	0.000000e+00	0.000000e+00	0.000000e+00	0.000000e+00	1.000000e-06	0.000000e+00	0.000000e+00	0.000000e+00
-7.650000e+00	0.000000e+00	0.000000e+00	0.000000e+00	0.000000e+00	0.000000e+00	0.000000e+00	0.000000e+00	0.000000e+00	0.000000e+00	0.000000e+00	1.000000e-06	0.000000e+00	0.000000e+00	0.000000e+00
-7.600000e+00	0.000000e+00	0.000000e+00	0.000000e+00	0.000000e+00	0.000000e+00	0.000000e+00	0.000000e+00	0.000000e+00	0.000000e+00	0.000000e+00	2.000000e-06	0.000000e+00	0.000000e+00	0.000000e+00
-7.550000e+00	0.000000e+00	0.000000e+00	0.000000e+00	0.000000e+00	0.000000e+00	0.000000e+00	0.000000e+00	0.000000e+00	0.000000e+00	0.000000e+00	1.000000e-06	0.000000e+00	0.000000e+00	0.000000e+00
-7.500000e+00	0.000000e+00	0.000000e+00	1.000000e-06	0.000000e+00	0.000000e+00	0.000000e+00	0.000000e+00	0.000000e+00	0.000000e+00	0.000000e+00	0.000000e+00	0.000000e+00	0.000000e+00	0.000000e+00
-7.450000e+00	0.000000e+00	0.000000e+00	0.000000e+00	0.000000e+00	0.000000e+00	0.000000e+00	0.000000e+00	0.000000e+00	0.000000e+00	0.000000e+00	0.000000e+00	0.000000e+00	0.000000e+00	0.000000e+00
-7.400000e+00	0.000000e+00	0.000000e+00	1.000000e-06	0.000000e+00	0.000000e+00	0.000000e+00	0.000000e+00	0.000000e+00	0.000000e+00	0.000000e+00	1.000000e-06	0.000000e+00	0.000000e+00	0.000000e+00
-7.350000e+00	0.000000e+00	0.000000e+00	3.000000e-06	0.000000e+00	0.000000e+00	0.000000e+00	0.000000e+00	0.000000e+00	0.000000e+00	0.000000e+00	2.000000e-06	0.000000e+00	0.000000e+00	0.000000e+00
-7.300000e+00	0.000000e+00	0.000000e+00	3.000000e-06	0.000000e+00	0.000000e+00	0.000000e+00	0.000000e+00	0.000000e+00	0.000000e+00	0.000000e+00	3.000000e-06	0.000000e+00	0.000000e+00	0.000000e+00
-7.250000e+00	0.000000e+00	0.000000e+00	5.000000e-06	0.000000e+00	0.000000e+00	0.000000e+00	0.000000e+00	0.000000e+00	0.000000e+00	0.000000e+00	3.000000e-06	0.000000e+00	0.000000e+00	0.000000e+00
-7.200000e+00	0.000000e+00	0.000000e+00	9.000000e-06	0.000000e+00	0.000000e+00	0.000000e+00	0.000000e+00	0.000000e+00	0.000000e+00	0.000000e+00	3.000000e-06	0.000000e+00	0.000000e+00	0.000000e+00
-7.150000e+00	0.000000e+00	0.000000e+00	2.000000e-05	0.000000e+00	0.000000e+00	0.000000e+00	0.000000e+00	0.000000e+00	0.000000e+00	0.000000e+00	3.000000e-06	0.000000e+00	0.000000e+00	0.000000e+00
-7.100000e+00	0.000000e+00	0.000000e+00	4.800000e-05	0.000000e+00	0.000000e+00	0.000000e+00	0.000000e+00	0.000000e+00	0.000000e+00	0.000000e+00	4.000000e-06	0.000000e+00	0.000000e+00	0.000000e+00
-7.050000e+00	0.000000e+00	0.000000e+00	1.100000e-04	0.000000e+00	0.000000e+00	0.000000e+00	0.000000e+00	0.000000e+00	0.000000e+00	0.000000e+00	5.000000e-06	0.000000e+00	0.000000e+00	0.000000e+00
-7.000000e+00	0.000000e+00	0.000000e+00	2.560000e-04	0.000000e+00	0.000000e+00	0.000000e+00	0.000000e+00	0.000000e+00	0.000000e+00	0.000000e+00	5.000000e-06	0.000000e+00	0.000000e+00	0.000000e+00
-6.950000e+00	0.000000e+00	0.000000e+00	6.280000e-04	0.000000e+00	0.000000e+00	0.000000e+00	0.000000e+00	0.000000e+00	0.000000e+00	0.000000e+00	6.000000e-06	0.000000e+00	0.000000e+00	0.000000e+00
-6.900000e+00	0.000000e+00	0.000000e+00	1.594000e-03	0.000000e+00	0.000000e+00	0.000000e+00	0.000000e+00	0.000000e+00	0.000000e+00	0.000000e+00	7.000000e-06	0.000000e+00	0.000000e+00	0.000000e+00
-6.850000e+00	2.000000e-06	0.000000e+00	4.006000e-03	0.000000e+00	0.000000e+00	0.000000e+00	0.000000e+00	0.000000e+00	0.000000e+00	0.000000e+00	8.000000e-06	0.000000e+00	0.000000e+00	0.000000e+00
-6.800000e+00	2.000000e-06	2.000000e-06	8.891000e-03	0.000000e+00	0.000000e+00	0.000000e+00	0.000000e+00	0.000000e+00	0.000000e+00	0.000000e+00	1.100000e-05	0.000000e+00	0.000000e+00	0.000000e+00
-6.750000e+00	1.000000e-06	1.000000e-06	1.395200e-02	0.000000e+00	0.000000e+00	0.000000e+00	0.000000e+00	0.000000e+00	0.000000e+00	0.000000e+00	1.100000e-05	0.000000e+00	0.000000e+00	0.000000e+00
-6.700000e+00	1.000000e-06	2.000000e-06	1.794700e-02	0.000000e+00	0.000000e+00	0.000000e+00	0.000000e+00	0.000000e+00	0.000000e+00	0.000000e+00	1.200000e-05	0.000000e+00	0.000000e+00	0.000000e+00
-6.650000e+00	2.000000e-06	3.000000e-06	2.158700e-02	0.000000e+00	0.000000e+00	0.000000e+00	0.000000e+00	0.000000e+00	0.000000e+00	0.000000e+00	1.400000e-05	0.000000e+00	0.000000e+00	0.000000e+00
-6.600000e+00	2.000000e-06	5.000000e-06	2.476900e-02	0.000000e+00	0.000000e+00	0.000000e+00	0.000000e+00	0.000000e+00	0.000000e+00	0.000000e+00	1.700000e-05	0.000000e+00	0.000000e+00	0.000000e+00
-6.550000e+00	2.000000e-06	5.000000e-06	2.762900e-02	0.000000e+00	0.000000e+00	0.000000e+00	0.000000e+00	0.000000e+00	0.000000e+00	0.000000e+00	2.100000e-05	0.000000e+00	0.000000e+00	0.000000e+00
-6.500000e+00	2.000000e-06	6.000000e-06	3.040000e-02	0.000000e+00	0.000000e+00	0.000000e+00	0.000000e+00	0.000000e+00	0.000000e+00	0.000000e+00	2.300000e-05	0.000000e+00	0.000000e+00	0.000000e+00
-6.450000e+00	4.000000e-06	9.000000e-06	3.320400e-02	1.000000e-06	0.000000e+00	0.000000e+00	0.000000e+00	0.000000e+00	0.000000e+00	0.000000e+00	3.000000e-05	0.000000e+00	0.000000e+00	0.000000e+00
-6.400000e+00	5.000000e-06	9.000000e-06	3.595700e-02	0.000000e+00	0.000000e+00	0.000000e+00	0.000000e+00	0.000000e+00	0.000000e+00	0.000000e+00	3.000000e-05	0.000000e+00	0.000000e+00	0.000000e+00
-6.350000e+00	4.000000e-06	9.000000e-06	3.842400e-02	0.000000e+00	0.000000e+00	0.000000e+00	0.000000e+00	0.000000e+00	0.000000e+00	0.000000e+00	3.400000e-05	0.000000e+00	0.000000e+00	0.000000e+00
-6.300000e+00	4.000000e-06	1.000000e-05	4.089900e-02	0.000000e+00	0.000000e+00	0.000000e+00	0.000000e+00	0.000000e+00	0.000000e+00	0.000000e+00	4.000000e-05	0.000000e+00	0.000000e+00	0.000000e+00
-6.250000e+00	4.000000e-06	1.300000e-05	4.345500e-02	2.000000e-06	1.000000e-06	0.000000e+00	0.000000e+00	0.000000e+00	0.000000e+00	0.000000e+00	4.400000e-05	0.000000e+00	0.000000e+00	0.000000e+00
-6.200000e+00	4.000000e-06	1.700000e-05	4.600100e-02	2.000000e-06	1.000000e-06	0.000000e+00	0.000000e+00	0.000000e+00	0.000000e+00	0.000000e+00	4.700000e-05	0.000000e+00	0.000000e+00	0.000000e+00
-6.150000e+00	5.000000e-06	1.900000e-05	4.837400e-02	2.000000e-06	0.000000e+00	0.000000e+00	0.000000e+00	0.000000e+00	0.000000e+00	0.000000e+00	4.500000e-05	0.000000e+00	0.000000e+00	0.000000e+00
-6.100000e+00	6.000000e-06	2.100000e-05	5.090600e-02	2.000000e-06	0.000000e+00	0.000000e+00	0.000000e+00	0.000000e+00	0.000000e+00	0.000000e+00	4.700000e-05	0.000000e+00	0.000000e+00	0.000000e+00
-6.050000e+00	7.000000e-06	2.400000e-05	5.335100e-02	3.000000e-06	0.000000e+00	0.000000e+00	0.000000e+00	0.000000e+00	0.000000e+00	0.000000e+00	5.100000e-05	0.000000e+00	0.000000e+00	0.000000e+00
-6.000000e+00	9.000000e-06	2.800000e-05	5.573800e-02	3.000000e-06	1.000000e-06	0.000000e+00	0.000000e+00	0.000000e+00	0.000000e+00	1.000000e-06	5.300000e-05	0.000000e+00	0.000000e+00	0.000000e+00
-5.950000e+00	1.200000e-05	3.400000e-05	5.810200e-02	3.000000e-06	0.000000e+00	0.000000e+00	0.000000e+00	0.000000e+00	0.000000e+00	2.000000e-06	5.600000e-05	0.000000e+00	0.000000e+00	0.000000e+00
-5.900000e+00	1.300000e-05	4.200000e-05	6.045900e-02	2.000000e-06	0.000000e+00	2.000000e-06	0.000000e+00	0.000000e+00	0.000000e+00	2.000000e-06	6.200000e-05	0.000000e+00	0.000000e+00	0.000000e+00
-5.850000e+00	1.300000e-05	5.400000e-05	6.276300e-02	1.000000e-06	0.000000e+00	3.000000e-06	0.000000e+00	0.000000e+00	0.000000e+00	3.000000e-06	7.200000e-05	0.000000e+00	0.000000e+00	0.000000e+00
-5.800000e+00	2.300000e-05	7.000000e-05	6.499700e-02	2.000000e-06	2.000000e-06	4.000000e-06	0.000000e+00	0.000000e+00	0.000000e+00	3.000000e-06	8.100000e-05	0.000000e+00	0.000000e+00	0.000000e+00
-5.750000e+00	3.700000e-05	1.080000e-04	6.711100e-02	5.000000e-06	4.000000e-06	6.000000e-06	0.000000e+00	0.000000e+00	0.000000e+00	5.000000e-06	8.700000e-05	0.000000e+00	0.000000e+00	0.000000e+00
-5.700000e+00	6.700000e-05	1.760000e-04	6.913000e-02	9.000000e-06	5.000000e-06	8.000000e-06	0.000000e+00	0.000000e+00	0.000000e+00	6.000000e-06	9.300000e-05	0.000000e+00	0.000000e+00	0.000000e+00
-5.650000e+00	1.380000e-04	3.150000e-04	7.103600e-02	1.200000e-05	8.000000e-06	9.000000e-06	0.000000e+00	0.000000e+00	0.000000e+00	8.000000e-06	1.000000e-04	0.000000e+00	0.000000e+00	0.000000e+00
-5.600000e+00	3.100000e-04	6.500000e-04	7.286600e-02	1.500000e-05	1.100000e-05	1.000000e-05	0.000000e+00	0.000000e+00	0.000000e+00	1.100000e-05	1.090000e-04	0.000000e+00	0.000000e+00	0.000000e+00
-5.550000e+00	7.520000e-04	1.508000e-03	7.482200e-02	2.200000e-05	1.800000e-05	1.400000e-05	0.000000e+00	0.000000e+00	0.000000e+00	1.600000e-05	1.180000e-04	0.000000e+00	0.000000e+00	0.000000e+00
-5.500000e+00	1.838000e-03	3.268000e-03	7.646100e-02	3.300000e-05	2.900000e-05	1.800000e-05	0.000000e+00	0.000000e+00	0.000000e+00	2.900000e-05	1.210000e-04	0.000000e+00	0.000000e+00	0.000000e+00
-5.450000e+00	3.589000e-03	5.617000e-03	7.810700e-02	4.200000e-05	4.100000e-05	2.600000e-05	0.000000e+00	0.000000e+00	0.000000e+00	4.800000e-05	1.240000e-04	0.000000e+00	0.000000e+00	0.000000e+00
-5.400000e+00	5.832000e-03	8.344000e-03	7.940700e-02	5.700000e-05	6.300000e-05	4.200000e-05	0.000000e+00	0.000000e+00	0.000000e+00	6.800000e-05	1.310000e-04	0.000000e+00	0.000000e+00	0.000000e+00
-5.350000e+00	8.282000e-03	1.125300e-02	8.046200e-02	8.300000e-05	9.400000e-05	6.700000e-05	0.000000e+00	0.000000e+00	0.000000e+00	9.000000e-05	1.440000e-04	0.000000e+00	0.000000e+00	0.000000e+00
-5.300000e+00	1.077300e-02	1.419300e-02	8.146700e-02	1.260000e-04	1.300000e-04	1.000000e-04	0.000000e+00	0.000000e+00	0.000000e+00	1.280000e-04	1.650000e-04	0.000000e+00	0.000000e+00	0.000000e+00
-5.250000e+00	1.326500e-02	1.720700e-02	8.231100e-02	1.900000e-04	1.850000e-04	1.460000e-04	0.000000e+00	0.000000e+00	0.000000e+00	1.750000e-04	1.900000e-04	0.000000e+00	0.000000e+00	0.000000e+00
-5.200000e+00	1.574300e-02	2.005500e-02	8.300100e-02	2.710000e-04	2.670000e-04	2.150000e-04	0.000000e+00	0.000000e+00	0.000000e+00	2.610000e-04	2.050000e-04	0.000000e+00	0.000000e+00	0.000000e+00
-5.150000e+00	1.821500e-02	2.318000e-02	8.376700e-02	3.740000e-04	3.750000e-04	3.130000e-04	0.000000e+00	0.000000e+00	0.000000e+00	3.720000e-04	2.180000e-04	0.000000e+00	0.000000e+00	0.000000e+00
-5.100000e+00	2.070900e-02	2.639500e-02	8.448400e-02	5.220000e-04	5.140000e-04	4.550000e-04	0.000000e+00	0.000000e+00	0.000000e+00	5.130000e-04	2.310000e-04	0.000000e+00	0.000000e+00	0.000000e+00
-5.050000e+00	2.323800e-02	2.980700e-02	8.504600e-02	7.270000e-04	7.040000e-04	6.620000e-04	0.000000e+00	0.000000e+00	0.000000e+00	6.990000e-04	2.510000e-04	0.000000e+00	0.000000e+00	0.000000e+00
-5.000000e+00	2.577000e-02	3.361700e-02	8.539400e-02	9.950000e-04	9.750000e-04	9.670000e-04	0.000000e+00	0.000000e+00	0.000000e+00	9.590000e-04	2.840000e-04	0.000000e+00	0.000000e+00	0.000000e+00
-4.950000e+00	2.819900e-02	3.766100e-02	8.553400e-02	1.350000e-03	1.332000e-03	1.441000e-03	0.000000e+00	0.000000e+00	0.000000e+00	1.308000e-03	3.160000e-04	0.000000e+00	0.000000e+00	0.000000e+00
-4.900000e+00	3.057500e-02	4.210300e-02	8.543800e-02	1.857000e-03	1.812000e-03	2.053000e-03	0.000000e+00	0.000000e+00	0.000000e+00	1.789000e-03	3.600000e-04	0.000000e+00	0.000000e+00	0.000000e+00
-4.850000e+00	3.297900e-02	4.773700e-02	8.561900e-02	2.534000e-03	2.450000e-03	2.908000e-03	0.000000e+00	0.000000e+00	0.000000e+00	2.422000e-03	3.950000e-04	0.000000e+00	0.000000e+00	0.000000e+00
-4.800000e+00	3.546200e-02	5.518200e-02	8.579800e-02	3.425000e-03	3.330000e-03	4.134000e-03	0.000000e+00	0.000000e+00	0.000000e+00	3.267000e-03	4.300000e-04	0.000000e+00	0.000000e+00	0.000000e+00
-4.750000e+00	3.795700e-02	6.593700e-02	8.602200e-02	4.589000e-03	4.523000e-03	5.900000e-03	0.000000e+00	0.000000e+00	0.000000e+00	4.409000e-03	4.730000e-04	0.000000e+00	0.000000e+00	0.000000e+00
-4.700000e+00	4.039700e-02	8.246800e-02	8.634900e-02	6.118000e-03	6.091000e-03	8.460000e-03	0.000000e+00	0.000000e+00	0.000000e+00	5.961000e-03	5.270000e-04	0.000000e+00	0.000000e+00	0.000000e+00
-4.650000e+00	4.289100e-02	1.081080e-01	8.652900e-02	8.174000e-03	8.145000e-03	1.232100e-02	0.000000e+00	0.000000e+00	0.000000e+00	8.079000e-03	5.890000e-04	0.000000e+00	0.000000e+00	0.000000e+00
-4.600000e+00	4.534200e-02	1.247870e-01	8.684700e-02	1.085900e-02	1.086300e-02	1.732400e-02	0.000000e+00	0.000000e+00	0.000000e+00	1.075500e-02	6.120000e-04	0.000000e+00	0.000000e+00	0.000000e+00
-4.550000e+00	4.782700e-02	1.337530e-01	8.705700e-02	1.444700e-02	1.442500e-02	2.370400e-02	0.000000e+00	0.000000e+00	0.000000e+00	1.442100e-02	6.370000e-04	0.000000e+00	0.000000e+00	0.000000e+00
-4.500000e+00	5.032200e-02	1.381550e-01	8.724300e-02	1.920100e-02	1.915300e-02	3.160000e-02	0.000000e+00	0.000000e+00	0.000000e+00	1.922100e-02	6.540000e-04	0.000000e+00	0.000000e+00	0.000000e+00
-4.450000e+00	5.278100e-02	1.405210e-01	8.738400e-02	2.543100e-02	2.538400e-02	4.136600e-02	0.000000e+00	0.000000e+00	0.000000e+00	2.536100e-02	6.750000e-04	0.000000e+00	0.000000e+00	0.000000e+00
-4.400000e+00	5.520500e-02	1.420990e-01	8.747600e-02	3.351200e-02	3.345800e-02	5.365100e-02	0.000000e+00	0.000000e+00	0.000000e+00	3.319300e-02	7.160000e-04	0.000000e+00	0.000000e+00	0.000000e+00
-4.350000e+00	5.773700e-02	1.429990e-01	8.765500e-02	4.395800e-02	4.381600e-02	6.929400e-02	0.000000e+00	0.000000e+00	0.000000e+00	4.326800e-02	7.800000e-04	0.000000e+00	0.000000e+00	0.000000e+00
-4.300000e+00	6.045400e-02	1.435560e-01	8.798300e-02	5.727800e-02	5.699000e-02	8.850800e-02	0.000000e+00	0.000000e+00	0.000000e+00	5.666200e-02	8.060000e-04	0.000000e+00	0.000000e+00	0.000000e+00
-4.250000e+00	6.302100e-02	1.440900e-01	8.814900e-02	7.437400e-02	7.388500e-02	1.123310e-01	0.000000e+00	0.000000e+00	0.000000e+00	7.374300e-02	8.420000e-04	0.000000e+00	0.000000e+00	0.000000e+00
-4.200000e+00	6.539000e-02	1.446820e-01	8.837900e-02	9.612500e-02	9.554900e-02	1.417530e-01	0.000000e+00	0.000000e+00	0.000000e+00	9.549600e-02	8.900000e-04	0.000000e+00	0.000000e+00	0.000000e+00
-4.150000e+00	6.765900e-02	1.451720e-01	8.875400e-02	1.237670e-01	1.231550e-01	1.779190e-01	0.000000e+00	0.000000e+00	0.000000e+00	1.230880e-01	9.490000e-04	0.000000e+00	0.000000e+00	0.000000e+00
-4.100000e+00	6.995700e-02	1.454360e-01	8.925900e-02	1.588600e-01	1.580940e-01	2.222790e-01	0.000000e+00	0.000000e+00	0.000000e+00	1.579060e-01	1.017000e-03	0.000000e+00	0.000000e+00	0.000000e+00
-4.050000e+00	7.229800e-02	1.456790e-01	8.983000e-02	2.029200e-01	2.023350e-01	2.769350e-01	0.000000e+00	0.000000e+00	0.000000e+00	2.016970e-01	1.087000e-03	0.000000e+00	0.000000e+00	0.000000e+00
-4.000000e+00	7.464600e-02	1.451600e-01	9.004400e-02	2.573140e-01	2.563330e-01	3.435010e-01	0.000000e+00	0.000000e+00	0.000000e+00	2.557710e-01	1.167000e-03	0.000000e+00	0.000000e+00	0.000000e+00
-3.950000e+00	7.716200e-02	1.454570e-01	9.060600e-02	3.246410e-01	3.232610e-01	4.246370e-01	0.000000e+00	0.000000e+00	0.000000e+00	3.225490e-01	1.263000e-03	0.000000e+00	0.000000e+00	0.000000e+00
-3.900000e+00	7.972000e-02	1.454590e-01	9.138700e-02	4.069470e-01	4.059270e-01	5.227680e-01	0.000000e+00	0.000000e+00	0.000000e+00	4.048750e-01	1.370000e-03	0.000000e+00	0.000000e+00	0.000000e+00
-3.850000e+00	8.236100e-02	1.453740e-01	9.215600e-02	5.066770e-01	5.066960e-01	6.404780e-01	0.000000e+00	0.000000e+00	0.000000e+00	5.051250e-01	1.479000e-03	0.000000e+00	0.000000e+00	0.000000e+00
-3.800000e+00	8.511100e-02	1.456480e-01	9.281500e-02	6.270280e-01	6.277290e-01	7.808950e-01	0.000000e+00	0.000000e+00	0.000000e+00	6.256550e-01	1.578000e-03	0.000000e+00	0.000000e+00	0.000000e+00
-3.750000e+00	8.774700e-02	1.458950e-01	9.364800e-02	7.725390e-01	7.723810e-01	9.486250e-01	0.000000e+00	0.000000e+00	0.000000e+00	7.707530e-01	1.656000e-03	0.000000e+00	0.000000e+00	0.000000e+00
-3.700000e+00	9.008600e-02	1.458470e-01	9.465000e-02	9.448030e-01	9.443220e-01	1.145498e+00	0.000000e+00	0.000000e+00	0.000000e+00	9.422030e-01	1.813000e-03	0.000000e+00	0.000000e+00	0.000000e+00
-3.650000e+00	9.253300e-02	1.458090e-01	9.576100e-02	1.148033e+00	1.147060e+00	1.375439e+00	0.000000e+00	0.000000e+00	0.000000e+00	1.143974e+00	1.997000e-03	0.000000e+00	0.000000e+00	0.000000e+00
-3.600000e+00	9.501300e-02	1.457970e-01	9.697800e-02	1.385452e+00	1.384112e+00	1.642089e+00	0.000000e+00	0.000000e+00	0.000000e+00	1.379736e+00	2.175000e-03	0.000000e+00	0.000000e+00	0.000000e+00
-3.550000e+00	9.753900e-02	1.456550e-01	9.841200e-02	1.660362e+00	1.659139e+00	1.950479e+00	0.000000e+00	0.000000e+00	0.000000e+00	1.653717e+00	2.357000e-03	0.000000e+00	0.000000e+00	0.000000e+00
-3.500000e+00	1.000750e-01	1.453910e-01	1.001170e-01	1.976719e+00	1.975777e+00	2.305806e+00	0.000000e+00	0.000000e+00	0.000000e+00	1.970344e+00	2.565000e-03	0.000000e+00	0.000000e+00	0.000000e+00
-3.450000e+00	1.023980e-01	1.455090e-01	1.018840e-01	2.340288e+00	2.337255e+00	2.710219e+00	0.000000e+00	0.000000e+00	0.000000e+00	2.333241e+00	2.780000e-03	0.000000e+00	0.000000e+00	0.000000e+00
-3.400000e+00	1.047870e-01	1.457700e-01	1.041580e-01	2.745949e+00	2.742826e+00	3.162627e+00	0.000000e+00	0.000000e+00	0.000000e+00	2.740352e+00	3.040000e-03	0.000000e+00	0.000000e+00	0.000000e+00
-3.350000e+00	1.071440e-01	1.458140e-01	1.064150e-01	3.200801e+00	3.197900e+00	3.670625e+00	0.000000e+00	0.000000e+00	0.000000e+00	3.195056e+00	3.341000e-03	0.000000e+00	0.000000e+00	0.000000e+00
-3.300000e+00	1.095840e-01	1.459220e-01	1.088090e-01	3.707262e+00	3.703664e+00	4.237238e+00	0.000000e+00	0.000000e+00	0.000000e+00	3.699151e+00	3.651000e-03	0.000000e+00	0.000000e+00	0.000000e+00
-3.250000e+00	1.119670e-01	1.460730e-01	1.115810e-01	4.266130e+00	4.261855e+00	4.862018e+00	0.000000e+00	0.000000e+00	0.000000e+00	4.255465e+00	4.013000e-03	0.000000e+00	0.000000e+00	0.000000e+00
-3.200000e+00	1.142290e-01	1.460570e-01	1.148330e-01	4.877344e+00	4.873405e+00	5.543664e+00	0.000000e+00	0.000000e+00	0.000000e+00	4.866028e+00	4.468000e-03	0.000000e+00	0.000000e+00	0.000000e+00
-3.150000e+00	1.167720e-01	1.455940e-01	1.182590e-01	5.541899e+00	5.535520e+00	6.285983e+00	0.000000e+00	0.000000e+00	0.000000e+00	5.528207e+00	4.920000e-03	0.000000e+00	0.000000e+00	0.000000e+00
-3.100000e+00	1.194820e-01	1.456910e-01	1.220510e-01	6.242819e+00	6.237509e+00	7.077599e+00	0.000000e+00	0.000000e+00	0.000000e+00	6.226589e+00	5.366000e-03	0.000000e+00	0.000000e+00	0.000000e+00
-3.050000e+00	1.222360e-01	1.457830e-01	1.263760e-01	6.984577e+00	6.980226e+00	7.921088e+00	0.000000e+00	0.000000e+00	0.000000e+00	6.966065e+00	5.888000e-03	0.000000e+00	0.000000e+00	0.000000e+00
-3.000000e+00	1.248660e-01	1.459890e-01	1.313370e-01	7.763643e+00	7.759643e+00	8.812851e+00	0.000000e+00	0.000000e+00	0.000000e+00	7.743367e+00	6.522000e-03	0.000000e+00	0.000000e+00	0.000000e+00
-2.950000e+00	1.272910e-01	1.460980e-01	1.369900e-01	8.572478e+00	8.569472e+00	9.747040e+00	0.000000e+00	0.000000e+00	0.000000e+00	8.550436e+00	7.232000e-03	0.000000e+00	0.000000e+00	0.000000e+00
-2.900000e+00	1.296090e-01	1.460040e-01	1.433350e-01	9.402216e+00	9.400786e+00	1.071689e+01	0.000000e+00	0.000000e+00	0.000000e+00	9.377812e+00	7.981000e-03	0.000000e+00	0.000000e+00	0.000000e+00
-2.850000e+00	1.322030e-01	1.461290e-01	1.503080e-01	1.024758e+01	1.024178e+01	1.171710e+01	0.000000e+00	0.000000e+00	0.000000e+00	1.022084e+01	8.855000e-03	0.000000e+00	0.000000e+00	0.000000e+00
-2.800000e+00	1.347300e-01	1.463320e-01	1.581450e-01	1.107881e+01	1.106779e+01	1.271827e+01	0.000000e+00	0.000000e+00	0.000000e+00	1.104723e+01	9.792000e-03	0.000000e+00	0.000000e+00	0.000000e+00
-2.750000e+00	1.371940e-01	1.464340e-01	1.672410e-01	1.189931e+01	1.188470e+01	1.372843e+01	0.000000e+00	0.000000e+00	0.000000e+00	1.186265e+01	1.085100e-02	0.000000e+00	0.000000e+00	0.000000e+00
-2.700000e+00	1.396160e-01	1.464610e-01	1.773260e-01	1.269814e+01	1.268054e+01	1.473705e+01	0.000000e+00	0.000000e+00	0.000000e+00	1.265691e+01	1.192600e-02	0.000000e+00	0.000000e+00	0.000000e+00
-2.650000e+00	1.421970e-01	1.465340e-01	1.885790e-01	1.346411e+01	1.344417e+01	1.573153e+01	0.000000e+00	0.000000e+00	0.000000e+00	1.341775e+01	1.310500e-02	0.000000e+00	0.000000e+00	0.000000e+00
-2.600000e+00	1.449340e-01	1.466390e-01	2.012060e-01	1.418527e+01	1.416472e+01	1.670000e+01	0.000000e+00	0.000000e+00	0.000000e+00	1.413324e+01	1.451300e-02	0.000000e+00	0.000000e+00	0.000000e+00
-2.550000e+00	1.471840e-01	1.463910e-01	2.148420e-01	1.484803e+01	1.483063e+01	1.763514e+01	0.000000e+00	0.000000e+00	0.000000e+00	1.479512e+01	1.602400e-02	0.000000e+00	0.000000e+00	0.000000e+00
-2.500000e+00	1.496870e-01	1.463490e-01	2.305760e-01	1.541573e+01	1.540026e+01	1.850166e+01	0.000000e+00	0.000000e+00	0.000000e+00	1.535840e+01	1.776000e-02	0.000000e+00	0.000000e+00	0.000000e+00
-2.450000e+00	1.525280e-01	1.464090e-01	2.483570e-01	1.590345e+01	1.588664e+01	1.931063e+01	0.000000e+00	0.000000e+00	0.000000e+00	1.584365e+01	1.958300e-02	0.000000e+00	0.000000e+00	0.000000e+00
-2.400000e+00	1.551420e-01	1.462320e-01	2.682660e-01	1.630495e+01	1.628235e+01	2.005042e+01	0.000000e+00	0.000000e+00	0.000000e+00	1.624257e+01	2.148700e-02	0.000000e+00	0.000000e+00	0.000000e+00
-2.350000e+00	1.575680e-01	1.459240e-01	2.903790e-01	1.661362e+01	1.658295e+01	2.071270e+01	0.000000e+00	0.000000e+00	0.000000e+00	1.654663e+01	2.345200e-02	0.000000e+00	0.000000e+00	0.000000e+00
-2.300000e+00	1.599430e-01	1.458250e-01	3.148770e-01	1.682361e+01	1.678627e+01	2.128945e+01	0.000000e+00	0.000000e+00	0.000000e+00	1.675043e+01	2.553200e-02	0.000000e+00	0.000000e+00	0.000000e+00
-2.250000e+00	1.619520e-01	1.463030e-01	3.421970e-01	1.693100e+01	1.689159e+01	2.176917e+01	0.000000e+00	0.000000e+00	0.000000e+00	1.685525e+01	2.800900e-02	0.000000e+00	0.000000e+00	0.000000e+00
-2.200000e+00	1.641140e-01	1.460720e-01	3.728530e-01	1.691378e+01	1.686832e+01	2.212541e+01	0.000000e+00	0.000000e+00	0.000000e+00	1.683744e+01	3.053800e-02	0.000000e+00	0.000000e+00	0.000000e+00
-2.150000e+00	1.663830e-01	1.457920e-01	4.064520e-01	1.679961e+01	1.675194e+01	2.236866e+01	0.000000e+00	0.000000e+00	0.000000e+00	1.672086e+01	3.300300e-02	0.000000e+00	0.000000e+00	0.000000e+00
-2.100000e+00	1.687100e-01	1.456540e-01	4.435490e-01	1.659915e+01	1.654986e+01	2.248114e+01	0.000000e+00	0.000000e+00	0.000000e+00	1.651572e+01	3.568300e-02	0.000000e+00	0.000000e+00	0.000000e+00
-2.050000e+00	1.710490e-01	1.457330e-01	4.843740e-01	1.631994e+01	1.626769e+01	2.244587e+01	0.000000e+00	0.000000e+00	0.000000e+00	1.623287e+01	3.844200e-02	0.000000e+00	0.000000e+00	0.000000e+00
-2.000000e+00	1.733750e-01	1.458920e-01	5.289600e-01	1.596963e+01	1.591190e+01	2.223647e+01	0.000000e+00	0.000000e+00	0.000000e+00	1.588093e+01	4.106400e-02	0.000000e+00	0.000000e+00	0.000000e+00
-1.950000e+00	1.757200e-01	1.456920e-01	5.773920e-01	1.555901e+01	1.549209e+01	2.180830e+01	0.000000e+00	0.000000e+00	0.000000e+00	1.546389e+01	4.378400e-02	0.000000e+00	0.000000e+00	0.000000e+00
-1.900000e+00	1.775480e-01	1.455230e-01	6.295150e-01	1.507538e+01	1.500567e+01	2.106146e+01	0.000000e+00	0.000000e+00	0.000000e+00	1.497487e+01	4.633800e-02	0.000000e+00	0.000000e+00	0.000000e+00
-1.850000e+00	1.797590e-01	1.449100e-01	6.856610e-01	1.455331e+01	1.447809e+01	2.010208e+01	0.000000e+00	0.000000e+00	0.000000e+00	1.444684e+01	4.886400e-02	0.000000e+00	0.000000e+00	0.000000e+00
-1.800000e+00	1.818100e-01	1.441570e-01	7.454000e-01	1.399597e+01	1.391415e+01	1.911671e+01	0.000000e+00	0.000000e+00	0.000000e+00	1.388407e+01	5.116900e-02	0.000000e+00	0.000000e+00	0.000000e+00
-1.750000e+00	1.837440e-01	1.435450e-01	8.086140e-01	1.340849e+01	1.332209e+01	1.817769e+01	0.000000e+00	0.000000e+00	0.000000e+00	1.329391e+01	5.325900e-02	0.000000e+00	0.000000e+00	0.000000e+00
-1.700000e+00	1.856320e-01	1.432700e-01	8.752650e-01	1.279730e+01	1.270992e+01	1.727323e+01	0.000000e+00	0.000000e+00	0.000000e+00	1.268343e+01	5.523700e-02	0.000000e+00	0.000000e+00	0.000000e+00
-1.650000e+00	1.869780e-01	1.433750e-01	9.450050e-01	1.216939e+01	1.208269e+01	1.633501e+01	0.000000e+00	0.000000e+00	0.000000e+00	1.205676e+01	5.715700e-02	0.000000e+00	0.000000e+00	0.000000e+00
-1.600000e+00	1.887150e-01	1.428870e-01	1.016988e+00	1.151896e+01	1.143139e+01	1.531716e+01	0.000000e+00	0.000000e+00	0.000000e+00	1.140881e+01	5.867700e-02	0.000000e+00	0.000000e+00	0.000000e+00
-1.550000e+00	1.908450e-01	1.421460e-01	1.091988e+00	1.086027e+01	1.077546e+01	1.425460e+01	0.000000e+00	0.000000e+00	0.000000e+00	1.075398e+01	5.968200e-02	0.000000e+00	0.000000e+00	0.000000e+00
-1.500000e+00	1.928730e-01	1.414950e-01	1.168068e+00	1.019951e+01	1.011988e+01	1.316569e+01	0.000000e+00	0.000000e+00	0.000000e+00	1.009786e+01	6.034000e-02	0.000000e+00	0.000000e+00	0.000000e+00
-1.450000e+00	1.944410e-01	1.408460e-01	1.244641e+00	9.541044e+00	9.467817e+00	1.206187e+01	0.000000e+00	0.000000e+00	0.000000e+00	9.444940e+00	6.070500e-02	0.000000e+00	0.000000e+00	0.000000e+00
-1.400000e+00	1.955830e-01	1.400410e-01	1.321663e+00	8.887759e+00	8.822421e+00	1.095405e+01	0.000000e+00	0.000000e+00	0.000000e+00	8.800081e+00	6.073500e-02	0.000000e+00	0.000000e+00	0.000000e+00
-1.350000e+00	1.969860e-01	1.392040e-01	1.398357e+00	8.241571e+00	8.187957e+00	9.856426e+00	0.000000e+00	0.000000e+00	0.000000e+00	8.169470e+00	6.031500e-02	0.000000e+00	0.000000e+00	0.000000e+00
-1.300000e+00	1.981370e-01	1.384300e-01	1.472377e+00	7.597101e+00	7.557473e+00	8.763273e+00	0.000000e+00	0.000000e+00	0.000000e+00	7.542331e+00	5.885900e-02	0.000000e+00	0.000000e+00	0.000000e+00
-1.250000e+00	1.990850e-01	1.375230e-01	1.543381e+00	6.968631e+00	6.945507e+00	7.709868e+00	0.000000e+00	0.000000e+00	0.000000e+00	6.932661e+00	5.723500e-02	0.000000e+00	0.000000e+00	0.000000e+00
-1.200000e+00	1.999040e-01	1.365690e-01	1.609804e+00	6.358613e+00	6.353973e+00	6.704326e+00	0.000000e+00	0.000000e+00	0.000000e+00	6.341316e+00	5.549600e-02	0.000000e+00	0.000000e+00	0.000000e+00
-1.150000e+00	2.004220e-01	1.354160e-01	1.670263e+00	5.768292e+00	5.782425e+00	5.756285e+00	0.000000e+00	0.000000e+00	0.000000e+00	5.770261e+00	5.372900e-02	0.000000e+00	0.000000e+00	0.000000e+00
-1.100000e+00	2.005630e-01	1.340360e-01	1.723404e+00	5.199415e+00	5.231915e+00	4.875094e+00	0.000000e+00	0.000000e+00	0.000000e+00	5.221366e+00	5.180100e-02	0.000000e+00	0.000000e+00	0.000000e+00
-1.050000e+00	2.006880e-01	1.328800e-01	1.767706e+00	4.655125e+00	4.707018e+00	4.068560e+00	0.000000e+00	0.000000e+00	0.000000e+00	4.695714e+00	4.915200e-02	0.000000e+00	0.000000e+00	0.000000e+00
-1.000000e+00	2.009650e-01	1.313350e-01	1.799307e+00	4.126680e+00	4.199327e+00	3.328159e+00	0.000000e+00	0.000000e+00	0.000000e+00	4.190814e+00	4.593100e-02	0.000000e+00	0.000000e+00	0.000000e+00
-9.500000e-01	2.003950e-01	1.294380e-01	1.817211e+00	3.628381e+00	3.719320e+00	2.677760e+00	0.000000e+00	0.000000e+00	0.000000e+00	3.712777e+00	4.293900e-02	0.000000e+00	0.000000e+00	0.000000e+00
-9.000000e-01	1.994490e-01	1.274360e-01	1.819700e+00	3.162799e+00	3.267576e+00	2.117882e+00	0.000000e+00	0.000000e+00	0.000000e+00	3.263124e+00	3.979200e-02	0.000000e+00	0.000000e+00	0.000000e+00
-8.500000e-01	1.981880e-01	1.252950e-01	1.805590e+00	2.730030e+00	2.845762e+00	1.645345e+00	0.000000e+00	0.000000e+00	0.000000e+00	2.842533e+00	3.650600e-02	0.000000e+00	0.000000e+00	0.000000e+00
-8.000000e-01	1.965150e-01	1.228870e-01	1.773811e+00	2.329844e+00	2.454799e+00	1.254726e+00	0.000000e+00	0.000000e+00	0.000000e+00	2.451639e+00	3.315600e-02	0.000000e+00	0.000000e+00	0.000000e+00
-7.500000e-01	1.944130e-01	1.201550e-01	1.723024e+00	1.962743e+00	2.094171e+00	9.390330e-01	0.000000e+00	0.000000e+00	0.000000e+00	2.091390e+00	2.966500e-02	0.000000e+00	0.000000e+00	0.000000e+00
-7.000000e-01	1.912470e-01	1.173000e-01	1.645932e+00	1.624843e+00	1.759562e+00	6.854580e-01	0.000000e+00	0.000000e+00	0.000000e+00	1.756015e+00	2.645400e-02	0.000000e+00	0.000000e+00	0.000000e+00
-6.500000e-01	1.877240e-01	1.141980e-01	1.550043e+00	1.323550e+00	1.456354e+00	4.898940e-01	0.000000e+00	0.000000e+00	0.000000e+00	1.452700e+00	2.318800e-02	0.000000e+00	0.000000e+00	0.000000e+00
-6.000000e-01	1.838400e-01	1.107460e-01	1.436918e+00	1.058454e+00	1.184597e+00	3.426460e-01	0.000000e+00	0.000000e+00	0.000000e+00	1.181750e+00	2.005600e-02	0.000000e+00	0.000000e+00	0.000000e+00
-5.500000e-01	1.796190e-01	1.070950e-01	1.307548e+00	8.294120e-01	9.447960e-01	2.341340e-01	0.000000e+00	0.000000e+00	0.000000e+00	9.432190e-01	1.726200e-02	0.000000e+00	0.000000e+00	0.000000e+00
-5.000000e-01	1.750200e-01	1.033050e-01	1.164190e+00	6.354450e-01	7.370420e-01	1.561150e-01	0.000000e+00	0.000000e+00	0.000000e+00	7.363550e-01	1.477900e-02	0.000000e+00	0.000000e+00	0.000000e+00
-4.500000e-01	1.698510e-01	9.905100e-02	1.011437e+00	4.745220e-01	5.606690e-01	1.016860e-01	0.000000e+00	0.000000e+00	0.000000e+00	5.596780e-01	1.230900e-02	0.000000e+00	0.000000e+00	0.000000e+00
-4.000000e-01	1.631970e-01	9.486800e-02	8.486730e-01	3.408160e-01	4.096740e-01	6.361600e-02	0.000000e+00	0.000000e+00	0.000000e+00	4.084370e-01	1.034700e-02	0.000000e+00	0.000000e+00	0.000000e+00
-3.500000e-01	1.561100e-01	9.024100e-02	6.858530e-01	2.361590e-01	2.879620e-01	3.851100e-02	0.000000e+00	0.000000e+00	0.000000e+00	2.874660e-01	8.304000e-03	0.000000e+00	0.000000e+00	0.000000e+00
-3.000000e-01	1.488990e-01	8.556000e-02	5.307660e-01	1.568040e-01	1.935660e-01	2.258400e-02	0.000000e+00	0.000000e+00	0.000000e+00	1.931790e-01	6.522000e-03	0.000000e+00	0.000000e+00	0.000000e+00
-2.500000e-01	1.413850e-01	8.088300e-02	3.931470e-01	9.991800e-02	1.243150e-01	1.293200e-02	0.000000e+00	0.000000e+00	0.000000e+00	1.237270e-01	5.003000e-03	0.000000e+00	0.000000e+00	0.000000e+00
-2.000000e-01	1.334770e-01	7.585100e-02	2.711770e-01	5.997400e-02	7.363700e-02	7.409000e-03	0.000000e+00	0.000000e+00	0.000000e+00	7.298100e-02	3.926000e-03	0.000000e+00	0.000000e+00	0.000000e+00
-1.500000e-01	1.259440e-01	7.093700e-02	1.744920e-01	3.394300e-02	3.996000e-02	4.467000e-03	0.000000e+00	0.000000e+00	0.000000e+00	3.968200e-02	4.147000e-03	0.000000e+00	0.000000e+00	0.000000e+00
-1.000000e-01	1.181720e-01	6.565000e-02	1.040780e-01	1.829200e-02	1.973900e-02	2.890000e-03	0.000000e+00	0.000000e+00	0.000000e+00	1.972900e-02	5.137600e-02	0.000000e+00	0.000000e+00	0.000000e+00
-5.000000e-02	1.102040e-01	5.985200e-02	6.136600e-02	1.008100e-02	9.658000e-03	1.956000e-03	0.000000e+00	0.000000e+00	0.000000e+00	9.646000e-03	2.815260e+00	0.000000e+00	0.000000e+00	0.000000e+00
0.000000e+00	1.054560e-01	5.623700e-02	4.472200e-02	7.074000e-03	6.163000e-03	1.543000e-03	0.000000e+00	0.000000e+00	0.000000e+00	6.146000e-03	7.056642e+01	0.000000e+00	0.000000e+00	0.000000e+00
