-8.900000e+00	1.120000e-04	1.120000e-04	1.120000e-04	1.130000e-04	1.120000e-04	1.800000e-04	4.830000e-04	5.620000e-04	7.180000e-04	0.000000e+00	2.150000e-04	2.290000e-04	2.290000e-04	2.290000e-04
-8.850000e+00	1.210000e-04	1.210000e-04	1.220000e-04	1.220000e-04	1.210000e-04	1.960000e-04	5.370000e-04	6.200000e-04	7.830000e-04	1.000000e-06	2.320000e-04	2.470000e-04	2.470000e-04	2.480000e-04
-8.800000e+00	1.310000e-04	1.320000e-04	1.310000e-04	1.310000e-04	1.300000e-04	2.140000e-04	5.990000e-04	6.800000e-04	8.570000e-04	0.000000e+00	2.490000e-04	2.660000e-04	2.660000e-04	2.690000e-04
-8.750000e+00	1.410000e-04	1.420000e-04	1.410000e-04	1.410000e-04	1.400000e-04	2.330000e-04	6.720000e-04	7.420000e-04	9.370000e-04	0.000000e+00	2.670000e-04	2.860000e-04	2.860000e-04	2.920000e-04
-8.700000e+00	1.500000e-04	1.510000e-04	1.520000e-04	1.520000e-04	1.500000e-04	2.530000e-04	7.440000e-04	8.110000e-04	1.024000e-03	2.000000e-06	2.860000e-04	3.060000e-04	3.060000e-04	3.150000e-04
-8.650000e+00	1.600000e-04	1.610000e-04	1.640000e-04	1.630000e-04	1.620000e-04	2.730000e-04	8.190000e-04	8.890000e-04	1.116000e-03	4.000000e-06	3.070000e-04	3.290000e-04	3.290000e-04	3.410000e-04
-8.600000e+00	1.720000e-04	1.740000e-04	1.760000e-04	1.750000e-04	1.750000e-04	2.960000e-04	9.000000e-04	9.750000e-04	1.215000e-03	4.000000e-06	3.310000e-04	3.550000e-04	3.550000e-04	3.690000e-04
-8.550000e+00	1.860000e-04	1.880000e-04	1.900000e-04	1.890000e-04	1.890000e-04	3.220000e-04	9.690000e-04	1.065000e-03	1.317000e-03	5.000000e-06	3.580000e-04	3.840000e-04	3.840000e-04	4.010000e-04
-8.500000e+00	1.990000e-04	2.010000e-04	2.060000e-04	2.050000e-04	2.030000e-04	3.490000e-04	1.072000e-03	1.165000e-03	1.425000e-03	5.000000e-06	3.850000e-04	4.120000e-04	4.120000e-04	4.330000e-04
-8.450000e+00	2.150000e-04	2.160000e-04	2.230000e-04	2.210000e-04	2.180000e-04	3.790000e-04	1.183000e-03	1.271000e-03	1.538000e-03	8.000000e-06	4.150000e-04	4.430000e-04	4.430000e-04	4.710000e-04
-8.400000e+00	2.300000e-04	2.310000e-04	2.420000e-04	2.400000e-04	2.350000e-04	4.140000e-04	1.327000e-03	1.384000e-03	1.665000e-03	1.200000e-05	4.480000e-04	4.770000e-04	4.770000e-04	5.170000e-04
-8.350000e+00	2.460000e-04	2.460000e-04	2.620000e-04	2.590000e-04	2.550000e-04	4.520000e-04	1.483000e-03	1.501000e-03	1.797000e-03	1.500000e-05	4.810000e-04	5.110000e-04	5.110000e-04	5.660000e-04
-8.300000e+00	2.610000e-04	2.600000e-04	2.790000e-04	2.790000e-04	2.760000e-04	4.900000e-04	1.620000e-03	1.617000e-03	1.925000e-03	1.800000e-05	5.100000e-04	5.410000e-04	5.420000e-04	6.090000e-04
-8.250000e+00	2.740000e-04	2.760000e-04	3.000000e-04	2.990000e-04	2.960000e-04	5.240000e-04	1.769000e-03	1.737000e-03	2.051000e-03	1.900000e-05	5.410000e-04	5.710000e-04	5.720000e-04	6.500000e-04
-8.200000e+00	2.900000e-04	2.920000e-04	3.230000e-04	3.210000e-04	3.120000e-04	5.640000e-04	1.927000e-03	1.877000e-03	2.193000e-03	2.800000e-05	5.750000e-04	6.040000e-04	6.040000e-04	6.920000e-04
-8.150000e+00	3.070000e-04	3.090000e-04	3.500000e-04	3.480000e-04	3.370000e-04	6.130000e-04	2.133000e-03	2.024000e-03	2.348000e-03	3.700000e-05	6.110000e-04	6.390000e-04	6.390000e-04	7.380000e-04
-8.100000e+00	3.250000e-04	3.270000e-04	3.810000e-04	3.770000e-04	3.670000e-04	6.630000e-04	2.357000e-03	2.179000e-03	2.511000e-03	5.100000e-05	6.500000e-04	6.750000e-04	6.750000e-04	7.930000e-04
-8.050000e+00	3.440000e-04	3.470000e-04	4.140000e-04	4.080000e-04	4.000000e-04	7.180000e-04	2.610000e-03	2.349000e-03	2.683000e-03	7.000000e-05	6.910000e-04	7.120000e-04	7.120000e-04	8.580000e-04
-8.000000e+00	3.630000e-04	3.680000e-04	4.500000e-04	4.440000e-04	4.370000e-04	7.820000e-04	2.905000e-03	2.532000e-03	2.861000e-03	9.000000e-05	7.320000e-04	7.490000e-04	7.490000e-04	9.350000e-04
-7.950000e+00	3.860000e-04	3.840000e-04	4.940000e-04	4.880000e-04	4.870000e-04	8.550000e-04	3.202000e-03	2.694000e-03	3.023000e-03	1.190000e-04	7.740000e-04	7.860000e-04	7.860000e-04	1.011000e-03
-7.900000e+00	4.070000e-04	4.020000e-04	5.460000e-04	5.310000e-04	5.450000e-04	9.460000e-04	3.517000e-03	2.907000e-03	3.224000e-03	1.430000e-04	8.180000e-04	8.230000e-04	8.230000e-04	1.086000e-03
-7.850000e+00	4.360000e-04	4.270000e-04	6.160000e-04	5.940000e-04	6.010000e-04	1.035000e-03	3.883000e-03	3.157000e-03	3.468000e-03	1.810000e-04	8.650000e-04	8.630000e-04	8.630000e-04	1.180000e-03
-7.800000e+00	4.770000e-04	4.660000e-04	7.360000e-04	6.730000e-04	6.720000e-04	1.144000e-03	4.286000e-03	3.427000e-03	3.717000e-03	2.330000e-04	9.150000e-04	9.060000e-04	9.050000e-04	1.306000e-03
-7.750000e+00	5.480000e-04	5.390000e-04	9.630000e-04	7.650000e-04	7.720000e-04	1.274000e-03	4.709000e-03	3.721000e-03	3.967000e-03	3.000000e-04	9.680000e-04	9.550000e-04	9.540000e-04	1.473000e-03
-7.700000e+00	6.970000e-04	6.980000e-04	1.417000e-03	8.770000e-04	9.070000e-04	1.425000e-03	5.155000e-03	4.052000e-03	4.236000e-03	3.880000e-04	1.026000e-03	1.016000e-03	1.015000e-03	1.698000e-03
-7.650000e+00	1.042000e-03	1.054000e-03	2.412000e-03	1.021000e-03	1.046000e-03	1.625000e-03	5.692000e-03	4.418000e-03	4.538000e-03	5.140000e-04	1.087000e-03	1.102000e-03	1.101000e-03	2.018000e-03
-7.600000e+00	1.915000e-03	1.953000e-03	4.333000e-03	1.221000e-03	1.231000e-03	1.851000e-03	6.269000e-03	4.828000e-03	4.884000e-03	6.920000e-04	1.152000e-03	1.266000e-03	1.266000e-03	2.480000e-03
-7.550000e+00	3.455000e-03	3.499000e-03	7.269000e-03	1.465000e-03	1.465000e-03	2.131000e-03	6.873000e-03	5.288000e-03	5.255000e-03	9.010000e-04	1.221000e-03	1.517000e-03	1.519000e-03	3.000000e-03
-7.500000e+00	5.518000e-03	5.606000e-03	1.085900e-02	1.775000e-03	1.760000e-03	2.468000e-03	7.527000e-03	5.817000e-03	5.673000e-03	1.185000e-03	1.295000e-03	1.836000e-03	1.844000e-03	3.601000e-03
-7.450000e+00	7.788000e-03	7.991000e-03	1.465600e-02	2.162000e-03	2.137000e-03	2.876000e-03	8.267000e-03	6.425000e-03	6.166000e-03	1.563000e-03	1.377000e-03	2.202000e-03	2.215000e-03	4.261000e-03
-7.400000e+00	1.013800e-02	1.041800e-02	1.859500e-02	2.638000e-03	2.628000e-03	3.388000e-03	9.105000e-03	7.116000e-03	6.734000e-03	2.036000e-03	1.466000e-03	2.590000e-03	2.605000e-03	4.937000e-03
-7.350000e+00	1.264100e-02	1.278200e-02	2.282500e-02	3.237000e-03	3.244000e-03	4.068000e-03	9.982000e-03	7.893000e-03	7.309000e-03	2.668000e-03	1.558000e-03	2.986000e-03	2.998000e-03	5.642000e-03
-7.300000e+00	1.510100e-02	1.520300e-02	2.742600e-02	4.076000e-03	4.042000e-03	4.915000e-03	1.110700e-02	8.766000e-03	7.980000e-03	3.421000e-03	1.658000e-03	3.382000e-03	3.391000e-03	6.414000e-03
-7.250000e+00	1.757800e-02	1.762700e-02	3.218000e-02	5.095000e-03	5.054000e-03	5.942000e-03	1.243200e-02	9.733000e-03	8.739000e-03	4.381000e-03	1.762000e-03	3.784000e-03	3.792000e-03	7.203000e-03
-7.200000e+00	1.996000e-02	2.001300e-02	3.714800e-02	6.372000e-03	6.324000e-03	7.265000e-03	1.401700e-02	1.081800e-02	9.590000e-03	5.618000e-03	1.871000e-03	4.200000e-03	4.206000e-03	7.991000e-03
-7.150000e+00	2.228600e-02	2.236000e-02	4.247300e-02	7.974000e-03	7.930000e-03	8.956000e-03	1.592800e-02	1.202400e-02	1.055700e-02	7.202000e-03	1.985000e-03	4.630000e-03	4.614000e-03	8.736000e-03
-7.100000e+00	2.464500e-02	2.468600e-02	4.788100e-02	9.967000e-03	9.975000e-03	1.105100e-02	1.821500e-02	1.333900e-02	1.166700e-02	9.192000e-03	2.101000e-03	5.063000e-03	5.011000e-03	9.390000e-03
-7.050000e+00	2.696800e-02	2.698700e-02	5.184200e-02	1.248900e-02	1.255800e-02	1.361200e-02	2.088300e-02	1.476100e-02	1.291500e-02	1.163100e-02	2.218000e-03	5.459000e-03	5.472000e-03	9.927000e-03
-7.000000e+00	2.931800e-02	2.945600e-02	5.462600e-02	1.588200e-02	1.576500e-02	1.699000e-02	2.453100e-02	1.641600e-02	1.446100e-02	1.487100e-02	2.350000e-03	5.941000e-03	5.961000e-03	1.042600e-02
-6.950000e+00	3.169000e-02	3.192900e-02	5.713800e-02	2.006200e-02	1.984600e-02	2.121300e-02	2.892200e-02	1.838200e-02	1.630200e-02	1.893000e-02	2.498000e-03	6.455000e-03	6.479000e-03	1.094600e-02
-6.900000e+00	3.412500e-02	3.438300e-02	5.964500e-02	2.522500e-02	2.498700e-02	2.641300e-02	3.433400e-02	2.073600e-02	1.853800e-02	2.393700e-02	2.672000e-03	7.010000e-03	7.039000e-03	1.150000e-02
-6.850000e+00	3.666600e-02	3.689600e-02	6.214600e-02	3.168400e-02	3.147400e-02	3.287100e-02	4.113400e-02	2.358000e-02	2.125000e-02	3.019800e-02	2.847000e-03	7.612000e-03	7.646000e-03	1.209800e-02
-6.800000e+00	3.928000e-02	3.949100e-02	6.455400e-02	3.982300e-02	3.966900e-02	4.097800e-02	4.971700e-02	2.703600e-02	2.452400e-02	3.817100e-02	3.028000e-03	8.269000e-03	8.305000e-03	1.274900e-02
-6.750000e+00	4.176500e-02	4.190800e-02	6.693900e-02	4.993500e-02	4.987600e-02	5.101400e-02	6.035600e-02	3.122100e-02	2.852300e-02	4.823600e-02	3.339000e-03	8.990000e-03	9.026000e-03	1.345800e-02
-6.700000e+00	4.419200e-02	4.441700e-02	6.961700e-02	6.238000e-02	6.221500e-02	6.364000e-02	7.331500e-02	3.629400e-02	3.336300e-02	6.067600e-02	3.660000e-03	9.784000e-03	9.830000e-03	1.419900e-02
-6.650000e+00	4.677000e-02	4.699800e-02	7.211400e-02	7.786000e-02	7.771500e-02	7.914900e-02	8.942500e-02	4.255900e-02	3.927700e-02	7.592700e-02	4.040000e-03	1.065800e-02	1.072600e-02	1.508200e-02
-6.600000e+00	4.932500e-02	4.954100e-02	7.465100e-02	9.705100e-02	9.679100e-02	9.841600e-02	1.093800e-01	5.025300e-02	4.647900e-02	9.498800e-02	4.488000e-03	1.165000e-02	1.171200e-02	1.607700e-02
-6.550000e+00	5.192400e-02	5.204200e-02	7.725700e-02	1.207800e-01	1.202900e-01	1.223910e-01	1.339420e-01	5.964900e-02	5.525800e-02	1.186190e-01	5.006000e-03	1.278100e-02	1.282500e-02	1.719200e-02
-6.500000e+00	5.467500e-02	5.460500e-02	7.990200e-02	1.500560e-01	1.495200e-01	1.520370e-01	1.640430e-01	7.107700e-02	6.596200e-02	1.475060e-01	5.598000e-03	1.406300e-02	1.411500e-02	1.845500e-02
-6.450000e+00	5.745700e-02	5.744200e-02	8.267100e-02	1.861320e-01	1.859500e-01	1.882540e-01	2.010590e-01	8.495800e-02	7.893800e-02	1.831000e-01	6.295000e-03	1.550600e-02	1.559000e-02	1.988700e-02
-6.400000e+00	6.041100e-02	6.026600e-02	8.532300e-02	2.302770e-01	2.299640e-01	2.321810e-01	2.463150e-01	1.018850e-01	9.469500e-02	2.266030e-01	7.124000e-03	1.718200e-02	1.727500e-02	2.149100e-02
-6.350000e+00	6.334900e-02	6.312900e-02	8.817300e-02	2.839360e-01	2.837300e-01	2.857340e-01	3.017480e-01	1.224180e-01	1.137630e-01	2.795670e-01	8.094000e-03	1.910000e-02	1.920000e-02	2.339000e-02
-6.300000e+00	6.640300e-02	6.616000e-02	9.119100e-02	3.492800e-01	3.492400e-01	3.511660e-01	3.690540e-01	1.472940e-01	1.368280e-01	3.440300e-01	9.231000e-03	2.130100e-02	2.141300e-02	2.558300e-02
-6.250000e+00	6.963100e-02	6.943300e-02	9.419000e-02	4.285950e-01	4.288960e-01	4.308500e-01	4.503890e-01	1.773470e-01	1.646540e-01	4.226200e-01	1.055700e-02	2.383000e-02	2.396100e-02	2.811500e-02
-6.200000e+00	7.304000e-02	7.293500e-02	9.710600e-02	5.244600e-01	5.253510e-01	5.272840e-01	5.483830e-01	2.135370e-01	1.981230e-01	5.182740e-01	1.210000e-02	2.673800e-02	2.689500e-02	3.104100e-02
-6.150000e+00	7.662900e-02	7.653200e-02	1.003420e-01	6.403310e-01	6.410120e-01	6.433110e-01	6.659650e-01	2.570170e-01	2.383270e-01	6.333430e-01	1.388700e-02	3.008800e-02	3.027200e-02	3.436500e-02
-6.100000e+00	8.032700e-02	8.068400e-02	1.041280e-01	7.782730e-01	7.792840e-01	7.812350e-01	8.059230e-01	3.089120e-01	2.862350e-01	7.709170e-01	1.597700e-02	3.396900e-02	3.417700e-02	3.822600e-02
-6.050000e+00	8.420200e-02	8.488300e-02	1.079790e-01	9.434560e-01	9.437510e-01	9.461890e-01	9.728650e-01	3.706900e-01	3.432420e-01	9.333290e-01	1.848000e-02	3.843500e-02	3.866400e-02	4.266500e-02
-6.000000e+00	8.837700e-02	8.917400e-02	1.121090e-01	1.139882e+00	1.139560e+00	1.142586e+00	1.171471e+00	4.440100e-01	4.107940e-01	1.126243e+00	2.133600e-02	4.356500e-02	4.382100e-02	4.776900e-02
-5.950000e+00	9.282200e-02	9.369700e-02	1.164290e-01	1.371983e+00	1.371862e+00	1.375175e+00	1.406774e+00	5.306580e-01	4.905530e-01	1.355508e+00	2.450100e-02	4.944500e-02	4.973700e-02	5.362800e-02
-5.900000e+00	9.756700e-02	9.861600e-02	1.208770e-01	1.644880e+00	1.645525e+00	1.649013e+00	1.684063e+00	6.325670e-01	5.843620e-01	1.626568e+00	2.803600e-02	5.617700e-02	5.650300e-02	6.034200e-02
-5.850000e+00	1.029860e-01	1.040480e-01	1.258390e-01	1.964882e+00	1.964985e+00	1.969494e+00	2.008806e+00	7.518870e-01	6.941410e-01	1.943724e+00	3.225900e-02	6.388200e-02	6.423800e-02	6.802900e-02
-5.800000e+00	1.088150e-01	1.095010e-01	1.316780e-01	2.334558e+00	2.335188e+00	2.339837e+00	2.383757e+00	8.900810e-01	8.212280e-01	2.309734e+00	3.707600e-02	7.268000e-02	7.305500e-02	7.681200e-02
-5.750000e+00	1.148420e-01	1.156960e-01	1.378610e-01	2.762859e+00	2.762733e+00	2.768831e+00	2.816746e+00	1.050210e+00	9.683750e-01	2.735719e+00	4.256400e-02	8.267100e-02	8.308400e-02	8.672400e-02
-5.700000e+00	1.212110e-01	1.224550e-01	1.444550e-01	3.256169e+00	3.255753e+00	3.263153e+00	3.316254e+00	1.234752e+00	1.137863e+00	3.227077e+00	4.879600e-02	9.398800e-02	9.445800e-02	9.798500e-02
-5.650000e+00	1.282050e-01	1.297920e-01	1.515230e-01	3.821976e+00	3.821972e+00	3.829889e+00	3.889757e+00	1.446272e+00	1.332116e+00	3.789757e+00	5.585700e-02	1.067850e-01	1.073180e-01	1.107540e-01
-5.600000e+00	1.360790e-01	1.378160e-01	1.591940e-01	4.468139e+00	4.468466e+00	4.476469e+00	4.543871e+00	1.687430e+00	1.553619e+00	4.430673e+00	6.383600e-02	1.212200e-01	1.218110e-01	1.251530e-01
-5.550000e+00	1.448380e-01	1.465800e-01	1.677570e-01	5.201021e+00	5.201853e+00	5.210552e+00	5.285586e+00	1.961012e+00	1.804760e+00	5.158221e+00	7.281000e-02	1.374360e-01	1.380870e-01	1.413280e-01
-5.500000e+00	1.543100e-01	1.560230e-01	1.768910e-01	6.021429e+00	6.021595e+00	6.030445e+00	6.116257e+00	2.267340e+00	2.085867e+00	5.970148e+00	8.284800e-02	1.554970e-01	1.562110e-01	1.594250e-01
-5.450000e+00	1.643450e-01	1.664550e-01	1.869860e-01	6.940398e+00	6.940147e+00	6.949031e+00	7.046479e+00	2.610218e+00	2.400676e+00	6.881216e+00	9.407200e-02	1.756980e-01	1.765000e-01	1.796160e-01
-5.400000e+00	1.753130e-01	1.779520e-01	1.978030e-01	7.962218e+00	7.961914e+00	7.973200e+00	8.082000e+00	2.991946e+00	2.751122e+00	7.896779e+00	1.065510e-01	1.981710e-01	1.990760e-01	2.020550e-01
-5.350000e+00	1.872260e-01	1.904270e-01	2.094340e-01	9.092072e+00	9.093116e+00	9.108126e+00	9.229683e+00	3.414501e+00	3.139071e+00	9.020365e+00	1.204250e-01	2.230970e-01	2.241130e-01	2.269100e-01
-5.300000e+00	2.000570e-01	2.037910e-01	2.221450e-01	1.033572e+01	1.033962e+01	1.035706e+01	1.049569e+01	3.879490e+00	3.566133e+00	1.025481e+01	1.358250e-01	2.506540e-01	2.517730e-01	2.543580e-01
-5.250000e+00	2.141950e-01	2.181790e-01	2.361480e-01	1.169839e+01	1.170220e+01	1.172154e+01	1.188172e+01	4.388133e+00	4.033338e+00	1.160477e+01	1.527110e-01	2.809070e-01	2.820620e-01	2.845590e-01
-5.200000e+00	2.293540e-01	2.336370e-01	2.511700e-01	1.316547e+01	1.317085e+01	1.318970e+01	1.336744e+01	4.935765e+00	4.536394e+00	1.306039e+01	1.712300e-01	3.138010e-01	3.151560e-01	3.174970e-01
-5.150000e+00	2.456130e-01	2.503510e-01	2.673220e-01	1.474853e+01	1.475592e+01	1.477503e+01	1.496869e+01	5.526916e+00	5.079318e+00	1.462926e+01	1.915180e-01	3.497370e-01	3.512750e-01	3.534140e-01
-5.100000e+00	2.629870e-01	2.685450e-01	2.845670e-01	1.644690e+01	1.645452e+01	1.647493e+01	1.668754e+01	6.160984e+00	5.661941e+00	1.631302e+01	2.136560e-01	3.888110e-01	3.905420e-01	3.924430e-01
-5.050000e+00	2.815870e-01	2.882420e-01	3.029750e-01	1.825690e+01	1.826228e+01	1.828733e+01	1.852040e+01	6.836917e+00	6.283294e+00	1.810845e+01	2.377420e-01	4.311310e-01	4.330740e-01	4.347040e-01
-5.000000e+00	3.016000e-01	3.094710e-01	3.226790e-01	2.017249e+01	2.017507e+01	2.020873e+01	2.046094e+01	7.553084e+00	6.941791e+00	2.000861e+01	2.638770e-01	4.767990e-01	4.789770e-01	4.803000e-01
-4.950000e+00	3.232590e-01	3.325860e-01	3.438070e-01	2.218671e+01	2.219164e+01	2.223065e+01	2.250594e+01	8.307037e+00	7.635613e+00	2.200584e+01	2.921250e-01	5.258750e-01	5.283170e-01	5.293170e-01
-4.900000e+00	3.456250e-01	3.566080e-01	3.663910e-01	2.426434e+01	2.427892e+01	2.431472e+01	2.462282e+01	9.085884e+00	8.352878e+00	2.406994e+01	3.223700e-01	5.779980e-01	5.807380e-01	5.814050e-01
-4.850000e+00	3.694850e-01	3.828210e-01	3.902920e-01	2.642576e+01	2.643793e+01	2.647828e+01	2.681314e+01	9.894533e+00	9.098177e+00	2.621311e+01	3.547800e-01	6.335500e-01	6.365970e-01	6.368850e-01
-4.800000e+00	3.948050e-01	4.110530e-01	4.153310e-01	2.865528e+01	2.866194e+01	2.870839e+01	2.907484e+01	1.072877e+01	9.867682e+00	2.841842e+01	3.894430e-01	6.925060e-01	6.958800e-01	6.957500e-01
-4.750000e+00	4.215430e-01	4.413100e-01	4.416980e-01	3.093523e+01	3.093666e+01	3.098953e+01	3.139439e+01	1.158390e+01	1.065742e+01	3.067335e+01	4.264070e-01	7.548430e-01	7.585360e-01	7.579960e-01
-4.700000e+00	4.496310e-01	4.733850e-01	4.695530e-01	3.324814e+01	3.324658e+01	3.330651e+01	3.375482e+01	1.245480e+01	1.146299e+01	3.296729e+01	4.656880e-01	8.205110e-01	8.244600e-01	8.235810e-01
-4.650000e+00	4.789540e-01	5.062990e-01	4.984870e-01	3.557987e+01	3.558502e+01	3.564867e+01	3.614893e+01	1.333595e+01	1.227920e+01	3.528677e+01	5.072990e-01	8.893910e-01	8.934550e-01	8.923760e-01
-4.600000e+00	5.089410e-01	5.369540e-01	5.284960e-01	3.788466e+01	3.788826e+01	3.796644e+01	3.850942e+01	1.420776e+01	1.308867e+01	3.756585e+01	5.508880e-01	9.606140e-01	9.646450e-01	9.635110e-01
-4.550000e+00	5.403850e-01	5.681790e-01	5.593210e-01	4.017594e+01	4.017824e+01	4.026521e+01	4.086191e+01	1.507769e+01	1.389838e+01	3.983042e+01	5.967940e-01	1.034714e+00	1.038685e+00	1.037509e+00
-4.500000e+00	5.729870e-01	6.001870e-01	5.912810e-01	4.243401e+01	4.244011e+01	4.253295e+01	4.319253e+01	1.594029e+01	1.470312e+01	4.206357e+01	6.450120e-01	1.111487e+00	1.115393e+00	1.114189e+00
-4.450000e+00	6.064710e-01	6.331260e-01	6.242220e-01	4.464580e+01	4.465184e+01	4.475423e+01	4.548382e+01	1.679021e+01	1.549838e+01	4.424839e+01	6.955220e-01	1.190698e+00	1.194538e+00	1.193303e+00
-4.400000e+00	6.406660e-01	6.669260e-01	6.579040e-01	4.679830e+01	4.679420e+01	4.691333e+01	4.771868e+01	1.762258e+01	1.628005e+01	4.637037e+01	7.483030e-01	1.272096e+00	1.275860e+00	1.274583e+00
-4.350000e+00	6.756110e-01	7.011130e-01	6.925280e-01	4.886960e+01	4.886411e+01	4.899843e+01	4.988571e+01	1.843332e+01	1.704393e+01	4.842051e+01	8.033610e-01	1.355444e+00	1.359097e+00	1.357789e+00
-4.300000e+00	7.113080e-01	7.357350e-01	7.270720e-01	5.080790e+01	5.080653e+01	5.095310e+01	5.192779e+01	1.920336e+01	1.777328e+01	5.033194e+01	8.601250e-01	1.439330e+00	1.442876e+00	1.441521e+00
-4.250000e+00	7.467530e-01	7.704680e-01	7.620600e-01	5.264456e+01	5.264688e+01	5.280332e+01	5.387919e+01	1.994495e+01	1.847889e+01	5.214925e+01	9.189320e-01	1.524337e+00	1.527775e+00	1.526376e+00
-4.200000e+00	7.824210e-01	8.053760e-01	7.973160e-01	5.437168e+01	5.437562e+01	5.454616e+01	5.573290e+01	2.065623e+01	1.915975e+01	5.385520e+01	9.797960e-01	1.610142e+00	1.613463e+00	1.612041e+00
-4.150000e+00	8.185160e-01	8.404920e-01	8.327050e-01	5.598166e+01	5.598471e+01	5.617723e+01	5.747881e+01	2.133542e+01	1.981492e+01	5.544098e+01	1.042622e+00	1.696398e+00	1.699587e+00	1.698161e+00
-4.100000e+00	8.548970e-01	8.757620e-01	8.680550e-01	5.746776e+01	5.746723e+01	5.768830e+01	5.910738e+01	2.198113e+01	2.044343e+01	5.690159e+01	1.107292e+00	1.782744e+00	1.785770e+00	1.784351e+00
-4.050000e+00	8.909920e-01	9.109760e-01	9.030640e-01	5.882477e+01	5.881678e+01	5.906486e+01	6.061404e+01	2.259259e+01	2.104425e+01	5.823020e+01	1.173772e+00	1.868840e+00	1.871616e+00	1.870210e+00
-4.000000e+00	9.264120e-01	9.455340e-01	9.376260e-01	5.999840e+01	5.999205e+01	6.027753e+01	6.196105e+01	2.315921e+01	2.160699e+01	5.938859e+01	1.241544e+00	1.952669e+00	1.955407e+00	1.954047e+00
-3.950000e+00	9.614790e-01	9.793140e-01	9.714990e-01	6.104296e+01	6.103623e+01	6.135503e+01	6.318109e+01	2.369306e+01	2.214423e+01	6.041393e+01	1.310813e+00	2.035337e+00	2.037949e+00	2.036628e+00
-3.900000e+00	9.959030e-01	1.012333e+00	1.004839e+00	6.195190e+01	6.194335e+01	6.229493e+01	6.427315e+01	2.419448e+01	2.265566e+01	6.130011e+01	1.381631e+00	2.116321e+00	2.118774e+00	2.117506e+00
-3.850000e+00	1.029786e+00	1.044813e+00	1.037661e+00	6.272040e+01	6.271301e+01	6.309837e+01	6.523307e+01	2.466336e+01	2.316177e+01	6.204446e+01	1.453901e+00	2.195103e+00	2.197389e+00	2.196186e+00
-3.800000e+00	1.062866e+00	1.076440e+00	1.069437e+00	6.334543e+01	6.334418e+01	6.376579e+01	6.605890e+01	2.509999e+01	2.365420e+01	6.264595e+01	1.527440e+00	2.271219e+00	2.273333e+00	2.272207e+00
-3.750000e+00	1.093659e+00	1.105523e+00	1.098668e+00	6.382584e+01	6.382860e+01	6.429223e+01	6.675662e+01	2.550587e+01	2.403970e+01	6.310327e+01	1.602052e+00	2.344315e+00	2.346253e+00	2.345231e+00
-3.700000e+00	1.122912e+00	1.133863e+00	1.126966e+00	6.413350e+01	6.413014e+01	6.465227e+01	6.728222e+01	2.587375e+01	2.444834e+01	6.339015e+01	1.676976e+00	2.412403e+00	2.414193e+00	2.413303e+00
-3.650000e+00	1.150519e+00	1.160896e+00	1.153713e+00	6.429608e+01	6.428777e+01	6.487325e+01	6.767518e+01	2.621380e+01	2.483527e+01	6.353400e+01	1.752684e+00	2.476274e+00	2.477903e+00	2.477167e+00
-3.600000e+00	1.176531e+00	1.185871e+00	1.178681e+00	6.431724e+01	6.430681e+01	6.496154e+01	6.793085e+01	2.652576e+01	2.520168e+01	6.354252e+01	1.828970e+00	2.535617e+00	2.537072e+00	2.536528e+00
-3.550000e+00	1.200835e+00	1.208660e+00	1.201881e+00	6.425321e+01	6.424354e+01	6.491743e+01	6.805415e+01	2.681078e+01	2.554851e+01	6.341842e+01	1.905560e+00	2.590017e+00	2.591295e+00	2.590994e+00
-3.500000e+00	1.223137e+00	1.229338e+00	1.223322e+00	6.408157e+01	6.407693e+01	6.473977e+01	6.805160e+01	2.707019e+01	2.587622e+01	6.316237e+01	1.982166e+00	2.639072e+00	2.640175e+00	2.640168e+00
-3.450000e+00	1.242942e+00	1.247714e+00	1.242740e+00	6.357273e+01	6.358283e+01	6.443058e+01	6.792323e+01	2.730431e+01	2.618444e+01	6.277607e+01	2.058560e+00	2.682521e+00	2.683445e+00	2.683769e+00
-3.400000e+00	1.259246e+00	1.263370e+00	1.258689e+00	6.304710e+01	6.304818e+01	6.397816e+01	6.764078e+01	2.750749e+01	2.646974e+01	6.223045e+01	2.133416e+00	2.718158e+00	2.718922e+00	2.719612e+00
-3.350000e+00	1.273205e+00	1.276863e+00	1.272641e+00	6.239646e+01	6.239072e+01	6.341507e+01	6.722529e+01	2.768687e+01	2.673822e+01	6.156241e+01	2.207215e+00	2.747215e+00	2.747822e+00	2.748921e+00
-3.300000e+00	1.284542e+00	1.287353e+00	1.284421e+00	6.162790e+01	6.161632e+01	6.274552e+01	6.668831e+01	2.784210e+01	2.698874e+01	6.078295e+01	2.279550e+00	2.769553e+00	2.770009e+00	2.771595e+00
-3.250000e+00	1.293003e+00	1.294740e+00	1.293825e+00	6.074936e+01	6.073085e+01	6.197212e+01	6.603718e+01	2.797330e+01	2.721986e+01	5.989532e+01	2.349964e+00	2.784851e+00	2.785154e+00	2.787307e+00
-3.200000e+00	1.298462e+00	1.299265e+00	1.300686e+00	5.976634e+01	5.974180e+01	6.109875e+01	6.527570e+01	2.808040e+01	2.743039e+01	5.890024e+01	2.417973e+00	2.792817e+00	2.792963e+00	2.795752e+00
-3.150000e+00	1.301036e+00	1.301072e+00	1.304935e+00	5.867886e+01	5.865967e+01	6.013302e+01	6.440490e+01	2.816250e+01	2.762011e+01	5.780088e+01	2.483082e+00	2.793413e+00	2.793410e+00	2.796913e+00
-3.100000e+00	1.299084e+00	1.298711e+00	1.305659e+00	5.747674e+01	5.745319e+01	5.905764e+01	6.340677e+01	2.820981e+01	2.777866e+01	5.659359e+01	2.543291e+00	2.784528e+00	2.784399e+00	2.788758e+00
-3.050000e+00	1.294171e+00	1.293537e+00	1.304182e+00	5.618624e+01	5.616221e+01	5.790557e+01	6.231601e+01	2.822846e+01	2.790965e+01	5.530242e+01	2.599172e+00	2.768041e+00	2.767814e+00	2.773120e+00
-3.000000e+00	1.286427e+00	1.285851e+00	1.300353e+00	5.482064e+01	5.479317e+01	5.668341e+01	6.113279e+01	2.821619e+01	2.801064e+01	5.393690e+01	2.650197e+00	2.743962e+00	2.743653e+00	2.750001e+00
-2.950000e+00	1.275773e+00	1.275200e+00	1.294017e+00	5.338788e+01	5.335456e+01	5.540101e+01	5.986405e+01	2.817101e+01	2.807884e+01	5.250476e+01	2.695717e+00	2.712283e+00	2.711895e+00	2.719386e+00
-2.900000e+00	1.262149e+00	1.261224e+00	1.285199e+00	5.189334e+01	5.185537e+01	5.406785e+01	5.851754e+01	2.809080e+01	2.811116e+01	5.101315e+01	2.735149e+00	2.673171e+00	2.672708e+00	2.681461e+00
-2.850000e+00	1.245728e+00	1.244466e+00	1.274273e+00	5.034222e+01	5.030374e+01	5.268977e+01	5.709647e+01	2.797276e+01	2.810431e+01	4.946966e+01	2.768190e+00	2.627158e+00	2.626637e+00	2.636793e+00
-2.800000e+00	1.225449e+00	1.224248e+00	1.261325e+00	4.872202e+01	4.868240e+01	5.135680e+01	5.557723e+01	2.779975e+01	2.803925e+01	4.785582e+01	2.792142e+00	2.572292e+00	2.571723e+00	2.583482e+00
-2.750000e+00	1.202711e+00	1.201759e+00	1.246427e+00	4.713686e+01	4.709065e+01	4.981932e+01	5.399699e+01	2.758263e+01	2.792272e+01	4.620448e+01	2.808072e+00	2.510782e+00	2.510175e+00	2.523705e+00
-2.700000e+00	1.177539e+00	1.176773e+00	1.229796e+00	4.542354e+01	4.537584e+01	4.828622e+01	5.236114e+01	2.731712e+01	2.775445e+01	4.452022e+01	2.815662e+00	2.443089e+00	2.442443e+00	2.457921e+00
-2.650000e+00	1.150160e+00	1.149242e+00	1.211960e+00	4.365175e+01	4.360817e+01	4.678004e+01	5.067929e+01	2.700063e+01	2.753075e+01	4.281328e+01	2.814642e+00	2.369680e+00	2.368981e+00	2.386598e+00
-2.600000e+00	1.120753e+00	1.119373e+00	1.193392e+00	4.191741e+01	4.187790e+01	4.526093e+01	4.895822e+01	2.663155e+01	2.725332e+01	4.109497e+01	2.804715e+00	2.291058e+00	2.290289e+00	2.310248e+00
-2.550000e+00	1.089238e+00	1.087677e+00	1.174153e+00	4.017637e+01	4.013248e+01	4.373117e+01	4.719628e+01	2.620858e+01	2.693732e+01	3.937389e+01	2.785475e+00	2.207792e+00	2.206954e+00	2.229444e+00
-2.500000e+00	1.055479e+00	1.053651e+00	1.154818e+00	3.841063e+01	3.836969e+01	4.218782e+01	4.537673e+01	2.571159e+01	2.647133e+01	3.762740e+01	2.754626e+00	2.118583e+00	2.117681e+00	2.143078e+00
-2.450000e+00	1.020292e+00	1.018516e+00	1.135576e+00	3.665482e+01	3.661305e+01	4.065501e+01	4.352731e+01	2.515387e+01	2.596483e+01	3.588744e+01	2.714515e+00	2.026026e+00	2.025073e+00	2.053650e+00
-2.400000e+00	9.840200e-01	9.823090e-01	1.117474e+00	3.490890e+01	3.486600e+01	3.912644e+01	4.165042e+01	2.453741e+01	2.539748e+01	3.415646e+01	2.665307e+00	1.930821e+00	1.929808e+00	1.961859e+00
-2.350000e+00	9.468390e-01	9.450830e-01	1.100857e+00	3.317846e+01	3.313471e+01	3.760100e+01	3.974430e+01	2.386387e+01	2.476198e+01	3.244542e+01	2.607457e+00	1.833623e+00	1.832545e+00	1.868370e+00
-2.300000e+00	9.090250e-01	9.070880e-01	1.085883e+00	3.147103e+01	3.142606e+01	3.608021e+01	3.781132e+01	2.313564e+01	2.405996e+01	3.076224e+01	2.541485e+00	1.735097e+00	1.733952e+00	1.773846e+00
-2.250000e+00	8.711600e-01	8.689020e-01	1.073041e+00	2.979326e+01	2.974609e+01	3.456600e+01	3.586412e+01	2.235674e+01	2.329811e+01	2.910334e+01	2.467769e+00	1.635940e+00	1.634720e+00	1.678972e+00
-2.200000e+00	8.332340e-01	8.300260e-01	1.062707e+00	2.813235e+01	2.807972e+01	3.303548e+01	3.386548e+01	2.150875e+01	2.245415e+01	2.746351e+01	2.384964e+00	1.535424e+00	1.534119e+00	1.583294e+00
-2.150000e+00	7.950340e-01	7.914670e-01	1.056189e+00	2.650477e+01	2.644679e+01	3.149097e+01	3.185354e+01	2.061686e+01	2.155660e+01	2.586440e+01	2.296217e+00	1.435757e+00	1.434388e+00	1.488843e+00
-2.100000e+00	7.570610e-01	7.534720e-01	1.053122e+00	2.491273e+01	2.485212e+01	2.992485e+01	2.983949e+01	1.969088e+01	2.061198e+01	2.430841e+01	2.201933e+00	1.337527e+00	1.336087e+00	1.396169e+00
-2.050000e+00	7.195660e-01	7.160730e-01	1.054107e+00	2.336179e+01	2.330321e+01	2.832946e+01	2.783702e+01	1.873770e+01	1.962641e+01	2.279806e+01	2.103187e+00	1.241284e+00	1.239764e+00	1.305803e+00
-2.000000e+00	6.828840e-01	6.792830e-01	1.059494e+00	2.185795e+01	2.180484e+01	2.669653e+01	2.586235e+01	1.776288e+01	1.860768e+01	2.133628e+01	2.001190e+00	1.147541e+00	1.145938e+00	1.218205e+00
-1.950000e+00	6.476920e-01	6.432480e-01	1.068144e+00	2.040566e+01	2.035552e+01	2.501718e+01	2.393387e+01	1.677192e+01	1.756669e+01	1.992653e+01	1.896878e+00	1.056778e+00	1.055077e+00	1.133734e+00
-1.900000e+00	6.137260e-01	6.086490e-01	1.083467e+00	1.899617e+01	1.894316e+01	2.326138e+01	2.206015e+01	1.575659e+01	1.649867e+01	1.855908e+01	1.788444e+00	9.684030e-01	9.666040e-01	1.052469e+00
-1.850000e+00	5.810960e-01	5.756630e-01	1.102772e+00	1.764239e+01	1.758857e+01	2.153316e+01	2.025274e+01	1.474610e+01	1.543323e+01	1.725161e+01	1.679889e+00	8.838700e-01	8.819830e-01	9.752890e-01
-1.800000e+00	5.500650e-01	5.440030e-01	1.127151e+00	1.634801e+01	1.629455e+01	1.989124e+01	1.850486e+01	1.374620e+01	1.437766e+01	1.599930e+01	1.571602e+00	8.034540e-01	8.014760e-01	9.024030e-01
-1.750000e+00	5.204980e-01	5.135900e-01	1.156355e+00	1.511205e+01	1.505881e+01	1.833722e+01	1.682218e+01	1.276149e+01	1.333784e+01	1.480213e+01	1.464427e+00	7.273550e-01	7.252750e-01	8.339190e-01
-1.700000e+00	4.923240e-01	4.845460e-01	1.189732e+00	1.393399e+01	1.388017e+01	1.684968e+01	1.521080e+01	1.179663e+01	1.231841e+01	1.366248e+01	1.359044e+00	6.557080e-01	6.535110e-01	7.698930e-01
-1.650000e+00	4.659050e-01	4.571830e-01	1.227358e+00	1.281692e+01	1.276225e+01	1.540771e+01	1.367028e+01	1.085701e+01	1.132292e+01	1.258330e+01	1.255575e+00	5.886000e-01	5.862660e-01	7.103620e-01
-1.600000e+00	4.411870e-01	4.319710e-01	1.269797e+00	1.174651e+01	1.169481e+01	1.398676e+01	1.218791e+01	9.932101e+00	1.034364e+01	1.155601e+01	1.153627e+00	5.254680e-01	5.230020e-01	6.553490e-01
-1.550000e+00	4.182200e-01	4.082000e-01	1.314907e+00	1.073197e+01	1.068825e+01	1.261421e+01	1.079157e+01	9.043475e+00	9.400006e+00	1.058603e+01	1.055358e+00	4.670390e-01	4.644510e-01	6.048970e-01
-1.500000e+00	3.969350e-01	3.858790e-01	1.363323e+00	9.773508e+00	9.737696e+00	1.129983e+01	9.485160e+00	8.192649e+00	8.495656e+00	9.669586e+00	9.605810e-01	4.132570e-01	4.105640e-01	5.588360e-01
-1.450000e+00	3.772570e-01	3.650820e-01	1.414282e+00	8.870846e+00	8.842711e+00	1.004875e+01	8.274378e+00	7.383622e+00	7.634746e+00	8.806497e+00	8.699030e-01	3.640590e-01	3.612640e-01	5.169670e-01
-1.400000e+00	3.590750e-01	3.458670e-01	1.466773e+00	8.022717e+00	8.004692e+00	8.864836e+00	7.161244e+00	6.619940e+00	6.821417e+00	7.996192e+00	7.838310e-01	3.193260e-01	3.164310e-01	4.790610e-01
-1.350000e+00	3.422160e-01	3.282090e-01	1.520986e+00	7.226693e+00	7.225063e+00	7.752503e+00	6.142172e+00	5.903050e+00	6.059353e+00	7.235457e+00	7.022700e-01	2.788720e-01	2.759000e-01	4.448570e-01
-1.300000e+00	3.276040e-01	3.124840e-01	1.573438e+00	6.477604e+00	6.486675e+00	6.700703e+00	5.207091e+00	5.224648e+00	5.339676e+00	6.520994e+00	6.249230e-01	2.428980e-01	2.397860e-01	4.142960e-01
-1.250000e+00	3.140280e-01	2.978400e-01	1.624271e+00	5.780241e+00	5.802336e+00	5.732468e+00	4.370907e+00	4.597109e+00	4.672829e+00	5.853787e+00	5.527540e-01	2.103070e-01	2.070950e-01	3.867010e-01
-1.200000e+00	3.014120e-01	2.844590e-01	1.671738e+00	5.132357e+00	5.167286e+00	4.849874e+00	3.631731e+00	4.018137e+00	4.059499e+00	5.232690e+00	4.860450e-01	1.813390e-01	1.780540e-01	3.644530e-01
-1.150000e+00	2.899940e-01	2.724320e-01	1.714409e+00	4.535189e+00	4.582493e+00	4.053943e+00	2.986009e+00	3.488775e+00	3.502099e+00	4.657333e+00	4.282090e-01	1.558740e-01	1.525200e-01	3.425540e-01
-1.100000e+00	2.799650e-01	2.615770e-01	1.751136e+00	3.984947e+00	4.044668e+00	3.344594e+00	2.428317e+00	3.009407e+00	2.998434e+00	4.126163e+00	3.761230e-01	1.335330e-01	1.302010e-01	3.186060e-01
-1.050000e+00	2.711680e-01	2.513020e-01	1.780985e+00	3.469758e+00	3.542162e+00	2.720570e+00	1.951704e+00	2.577976e+00	2.540255e+00	3.635652e+00	3.170690e-01	1.137860e-01	1.107830e-01	2.995350e-01
-1.000000e+00	2.627150e-01	2.414850e-01	1.798702e+00	2.999965e+00	3.082141e+00	2.173080e+00	1.546349e+00	2.187492e+00	2.130640e+00	3.176548e+00	2.700220e-01	9.714900e-02	9.362900e-02	2.815170e-01
-9.500000e-01	2.547210e-01	2.327680e-01	1.804437e+00	2.573868e+00	2.662773e+00	1.709023e+00	1.211483e+00	1.841035e+00	1.770525e+00	2.754720e+00	2.289210e-01	8.295100e-02	7.932200e-02	2.649600e-01
-9.000000e-01	2.476690e-01	2.248430e-01	1.797670e+00	2.186955e+00	2.281922e+00	1.322431e+00	9.377560e-01	1.536451e+00	1.455894e+00	2.369140e+00	1.916780e-01	7.095800e-02	6.729100e-02	2.477720e-01
-8.500000e-01	2.413000e-01	2.176200e-01	1.776833e+00	1.838841e+00	1.938462e+00	1.006279e+00	7.168790e-01	1.271391e+00	1.183782e+00	2.018915e+00	1.586260e-01	6.088400e-02	5.719200e-02	2.303920e-01
-8.000000e-01	2.351910e-01	2.109670e-01	1.740137e+00	1.529444e+00	1.630887e+00	7.526420e-01	5.414220e-01	1.043099e+00	9.510200e-01	1.703501e+00	1.301280e-01	5.244400e-02	4.874900e-02	2.134870e-01
-7.500000e-01	2.292630e-01	2.045010e-01	1.686428e+00	1.257309e+00	1.356862e+00	5.530800e-01	4.045730e-01	8.484200e-01	7.538990e-01	1.422610e+00	1.056830e-01	4.537200e-02	4.168500e-02	1.963820e-01
-7.000000e-01	2.233660e-01	1.977680e-01	1.608208e+00	1.015559e+00	1.110015e+00	3.976490e-01	2.982540e-01	6.837650e-01	5.871060e-01	1.167678e+00	8.465600e-02	3.968900e-02	3.598800e-02	1.784020e-01
-6.500000e-01	2.175640e-01	1.909830e-01	1.512380e+00	8.069770e-01	8.940140e-01	2.811470e-01	2.182280e-01	5.473970e-01	4.498840e-01	9.434490e-01	6.701200e-02	3.501100e-02	3.133900e-02	1.601090e-01
-6.000000e-01	2.111440e-01	1.840900e-01	1.400795e+00	6.300340e-01	7.077600e-01	1.955650e-01	1.585820e-01	4.362600e-01	3.385610e-01	7.480250e-01	5.237900e-02	3.115400e-02	2.752600e-02	1.415700e-01
-5.500000e-01	2.043170e-01	1.773180e-01	1.275635e+00	4.823520e-01	5.492440e-01	1.337980e-01	1.148730e-01	3.474840e-01	2.501440e-01	5.813240e-01	4.045600e-02	2.795900e-02	2.440600e-02	1.230340e-01
-5.000000e-01	1.974660e-01	1.707210e-01	1.139306e+00	3.614350e-01	4.164530e-01	9.019100e-02	8.350100e-02	2.780390e-01	1.813830e-01	4.419810e-01	3.092000e-02	2.529600e-02	2.183500e-02	1.048530e-01
-4.500000e-01	1.905160e-01	1.637990e-01	9.945030e-01	2.647810e-01	3.075450e-01	6.028900e-02	6.149100e-02	2.248260e-01	1.288110e-01	3.269960e-01	2.340500e-02	2.306700e-02	1.964000e-02	8.742300e-02
-4.000000e-01	1.832330e-01	1.565260e-01	8.396640e-01	1.876480e-01	2.186440e-01	4.005600e-02	4.617300e-02	1.871430e-01	8.890800e-02	2.328240e-01	1.730900e-02	2.109800e-02	1.776800e-02	7.040700e-02
-3.500000e-01	1.754020e-01	1.490640e-01	6.867240e-01	1.295220e-01	1.496710e-01	2.682700e-02	3.560600e-02	1.618950e-01	5.987200e-02	1.597300e-01	1.265900e-02	1.933300e-02	1.613100e-02	5.477500e-02
-3.000000e-01	1.675990e-01	1.416110e-01	5.420390e-01	8.716000e-02	9.812900e-02	1.842500e-02	2.828300e-02	1.475740e-01	3.936600e-02	1.049340e-01	9.093000e-03	1.772300e-02	1.464900e-02	4.120200e-02
-2.500000e-01	1.600520e-01	1.342730e-01	4.133040e-01	5.751700e-02	6.180100e-02	1.309700e-02	2.305300e-02	1.424920e-01	2.533000e-02	6.612700e-02	6.503000e-03	1.614900e-02	1.322100e-02	2.995200e-02
-2.000000e-01	1.524140e-01	1.267980e-01	2.999980e-01	3.750800e-02	3.693600e-02	9.903000e-03	1.931300e-02	1.513110e-01	1.583800e-02	3.940400e-02	4.487000e-03	1.443300e-02	1.170700e-02	2.080200e-02
-1.500000e-01	1.451200e-01	1.189340e-01	2.100430e-01	2.468900e-02	2.144200e-02	7.850000e-03	1.623300e-02	1.792590e-01	9.706000e-03	2.270500e-02	4.085000e-03	1.262700e-02	1.013200e-02	1.402500e-02
-1.000000e-01	1.381410e-01	1.114270e-01	1.450490e-01	1.658300e-02	1.235700e-02	6.191000e-03	1.346300e-02	2.560790e-01	5.592000e-03	1.316000e-02	4.648300e-02	1.038600e-02	8.227000e-03	9.097000e-03
-5.000000e-02	1.314370e-01	1.033150e-01	1.042820e-01	1.148600e-02	7.452000e-03	4.688000e-03	1.083800e-02	4.842840e-01	2.805000e-03	8.033000e-03	2.517637e+00	6.810000e-03	5.345000e-03	5.060000e-03
0.000000e+00	1.271930e-01	9.780400e-02	8.743100e-02	9.143000e-03	5.499000e-03	3.723000e-03	9.167000e-03	4.097070e-01	1.169000e-03	6.028000e-03	6.309978e+01	1.624000e-03	1.245000e-03	1.098000e-03
