-8.900000e+00	0.000000e+00	0.000000e+00	0.000000e+00	0.000000e+00	0.000000e+00	0.000000e+00	0.000000e+00	0.000000e+00	0.000000e+00	0.000000e+00	0.000000e+00	0.000000e+00	0.000000e+00	0.000000e+00
-8.850000e+00	0.000000e+00	0.000000e+00	0.000000e+00	0.000000e+00	0.000000e+00	0.000000e+00	0.000000e+00	0.000000e+00	0.000000e+00	0.000000e+00	0.000000e+00	0.000000e+00	0.000000e+00	0.000000e+00
-8.800000e+00	0.000000e+00	0.000000e+00	0.000000e+00	0.000000e+00	0.000000e+00	0.000000e+00	0.000000e+00	0.000000e+00	0.000000e+00	0.000000e+00	0.000000e+00	0.000000e+00	0.000000e+00	0.000000e+00
-8.750000e+00	0.000000e+00	0.000000e+00	0.000000e+00	0.000000e+00	0.000000e+00	0.000000e+00	0.000000e+00	0.000000e+00	0.000000e+00	0.000000e+00	0.000000e+00	0.000000e+00	0.000000e+00	0.000000e+00
-8.700000e+00	0.000000e+00	0.000000e+00	0.000000e+00	0.000000e+00	0.000000e+00	0.000000e+00	0.000000e+00	0.000000e+00	0.000000e+00	0.000000e+00	0.000000e+00	0.000000e+00	0.000000e+00	0.000000e+00
-8.650000e+00	0.000000e+00	0.000000e+00	0.000000e+00	0.000000e+00	0.000000e+00	0.000000e+00	0.000000e+00	0.000000e+00	0.000000e+00	0.000000e+00	0.000000e+00	0.000000e+00	0.000000e+00	0.000000e+00
-8.600000e+00	0.000000e+00	0.000000e+00	0.000000e+00	0.000000e+00	0.000000e+00	0.000000e+00	0.000000e+00	0.000000e+00	0.000000e+00	0.000000e+00	0.000000e+00	0.000000e+00	0.000000e+00	0.000000e+00
-8.550000e+00	0.000000e+00	0.000000e+00	0.000000e+00	0.000000e+00	0.000000e+00	0.000000e+00	0.000000e+00	0.000000e+00	0.000000e+00	0.000000e+00	0.000000e+00	0.000000e+00	0.000000e+00	0.000000e+00
-8.500000e+00	0.000000e+00	0.000000e+00	0.000000e+00	0.000000e+00	0.000000e+00	0.000000e+00	0.000000e+00	0.000000e+00	0.000000e+00	0.000000e+00	0.000000e+00	0.000000e+00	0.000000e+00	0.000000e+00
-8.450000e+00	0.000000e+00	0.000000e+00	0.000000e+00	0.000000e+00	0.000000e+00	0.000000e+00	0.000000e+00	0.000000e+00	0.000000e+00	0.000000e+00	0.000000e+00	0.000000e+00	0.000000e+00	0.000000e+00
-8.400000e+00	0.000000e+00	0.000000e+00	0.000000e+00	0.000000e+00	0.000000e+00	0.000000e+00	0.000000e+00	0.000000e+00	0.000000e+00	0.000000e+00	0.000000e+00	0.000000e+00	0.000000e+00	0.000000e+00
-8.350000e+00	0.000000e+00	0.000000e+00	0.000000e+00	0.000000e+00	0.000000e+00	0.000000e+00	0.000000e+00	2.000000e-06	0.000000e+00	0.000000e+00	0.000000e+00	0.000000e+00	0.000000e+00	0.000000e+00
-8.300000e+00	0.000000e+00	0.000000e+00	0.000000e+00	0.000000e+00	0.000000e+00	0.000000e+00	0.000000e+00	2.000000e-06	0.000000e+00	0.000000e+00	0.000000e+00	0.000000e+00	0.000000e+00	0.000000e+00
-8.250000e+00	0.000000e+00	0.000000e+00	0.000000e+00	0.000000e+00	0.000000e+00	0.000000e+00	0.000000e+00	0.000000e+00	0.000000e+00	0.000000e+00	0.000000e+00	0.000000e+00	0.000000e+00	0.000000e+00
-8.200000e+00	0.000000e+00	0.000000e+00	0.000000e+00	0.000000e+00	0.000000e+00	0.000000e+00	0.000000e+00	1.000000e-06	0.000000e+00	0.000000e+00	0.000000e+00	0.000000e+00	0.000000e+00	0.000000e+00
-8.150000e+00	0.000000e+00	0.000000e+00	0.000000e+00	0.000000e+00	0.000000e+00	0.000000e+00	0.000000e+00	2.000000e-06	0.000000e+00	0.000000e+00	0.000000e+00	0.000000e+00	0.000000e+00	0.000000e+00
-8.100000e+00	0.000000e+00	0.000000e+00	0.000000e+00	0.000000e+00	0.000000e+00	0.000000e+00	0.000000e+00	4.000000e-06	0.000000e+00	0.000000e+00	0.000000e+00	0.000000e+00	0.000000e+00	0.000000e+00
-8.050000e+00	0.000000e+00	0.000000e+00	0.000000e+00	0.000000e+00	0.000000e+00	0.000000e+00	0.000000e+00	7.000000e-06	0.000000e+00	0.000000e+00	0.000000e+00	0.000000e+00	0.000000e+00	0.000000e+00
-8.000000e+00	0.000000e+00	0.000000e+00	0.000000e+00	0.000000e+00	0.000000e+00	0.000000e+00	0.000000e+00	9.000000e-06	0.000000e+00	0.000000e+00	0.000000e+00	0.000000e+00	0.000000e+00	0.000000e+00
-7.950000e+00	0.000000e+00	0.000000e+00	0.000000e+00	0.000000e+00	0.000000e+00	0.000000e+00	0.000000e+00	1.600000e-05	0.000000e+00	0.000000e+00	0.000000e+00	0.000000e+00	0.000000e+00	0.000000e+00
-7.900000e+00	0.000000e+00	0.000000e+00	0.000000e+00	0.000000e+00	0.000000e+00	0.000000e+00	0.000000e+00	3.200000e-05	0.000000e+00	0.000000e+00	0.000000e+00	0.000000e+00	0.000000e+00	0.000000e+00
-7.850000e+00	0.000000e+00	0.000000e+00	0.000000e+00	0.000000e+00	0.000000e+00	0.000000e+00	0.000000e+00	6.600000e-05	0.000000e+00	0.000000e+00	0.000000e+00	0.000000e+00	0.000000e+00	0.000000e+00
-7.800000e+00	0.000000e+00	0.000000e+00	0.000000e+00	0.000000e+00	0.000000e+00	0.000000e+00	0.000000e+00	1.410000e-04	0.000000e+00	0.000000e+00	0.000000e+00	0.000000e+00	0.000000e+00	0.000000e+00
-7.750000e+00	0.000000e+00	0.000000e+00	0.000000e+00	0.000000e+00	0.000000e+00	0.000000e+00	0.000000e+00	2.890000e-04	0.000000e+00	0.000000e+00	0.000000e+00	0.000000e+00	0.000000e+00	0.000000e+00
-7.700000e+00	0.000000e+00	0.000000e+00	0.000000e+00	0.000000e+00	0.000000e+00	0.000000e+00	0.000000e+00	5.330000e-04	0.000000e+00	0.000000e+00	0.000000e+00	0.000000e+00	0.000000e+00	0.000000e+00
-7.650000e+00	0.000000e+00	0.000000e+00	0.000000e+00	0.000000e+00	0.000000e+00	0.000000e+00	0.000000e+00	8.440000e-04	0.000000e+00	0.000000e+00	0.000000e+00	0.000000e+00	0.000000e+00	0.000000e+00
-7.600000e+00	0.000000e+00	0.000000e+00	0.000000e+00	0.000000e+00	0.000000e+00	0.000000e+00	0.000000e+00	1.198000e-03	0.000000e+00	0.000000e+00	0.000000e+00	0.000000e+00	0.000000e+00	0.000000e+00
-7.550000e+00	0.000000e+00	0.000000e+00	0.000000e+00	0.000000e+00	0.000000e+00	0.000000e+00	0.000000e+00	1.619000e-03	0.000000e+00	0.000000e+00	0.000000e+00	0.000000e+00	0.000000e+00	0.000000e+00
-7.500000e+00	0.000000e+00	0.000000e+00	0.000000e+00	0.000000e+00	0.000000e+00	0.000000e+00	0.000000e+00	2.095000e-03	0.000000e+00	0.000000e+00	0.000000e+00	0.000000e+00	0.000000e+00	0.000000e+00
-7.450000e+00	0.000000e+00	0.000000e+00	0.000000e+00	0.000000e+00	0.000000e+00	0.000000e+00	0.000000e+00	2.617000e-03	1.000000e-06	0.000000e+00	1.000000e-06	0.000000e+00	0.000000e+00	0.000000e+00
-7.400000e+00	0.000000e+00	0.000000e+00	1.000000e-06	0.000000e+00	0.000000e+00	0.000000e+00	0.000000e+00	3.195000e-03	3.000000e-06	0.000000e+00	2.000000e-06	0.000000e+00	0.000000e+00	0.000000e+00
-7.350000e+00	0.000000e+00	0.000000e+00	4.000000e-06	0.000000e+00	0.000000e+00	0.000000e+00	0.000000e+00	3.875000e-03	6.000000e-06	0.000000e+00	3.000000e-06	0.000000e+00	0.000000e+00	0.000000e+00
-7.300000e+00	0.000000e+00	0.000000e+00	8.000000e-06	0.000000e+00	0.000000e+00	0.000000e+00	0.000000e+00	4.563000e-03	1.500000e-05	0.000000e+00	4.000000e-06	0.000000e+00	0.000000e+00	0.000000e+00
-7.250000e+00	0.000000e+00	0.000000e+00	1.600000e-05	0.000000e+00	0.000000e+00	0.000000e+00	0.000000e+00	5.255000e-03	3.500000e-05	0.000000e+00	4.000000e-06	0.000000e+00	0.000000e+00	0.000000e+00
-7.200000e+00	0.000000e+00	0.000000e+00	2.900000e-05	0.000000e+00	0.000000e+00	0.000000e+00	0.000000e+00	5.841000e-03	7.900000e-05	0.000000e+00	4.000000e-06	0.000000e+00	0.000000e+00	0.000000e+00
-7.150000e+00	0.000000e+00	1.000000e-06	5.500000e-05	0.000000e+00	0.000000e+00	0.000000e+00	0.000000e+00	6.240000e-03	1.600000e-04	0.000000e+00	5.000000e-06	0.000000e+00	0.000000e+00	0.000000e+00
-7.100000e+00	0.000000e+00	0.000000e+00	1.150000e-04	0.000000e+00	0.000000e+00	0.000000e+00	0.000000e+00	6.468000e-03	2.740000e-04	0.000000e+00	5.000000e-06	0.000000e+00	0.000000e+00	0.000000e+00
-7.050000e+00	0.000000e+00	0.000000e+00	2.630000e-04	0.000000e+00	0.000000e+00	0.000000e+00	0.000000e+00	6.678000e-03	4.200000e-04	0.000000e+00	5.000000e-06	0.000000e+00	0.000000e+00	0.000000e+00
-7.000000e+00	0.000000e+00	0.000000e+00	6.500000e-04	0.000000e+00	0.000000e+00	0.000000e+00	0.000000e+00	6.807000e-03	6.030000e-04	0.000000e+00	6.000000e-06	0.000000e+00	0.000000e+00	0.000000e+00
-6.950000e+00	0.000000e+00	0.000000e+00	1.651000e-03	0.000000e+00	0.000000e+00	0.000000e+00	0.000000e+00	7.031000e-03	8.080000e-04	0.000000e+00	8.000000e-06	0.000000e+00	0.000000e+00	0.000000e+00
-6.900000e+00	1.000000e-06	1.000000e-06	4.172000e-03	0.000000e+00	0.000000e+00	0.000000e+00	0.000000e+00	7.163000e-03	1.045000e-03	0.000000e+00	1.100000e-05	0.000000e+00	0.000000e+00	0.000000e+00
-6.850000e+00	2.000000e-06	2.000000e-06	8.821000e-03	0.000000e+00	0.000000e+00	0.000000e+00	0.000000e+00	7.209000e-03	1.303000e-03	0.000000e+00	1.300000e-05	0.000000e+00	0.000000e+00	0.000000e+00
-6.800000e+00	1.000000e-06	2.000000e-06	1.381300e-02	0.000000e+00	1.000000e-06	0.000000e+00	0.000000e+00	7.242000e-03	1.559000e-03	0.000000e+00	1.300000e-05	0.000000e+00	0.000000e+00	0.000000e+00
-6.750000e+00	2.000000e-06	3.000000e-06	1.802800e-02	0.000000e+00	2.000000e-06	0.000000e+00	0.000000e+00	7.262000e-03	1.794000e-03	0.000000e+00	1.400000e-05	0.000000e+00	0.000000e+00	0.000000e+00
-6.700000e+00	2.000000e-06	4.000000e-06	2.148500e-02	0.000000e+00	1.000000e-06	0.000000e+00	0.000000e+00	7.243000e-03	1.986000e-03	0.000000e+00	1.300000e-05	0.000000e+00	0.000000e+00	0.000000e+00
-6.650000e+00	1.000000e-06	5.000000e-06	2.464100e-02	0.000000e+00	0.000000e+00	0.000000e+00	0.000000e+00	7.245000e-03	2.144000e-03	0.000000e+00	1.500000e-05	0.000000e+00	0.000000e+00	0.000000e+00
-6.600000e+00	1.000000e-06	6.000000e-06	2.758100e-02	0.000000e+00	0.000000e+00	2.000000e-06	0.000000e+00	7.297000e-03	2.303000e-03	0.000000e+00	1.700000e-05	0.000000e+00	0.000000e+00	0.000000e+00
-6.550000e+00	2.000000e-06	6.000000e-06	3.045900e-02	0.000000e+00	0.000000e+00	2.000000e-06	0.000000e+00	7.369000e-03	2.474000e-03	0.000000e+00	1.800000e-05	0.000000e+00	0.000000e+00	0.000000e+00
-6.500000e+00	2.000000e-06	7.000000e-06	3.337200e-02	0.000000e+00	0.000000e+00	0.000000e+00	0.000000e+00	7.417000e-03	2.657000e-03	0.000000e+00	1.900000e-05	0.000000e+00	0.000000e+00	0.000000e+00
-6.450000e+00	2.000000e-06	1.100000e-05	3.620600e-02	0.000000e+00	0.000000e+00	0.000000e+00	0.000000e+00	7.437000e-03	2.855000e-03	0.000000e+00	2.000000e-05	0.000000e+00	0.000000e+00	0.000000e+00
-6.400000e+00	2.000000e-06	1.000000e-05	3.866400e-02	1.000000e-06	0.000000e+00	1.000000e-06	0.000000e+00	7.439000e-03	2.984000e-03	0.000000e+00	2.500000e-05	0.000000e+00	0.000000e+00	0.000000e+00
-6.350000e+00	2.000000e-06	1.200000e-05	4.107700e-02	1.000000e-06	0.000000e+00	1.000000e-06	0.000000e+00	7.424000e-03	3.095000e-03	0.000000e+00	2.900000e-05	0.000000e+00	0.000000e+00	0.000000e+00
-6.300000e+00	2.000000e-06	1.500000e-05	4.347000e-02	1.000000e-06	0.000000e+00	1.000000e-06	0.000000e+00	7.433000e-03	3.225000e-03	0.000000e+00	3.000000e-05	0.000000e+00	0.000000e+00	0.000000e+00
-6.250000e+00	4.000000e-06	1.800000e-05	4.597000e-02	2.000000e-06	0.000000e+00	2.000000e-06	0.000000e+00	7.473000e-03	3.372000e-03	0.000000e+00	3.100000e-05	0.000000e+00	0.000000e+00	0.000000e+00
-6.200000e+00	7.000000e-06	2.200000e-05	4.860900e-02	3.000000e-06	0.000000e+00	1.000000e-06	0.000000e+00	7.512000e-03	3.528000e-03	0.000000e+00	3.300000e-05	0.000000e+00	0.000000e+00	0.000000e+00
-6.150000e+00	9.000000e-06	2.400000e-05	5.104300e-02	2.000000e-06	1.000000e-06	0.000000e+00	0.000000e+00	7.481000e-03	3.703000e-03	0.000000e+00	3.700000e-05	0.000000e+00	0.000000e+00	0.000000e+00
-6.100000e+00	7.000000e-06	2.800000e-05	5.351800e-02	2.000000e-06	0.000000e+00	1.000000e-06	0.000000e+00	7.476000e-03	3.829000e-03	2.000000e-06	3.900000e-05	0.000000e+00	0.000000e+00	0.000000e+00
-6.050000e+00	8.000000e-06	3.100000e-05	5.597000e-02	2.000000e-06	0.000000e+00	3.000000e-06	0.000000e+00	7.467000e-03	3.936000e-03	2.000000e-06	4.400000e-05	0.000000e+00	0.000000e+00	0.000000e+00
-6.000000e+00	1.000000e-05	3.800000e-05	5.830300e-02	2.000000e-06	1.000000e-06	3.000000e-06	0.000000e+00	7.474000e-03	4.073000e-03	2.000000e-06	5.100000e-05	0.000000e+00	0.000000e+00	0.000000e+00
-5.950000e+00	1.400000e-05	5.300000e-05	6.067900e-02	2.000000e-06	2.000000e-06	2.000000e-06	0.000000e+00	7.474000e-03	4.200000e-03	2.000000e-06	5.600000e-05	0.000000e+00	0.000000e+00	0.000000e+00
-5.900000e+00	2.100000e-05	8.000000e-05	6.320800e-02	3.000000e-06	3.000000e-06	2.000000e-06	0.000000e+00	7.447000e-03	4.295000e-03	2.000000e-06	6.200000e-05	0.000000e+00	0.000000e+00	0.000000e+00
-5.850000e+00	3.800000e-05	1.000000e-04	6.557300e-02	6.000000e-06	6.000000e-06	3.000000e-06	0.000000e+00	7.430000e-03	4.471000e-03	4.000000e-06	7.100000e-05	0.000000e+00	0.000000e+00	0.000000e+00
-5.800000e+00	6.200000e-05	1.540000e-04	6.761900e-02	1.100000e-05	8.000000e-06	5.000000e-06	0.000000e+00	7.499000e-03	4.594000e-03	8.000000e-06	7.900000e-05	0.000000e+00	0.000000e+00	0.000000e+00
-5.750000e+00	1.240000e-04	2.730000e-04	6.974600e-02	1.700000e-05	1.100000e-05	9.000000e-06	0.000000e+00	7.541000e-03	4.678000e-03	1.400000e-05	8.200000e-05	0.000000e+00	0.000000e+00	0.000000e+00
-5.700000e+00	2.830000e-04	5.560000e-04	7.191200e-02	2.100000e-05	1.700000e-05	1.300000e-05	0.000000e+00	7.592000e-03	4.841000e-03	2.000000e-05	8.800000e-05	0.000000e+00	0.000000e+00	0.000000e+00
-5.650000e+00	6.960000e-04	1.254000e-03	7.399700e-02	2.700000e-05	2.400000e-05	1.800000e-05	0.000000e+00	7.711000e-03	5.055000e-03	2.900000e-05	9.500000e-05	0.000000e+00	0.000000e+00	0.000000e+00
-5.600000e+00	1.694000e-03	2.821000e-03	7.596600e-02	4.000000e-05	3.500000e-05	2.600000e-05	0.000000e+00	7.924000e-03	5.254000e-03	4.000000e-05	1.000000e-04	0.000000e+00	0.000000e+00	0.000000e+00
-5.550000e+00	3.585000e-03	5.163000e-03	7.806700e-02	5.900000e-05	5.500000e-05	4.200000e-05	0.000000e+00	8.152000e-03	5.477000e-03	5.500000e-05	1.040000e-04	0.000000e+00	0.000000e+00	0.000000e+00
-5.500000e+00	5.683000e-03	7.663000e-03	8.014200e-02	8.200000e-05	8.200000e-05	6.500000e-05	0.000000e+00	8.367000e-03	5.764000e-03	7.700000e-05	1.110000e-04	0.000000e+00	0.000000e+00	0.000000e+00
-5.450000e+00	8.026000e-03	1.037100e-02	8.186500e-02	1.170000e-04	1.150000e-04	9.700000e-05	0.000000e+00	8.735000e-03	6.092000e-03	1.080000e-04	1.230000e-04	0.000000e+00	0.000000e+00	0.000000e+00
-5.400000e+00	1.056500e-02	1.308600e-02	8.340400e-02	1.690000e-04	1.610000e-04	1.390000e-04	0.000000e+00	9.191000e-03	6.530000e-03	1.610000e-04	1.370000e-04	0.000000e+00	0.000000e+00	0.000000e+00
-5.350000e+00	1.317100e-02	1.584500e-02	8.478100e-02	2.370000e-04	2.250000e-04	1.970000e-04	0.000000e+00	9.714000e-03	7.054000e-03	2.380000e-04	1.450000e-04	0.000000e+00	0.000000e+00	0.000000e+00
-5.300000e+00	1.567700e-02	1.881500e-02	8.595500e-02	3.200000e-04	3.130000e-04	2.810000e-04	0.000000e+00	1.034200e-02	7.620000e-03	3.340000e-04	1.520000e-04	0.000000e+00	0.000000e+00	0.000000e+00
-5.250000e+00	1.819000e-02	2.189800e-02	8.692400e-02	4.390000e-04	4.340000e-04	4.110000e-04	0.000000e+00	1.122400e-02	8.279000e-03	4.550000e-04	1.780000e-04	0.000000e+00	0.000000e+00	0.000000e+00
-5.200000e+00	2.066900e-02	2.486300e-02	8.799200e-02	6.030000e-04	5.810000e-04	6.030000e-04	0.000000e+00	1.237500e-02	8.949000e-03	6.000000e-04	2.010000e-04	0.000000e+00	0.000000e+00	0.000000e+00
-5.150000e+00	2.311700e-02	2.799100e-02	8.872300e-02	8.180000e-04	8.080000e-04	8.850000e-04	0.000000e+00	1.357600e-02	9.846000e-03	8.060000e-04	2.340000e-04	0.000000e+00	0.000000e+00	0.000000e+00
-5.100000e+00	2.551600e-02	3.131000e-02	8.928400e-02	1.114000e-03	1.118000e-03	1.285000e-03	0.000000e+00	1.486500e-02	1.095600e-02	1.099000e-03	2.530000e-04	0.000000e+00	0.000000e+00	0.000000e+00
-5.050000e+00	2.790200e-02	3.481600e-02	8.964600e-02	1.526000e-03	1.519000e-03	1.834000e-03	0.000000e+00	1.633700e-02	1.222300e-02	1.508000e-03	2.640000e-04	0.000000e+00	0.000000e+00	0.000000e+00
-5.000000e+00	3.033500e-02	3.855100e-02	8.982100e-02	2.079000e-03	2.039000e-03	2.572000e-03	0.000000e+00	1.809900e-02	1.360500e-02	2.057000e-03	2.830000e-04	0.000000e+00	0.000000e+00	0.000000e+00
-4.950000e+00	3.284900e-02	4.273300e-02	9.010700e-02	2.800000e-03	2.763000e-03	3.584000e-03	0.000000e+00	2.018800e-02	1.517800e-02	2.740000e-03	3.150000e-04	0.000000e+00	0.000000e+00	0.000000e+00
-4.900000e+00	3.538000e-02	4.726000e-02	9.051100e-02	3.785000e-03	3.719000e-03	5.155000e-03	0.000000e+00	2.247000e-02	1.703800e-02	3.729000e-03	3.640000e-04	0.000000e+00	0.000000e+00	0.000000e+00
-4.850000e+00	3.791000e-02	5.267100e-02	9.078600e-02	5.116000e-03	5.004000e-03	7.429000e-03	0.000000e+00	2.500000e-02	1.922900e-02	5.051000e-03	4.160000e-04	0.000000e+00	0.000000e+00	0.000000e+00
-4.800000e+00	4.037300e-02	5.993400e-02	9.103300e-02	6.884000e-03	6.750000e-03	1.052300e-02	0.000000e+00	2.790800e-02	2.173200e-02	6.765000e-03	4.610000e-04	0.000000e+00	0.000000e+00	0.000000e+00
-4.750000e+00	4.278900e-02	7.074400e-02	9.123800e-02	9.198000e-03	9.084000e-03	1.450500e-02	0.000000e+00	3.117800e-02	2.464800e-02	9.007000e-03	5.050000e-04	0.000000e+00	0.000000e+00	0.000000e+00
-4.700000e+00	4.520100e-02	8.749100e-02	9.136000e-02	1.218700e-02	1.211400e-02	1.946000e-02	0.000000e+00	3.480100e-02	2.824500e-02	1.198900e-02	5.540000e-04	0.000000e+00	0.000000e+00	0.000000e+00
-4.650000e+00	4.756300e-02	1.128840e-01	9.142200e-02	1.596400e-02	1.599500e-02	2.569800e-02	0.000000e+00	3.909100e-02	3.302300e-02	1.587000e-02	5.930000e-04	0.000000e+00	0.000000e+00	0.000000e+00
-4.600000e+00	5.027200e-02	1.289710e-01	9.127600e-02	2.089100e-02	2.101600e-02	3.342700e-02	0.000000e+00	4.438300e-02	3.941000e-02	2.095800e-02	6.150000e-04	0.000000e+00	0.000000e+00	0.000000e+00
-4.550000e+00	5.283500e-02	1.382080e-01	9.138300e-02	2.742600e-02	2.755700e-02	4.308200e-02	0.000000e+00	5.130900e-02	4.765400e-02	2.752100e-02	6.560000e-04	0.000000e+00	0.000000e+00	0.000000e+00
-4.500000e+00	5.522400e-02	1.432530e-01	9.182300e-02	3.596800e-02	3.605900e-02	5.529000e-02	0.000000e+00	5.995400e-02	5.816000e-02	3.599500e-02	7.130000e-04	0.000000e+00	0.000000e+00	0.000000e+00
-4.450000e+00	5.757100e-02	1.461110e-01	9.230200e-02	4.701900e-02	4.701800e-02	7.060800e-02	0.000000e+00	7.092200e-02	7.157200e-02	4.692300e-02	7.740000e-04	0.000000e+00	0.000000e+00	0.000000e+00
-4.400000e+00	6.003500e-02	1.478140e-01	9.254500e-02	6.121700e-02	6.105500e-02	8.961100e-02	0.000000e+00	8.520300e-02	8.878900e-02	6.098100e-02	8.200000e-04	0.000000e+00	0.000000e+00	0.000000e+00
-4.350000e+00	6.263400e-02	1.487470e-01	9.269600e-02	7.933400e-02	7.917700e-02	1.133930e-01	0.000000e+00	1.037000e-01	1.108950e-01	7.902100e-02	8.490000e-04	0.000000e+00	0.000000e+00	0.000000e+00
-4.300000e+00	6.524000e-02	1.493120e-01	9.285100e-02	1.025920e-01	1.022710e-01	1.427250e-01	0.000000e+00	1.268100e-01	1.390640e-01	1.018810e-01	8.660000e-04	0.000000e+00	0.000000e+00	0.000000e+00
-4.250000e+00	6.778100e-02	1.495480e-01	9.310200e-02	1.316700e-01	1.315860e-01	1.789940e-01	0.000000e+00	1.557700e-01	1.736630e-01	1.310400e-01	8.900000e-04	0.000000e+00	0.000000e+00	0.000000e+00
-4.200000e+00	7.015400e-02	1.496910e-01	9.347200e-02	1.681820e-01	1.682730e-01	2.237990e-01	0.000000e+00	1.919300e-01	2.167950e-01	1.675920e-01	9.310000e-04	0.000000e+00	0.000000e+00	0.000000e+00
-4.150000e+00	7.248500e-02	1.498570e-01	9.395700e-02	2.141170e-01	2.139870e-01	2.789010e-01	0.000000e+00	2.369010e-01	2.705420e-01	2.131130e-01	9.870000e-04	0.000000e+00	0.000000e+00	0.000000e+00
-4.100000e+00	7.492700e-02	1.499860e-01	9.448000e-02	2.715510e-01	2.708850e-01	3.461580e-01	0.000000e+00	2.926400e-01	3.370790e-01	2.696990e-01	1.051000e-03	0.000000e+00	0.000000e+00	0.000000e+00
-4.050000e+00	7.741300e-02	1.497840e-01	9.484700e-02	3.418640e-01	3.411610e-01	4.274580e-01	0.000000e+00	3.616110e-01	4.194010e-01	3.395760e-01	1.125000e-03	0.000000e+00	0.000000e+00	0.000000e+00
-4.000000e+00	8.006000e-02	1.498470e-01	9.533800e-02	4.282350e-01	4.270660e-01	5.260130e-01	0.000000e+00	4.453910e-01	5.190710e-01	4.252720e-01	1.222000e-03	0.000000e+00	0.000000e+00	0.000000e+00
-3.950000e+00	8.248200e-02	1.501530e-01	9.550900e-02	5.324430e-01	5.311660e-01	6.441260e-01	0.000000e+00	5.464660e-01	6.397630e-01	5.289100e-01	1.292000e-03	0.000000e+00	0.000000e+00	0.000000e+00
-3.900000e+00	8.480900e-02	1.504160e-01	9.612800e-02	6.577970e-01	6.567350e-01	7.853140e-01	0.000000e+00	6.677770e-01	7.845570e-01	6.545100e-01	1.351000e-03	0.000000e+00	0.000000e+00	0.000000e+00
-3.850000e+00	8.724800e-02	1.505500e-01	9.702200e-02	8.076770e-01	8.070400e-01	9.531280e-01	0.000000e+00	8.130390e-01	9.575130e-01	8.054760e-01	1.438000e-03	0.000000e+00	0.000000e+00	0.000000e+00
-3.800000e+00	8.985300e-02	1.505680e-01	9.780800e-02	9.856680e-01	9.855750e-01	1.151252e+00	0.000000e+00	9.861900e-01	1.163079e+00	9.845600e-01	1.573000e-03	0.000000e+00	0.000000e+00	0.000000e+00
-3.750000e+00	9.226300e-02	1.504800e-01	9.864800e-02	1.196162e+00	1.196939e+00	1.384014e+00	0.000000e+00	1.189840e+00	1.404141e+00	1.194878e+00	1.711000e-03	0.000000e+00	0.000000e+00	0.000000e+00
-3.700000e+00	9.480200e-02	1.502300e-01	9.975700e-02	1.441062e+00	1.441289e+00	1.653030e+00	0.000000e+00	1.425256e+00	1.684963e+00	1.438516e+00	1.846000e-03	0.000000e+00	0.000000e+00	0.000000e+00
-3.650000e+00	9.741600e-02	1.504330e-01	1.009130e-01	1.724844e+00	1.725745e+00	1.963902e+00	0.000000e+00	1.697731e+00	2.010017e+00	1.721648e+00	2.014000e-03	0.000000e+00	0.000000e+00	0.000000e+00
-3.600000e+00	9.988600e-02	1.505250e-01	1.022750e-01	2.052365e+00	2.053270e+00	2.320782e+00	0.000000e+00	2.011917e+00	2.383185e+00	2.047283e+00	2.198000e-03	0.000000e+00	0.000000e+00	0.000000e+00
-3.550000e+00	1.022020e-01	1.505790e-01	1.037240e-01	2.426419e+00	2.426861e+00	2.728010e+00	0.000000e+00	2.371172e+00	2.809129e+00	2.419241e+00	2.381000e-03	0.000000e+00	0.000000e+00	0.000000e+00
-3.500000e+00	1.044850e-01	1.507660e-01	1.051340e-01	2.848783e+00	2.849639e+00	3.189543e+00	0.000000e+00	2.777654e+00	3.292312e+00	2.841504e+00	2.573000e-03	0.000000e+00	0.000000e+00	0.000000e+00
-3.450000e+00	1.068840e-01	1.508170e-01	1.066690e-01	3.323695e+00	3.324873e+00	3.707783e+00	0.000000e+00	3.233410e+00	3.834610e+00	3.316321e+00	2.845000e-03	0.000000e+00	0.000000e+00	0.000000e+00
-3.400000e+00	1.095200e-01	1.506600e-01	1.085510e-01	3.847816e+00	3.848545e+00	4.280635e+00	0.000000e+00	3.735819e+00	4.433717e+00	3.840210e+00	3.151000e-03	0.000000e+00	0.000000e+00	0.000000e+00
-3.350000e+00	1.122010e-01	1.506480e-01	1.109410e-01	4.425759e+00	4.423743e+00	4.910541e+00	0.000000e+00	4.290416e+00	5.092903e+00	4.416890e+00	3.441000e-03	0.000000e+00	0.000000e+00	0.000000e+00
-3.300000e+00	1.147300e-01	1.504710e-01	1.135500e-01	5.057977e+00	5.052872e+00	5.600400e+00	0.000000e+00	4.896527e+00	5.813841e+00	5.046507e+00	3.718000e-03	0.000000e+00	0.000000e+00	0.000000e+00
-3.250000e+00	1.171890e-01	1.502940e-01	1.164490e-01	5.742855e+00	5.735944e+00	6.351102e+00	0.000000e+00	5.553690e+00	6.595404e+00	5.728294e+00	4.027000e-03	0.000000e+00	0.000000e+00	0.000000e+00
-3.200000e+00	1.197210e-01	1.503420e-01	1.197530e-01	6.477274e+00	6.470368e+00	7.160889e+00	0.000000e+00	6.260876e+00	7.434567e+00	6.460493e+00	4.414000e-03	0.000000e+00	0.000000e+00	0.000000e+00
-3.150000e+00	1.222780e-01	1.504880e-01	1.232530e-01	7.258062e+00	7.251397e+00	8.024943e+00	0.000000e+00	7.014765e+00	8.328786e+00	7.240285e+00	4.857000e-03	0.000000e+00	0.000000e+00	0.000000e+00
-3.100000e+00	1.248330e-01	1.506870e-01	1.276450e-01	8.068672e+00	8.060814e+00	8.926626e+00	0.000000e+00	7.796771e+00	9.257135e+00	8.046993e+00	5.418000e-03	0.000000e+00	0.000000e+00	0.000000e+00
-3.050000e+00	1.272030e-01	1.510910e-01	1.321870e-01	8.911588e+00	8.903874e+00	9.871921e+00	0.000000e+00	8.609353e+00	1.022716e+01	8.884992e+00	5.945000e-03	0.000000e+00	0.000000e+00	0.000000e+00
-3.000000e+00	1.296920e-01	1.509710e-01	1.370230e-01	9.778527e+00	9.771637e+00	1.085227e+01	0.000000e+00	9.448229e+00	1.122803e+01	9.750250e+00	6.529000e-03	0.000000e+00	0.000000e+00	0.000000e+00
-2.950000e+00	1.322490e-01	1.507060e-01	1.424090e-01	1.066110e+01	1.065420e+01	1.186016e+01	0.000000e+00	1.030602e+01	1.224761e+01	1.063296e+01	7.236000e-03	0.000000e+00	0.000000e+00	0.000000e+00
-2.900000e+00	1.347610e-01	1.508570e-01	1.485670e-01	1.155056e+01	1.154148e+01	1.288827e+01	0.000000e+00	1.117243e+01	1.327484e+01	1.152067e+01	8.052000e-03	0.000000e+00	0.000000e+00	0.000000e+00
-2.850000e+00	1.373780e-01	1.512440e-01	1.554840e-01	1.243711e+01	1.242427e+01	1.392777e+01	0.000000e+00	1.203496e+01	1.430292e+01	1.240401e+01	8.796000e-03	0.000000e+00	0.000000e+00	0.000000e+00
-2.800000e+00	1.398090e-01	1.511990e-01	1.636850e-01	1.328296e+01	1.326879e+01	1.494780e+01	0.000000e+00	1.286449e+01	1.529024e+01	1.324751e+01	9.725000e-03	0.000000e+00	0.000000e+00	0.000000e+00
-2.750000e+00	1.422580e-01	1.512230e-01	1.727350e-01	1.409594e+01	1.408003e+01	1.595369e+01	0.000000e+00	1.366871e+01	1.624670e+01	1.405771e+01	1.075900e-02	0.000000e+00	0.000000e+00	0.000000e+00
-2.700000e+00	1.448260e-01	1.512450e-01	1.827000e-01	1.486635e+01	1.484831e+01	1.693785e+01	0.000000e+00	1.443152e+01	1.715544e+01	1.482639e+01	1.190000e-02	0.000000e+00	0.000000e+00	0.000000e+00
-2.650000e+00	1.473480e-01	1.512350e-01	1.936460e-01	1.558222e+01	1.556088e+01	1.788777e+01	0.000000e+00	1.514003e+01	1.800430e+01	1.553824e+01	1.314500e-02	0.000000e+00	0.000000e+00	0.000000e+00
-2.600000e+00	1.496490e-01	1.512670e-01	2.057960e-01	1.623066e+01	1.620457e+01	1.878909e+01	0.000000e+00	1.578476e+01	1.878120e+01	1.617886e+01	1.448000e-02	0.000000e+00	0.000000e+00	0.000000e+00
-2.550000e+00	1.518220e-01	1.515770e-01	2.197450e-01	1.679991e+01	1.676941e+01	1.963008e+01	0.000000e+00	1.635938e+01	1.946773e+01	1.674512e+01	1.587000e-02	0.000000e+00	0.000000e+00	0.000000e+00
-2.500000e+00	1.542910e-01	1.514860e-01	2.356980e-01	1.725303e+01	1.722665e+01	2.038318e+01	0.000000e+00	1.682306e+01	2.001363e+01	1.719397e+01	1.767200e-02	0.000000e+00	0.000000e+00	0.000000e+00
-2.450000e+00	1.568370e-01	1.513940e-01	2.534690e-01	1.761121e+01	1.758618e+01	2.106248e+01	0.000000e+00	1.719425e+01	2.044225e+01	1.755105e+01	1.939000e-02	0.000000e+00	0.000000e+00	0.000000e+00
-2.400000e+00	1.593800e-01	1.514760e-01	2.731030e-01	1.786885e+01	1.784486e+01	2.165944e+01	0.000000e+00	1.746901e+01	2.074073e+01	1.780907e+01	2.123800e-02	0.000000e+00	0.000000e+00	0.000000e+00
-2.350000e+00	1.619000e-01	1.514340e-01	2.951270e-01	1.802390e+01	1.799976e+01	2.216655e+01	0.000000e+00	1.764315e+01	2.089979e+01	1.796424e+01	2.334500e-02	0.000000e+00	0.000000e+00	0.000000e+00
-2.300000e+00	1.643500e-01	1.511200e-01	3.200200e-01	1.807756e+01	1.804970e+01	2.257964e+01	0.000000e+00	1.771381e+01	2.091442e+01	1.801617e+01	2.570900e-02	0.000000e+00	0.000000e+00	0.000000e+00
-2.250000e+00	1.665410e-01	1.511460e-01	3.473770e-01	1.803365e+01	1.799683e+01	2.290021e+01	0.000000e+00	1.768118e+01	2.078434e+01	1.796752e+01	2.811900e-02	0.000000e+00	0.000000e+00	0.000000e+00
-2.200000e+00	1.686530e-01	1.507660e-01	3.776920e-01	1.787418e+01	1.783005e+01	2.310128e+01	0.000000e+00	1.752363e+01	2.048690e+01	1.780258e+01	3.049200e-02	0.000000e+00	0.000000e+00	0.000000e+00
-2.150000e+00	1.711290e-01	1.509020e-01	4.110360e-01	1.762887e+01	1.758113e+01	2.319443e+01	0.000000e+00	1.727075e+01	2.006934e+01	1.755453e+01	3.275800e-02	0.000000e+00	0.000000e+00	0.000000e+00
-2.100000e+00	1.737180e-01	1.510370e-01	4.484710e-01	1.730968e+01	1.725635e+01	2.316643e+01	0.000000e+00	1.693086e+01	1.954110e+01	1.722893e+01	3.520100e-02	0.000000e+00	0.000000e+00	0.000000e+00
-2.050000e+00	1.762300e-01	1.508870e-01	4.898130e-01	1.692368e+01	1.686312e+01	2.299937e+01	0.000000e+00	1.650987e+01	1.891841e+01	1.683420e+01	3.787000e-02	0.000000e+00	0.000000e+00	0.000000e+00
-2.000000e+00	1.785240e-01	1.505450e-01	5.345290e-01	1.647625e+01	1.641018e+01	2.266914e+01	0.000000e+00	1.601393e+01	1.822194e+01	1.638030e+01	4.069700e-02	0.000000e+00	0.000000e+00	0.000000e+00
-1.950000e+00	1.805070e-01	1.506190e-01	5.833040e-01	1.597417e+01	1.590766e+01	2.214499e+01	0.000000e+00	1.545191e+01	1.747433e+01	1.587747e+01	4.366900e-02	0.000000e+00	0.000000e+00	0.000000e+00
-1.900000e+00	1.826900e-01	1.503210e-01	6.356460e-01	1.541705e+01	1.534758e+01	2.131067e+01	0.000000e+00	1.482392e+01	1.665989e+01	1.531939e+01	4.610000e-02	0.000000e+00	0.000000e+00	0.000000e+00
-1.850000e+00	1.847750e-01	1.498730e-01	6.916980e-01	1.482780e+01	1.475305e+01	2.028754e+01	0.000000e+00	1.414691e+01	1.579781e+01	1.472725e+01	4.868200e-02	0.000000e+00	0.000000e+00	0.000000e+00
-1.800000e+00	1.867170e-01	1.495230e-01	7.513750e-01	1.421414e+01	1.413346e+01	1.925304e+01	0.000000e+00	1.343008e+01	1.489665e+01	1.411041e+01	5.113600e-02	0.000000e+00	0.000000e+00	0.000000e+00
-1.750000e+00	1.886060e-01	1.491540e-01	8.147220e-01	1.357872e+01	1.349333e+01	1.826906e+01	0.000000e+00	1.268442e+01	1.396646e+01	1.347251e+01	5.341800e-02	0.000000e+00	0.000000e+00	0.000000e+00
-1.700000e+00	1.904470e-01	1.486360e-01	8.818050e-01	1.292403e+01	1.283644e+01	1.731838e+01	0.000000e+00	1.192046e+01	1.301767e+01	1.281694e+01	5.558800e-02	0.000000e+00	0.000000e+00	0.000000e+00
-1.650000e+00	1.919150e-01	1.481750e-01	9.525290e-01	1.225614e+01	1.216911e+01	1.633640e+01	0.000000e+00	1.114669e+01	1.206017e+01	1.215113e+01	5.761600e-02	0.000000e+00	0.000000e+00	0.000000e+00
-1.600000e+00	1.939040e-01	1.479910e-01	1.024020e+00	1.156977e+01	1.148556e+01	1.527926e+01	0.000000e+00	1.034572e+01	1.108373e+01	1.146511e+01	5.854500e-02	0.000000e+00	0.000000e+00	0.000000e+00
-1.550000e+00	1.957000e-01	1.475210e-01	1.098361e+00	1.088387e+01	1.080221e+01	1.418948e+01	0.000000e+00	9.552376e+00	1.012334e+01	1.078361e+01	5.966300e-02	0.000000e+00	0.000000e+00	0.000000e+00
-1.500000e+00	1.974230e-01	1.469460e-01	1.173995e+00	1.020012e+01	1.012316e+01	1.307658e+01	0.000000e+00	8.768021e+00	9.185030e+00	1.010667e+01	6.074700e-02	0.000000e+00	0.000000e+00	0.000000e+00
-1.450000e+00	1.990770e-01	1.461700e-01	1.250256e+00	9.522243e+00	9.452098e+00	1.195495e+01	0.000000e+00	7.997764e+00	8.275231e+00	9.435760e+00	6.110200e-02	0.000000e+00	0.000000e+00	0.000000e+00
-1.400000e+00	2.005400e-01	1.451640e-01	1.326758e+00	8.853712e+00	8.791791e+00	1.083859e+01	0.000000e+00	7.248534e+00	7.400618e+00	8.774121e+00	6.043500e-02	0.000000e+00	0.000000e+00	0.000000e+00
-1.350000e+00	2.015580e-01	1.443100e-01	1.402465e+00	8.196350e+00	8.143835e+00	9.738005e+00	0.000000e+00	6.527556e+00	6.567802e+00	8.126814e+00	5.973600e-02	0.000000e+00	0.000000e+00	0.000000e+00
-1.300000e+00	2.023960e-01	1.435670e-01	1.475767e+00	7.544878e+00	7.504932e+00	8.643602e+00	0.000000e+00	5.823469e+00	5.768771e+00	7.490220e+00	5.862300e-02	0.000000e+00	0.000000e+00	0.000000e+00
-1.250000e+00	2.035300e-01	1.426610e-01	1.546637e+00	6.908556e+00	6.886511e+00	7.591112e+00	0.000000e+00	5.157488e+00	5.022291e+00	6.872294e+00	5.722800e-02	0.000000e+00	0.000000e+00	0.000000e+00
-1.200000e+00	2.044290e-01	1.417200e-01	1.613414e+00	6.292188e+00	6.288265e+00	6.587811e+00	0.000000e+00	4.531150e+00	4.333124e+00	6.274504e+00	5.571800e-02	0.000000e+00	0.000000e+00	0.000000e+00
-1.150000e+00	2.050170e-01	1.406430e-01	1.674338e+00	5.697730e+00	5.711869e+00	5.644410e+00	0.000000e+00	3.945889e+00	3.702533e+00	5.699356e+00	5.380200e-02	0.000000e+00	0.000000e+00	0.000000e+00
-1.100000e+00	2.053470e-01	1.392210e-01	1.727797e+00	5.127478e+00	5.160097e+00	4.770805e+00	0.000000e+00	3.403106e+00	3.130805e+00	5.149511e+00	5.137500e-02	0.000000e+00	0.000000e+00	0.000000e+00
-1.050000e+00	2.052750e-01	1.372530e-01	1.772607e+00	4.585775e+00	4.636113e+00	3.973855e+00	0.000000e+00	2.904127e+00	2.618329e+00	4.627199e+00	4.903500e-02	0.000000e+00	0.000000e+00	0.000000e+00
-1.000000e+00	2.046250e-01	1.352650e-01	1.803564e+00	4.062691e+00	4.132239e+00	3.247103e+00	0.000000e+00	2.444361e+00	2.157700e+00	4.121807e+00	4.601900e-02	0.000000e+00	0.000000e+00	0.000000e+00
-9.500000e-01	2.039640e-01	1.333340e-01	1.820651e+00	3.566437e+00	3.654684e+00	2.609195e+00	0.000000e+00	2.032274e+00	1.754783e+00	3.646875e+00	4.273500e-02	0.000000e+00	0.000000e+00	0.000000e+00
-9.000000e-01	2.030570e-01	1.312000e-01	1.822874e+00	3.102468e+00	3.206849e+00	2.060444e+00	0.000000e+00	1.667830e+00	1.406959e+00	3.200972e+00	3.920000e-02	0.000000e+00	0.000000e+00	0.000000e+00
-8.500000e-01	2.017820e-01	1.289470e-01	1.808689e+00	2.672967e+00	2.789770e+00	1.598156e+00	0.000000e+00	1.349556e+00	1.110655e+00	2.784881e+00	3.592200e-02	0.000000e+00	0.000000e+00	0.000000e+00
-8.000000e-01	2.001230e-01	1.267070e-01	1.776402e+00	2.278136e+00	2.403026e+00	1.217160e+00	0.000000e+00	1.075116e+00	8.621530e-01	2.399216e+00	3.301700e-02	0.000000e+00	0.000000e+00	0.000000e+00
-7.500000e-01	1.981600e-01	1.243920e-01	1.724643e+00	1.917213e+00	2.045538e+00	9.102930e-01	0.000000e+00	8.416860e-01	6.576920e-01	2.043372e+00	2.972300e-02	0.000000e+00	0.000000e+00	0.000000e+00
-7.000000e-01	1.952490e-01	1.212790e-01	1.647896e+00	1.585129e+00	1.714235e+00	6.631810e-01	0.000000e+00	6.446750e-01	4.883080e-01	1.712650e+00	2.619700e-02	0.000000e+00	0.000000e+00	0.000000e+00
-6.500000e-01	1.918050e-01	1.180930e-01	1.552511e+00	1.289383e+00	1.415959e+00	4.731700e-01	0.000000e+00	4.832200e-01	3.548770e-01	1.414992e+00	2.313000e-02	0.000000e+00	0.000000e+00	0.000000e+00
-6.000000e-01	1.877920e-01	1.146420e-01	1.438439e+00	1.030112e+00	1.149915e+00	3.304050e-01	0.000000e+00	3.539200e-01	2.516700e-01	1.149336e+00	2.019700e-02	0.000000e+00	0.000000e+00	0.000000e+00
-5.500000e-01	1.833970e-01	1.108480e-01	1.307990e+00	8.059520e-01	9.160340e-01	2.257080e-01	0.000000e+00	2.528730e-01	1.736920e-01	9.157170e-01	1.738600e-02	0.000000e+00	0.000000e+00	0.000000e+00
-5.000000e-01	1.786740e-01	1.067130e-01	1.165018e+00	6.156210e-01	7.137840e-01	1.506870e-01	0.000000e+00	1.760430e-01	1.163740e-01	7.136120e-01	1.477900e-02	0.000000e+00	0.000000e+00	0.000000e+00
-4.500000e-01	1.732340e-01	1.022930e-01	1.014196e+00	4.580600e-01	5.418720e-01	9.807000e-02	0.000000e+00	1.194050e-01	7.551600e-02	5.415630e-01	1.242500e-02	0.000000e+00	0.000000e+00	0.000000e+00
-4.000000e-01	1.666970e-01	9.749400e-02	8.503820e-01	3.278700e-01	3.959120e-01	6.129200e-02	0.000000e+00	7.743800e-02	4.691100e-02	3.955900e-01	1.033800e-02	0.000000e+00	0.000000e+00	0.000000e+00
-3.500000e-01	1.595840e-01	9.275800e-02	6.882780e-01	2.269920e-01	2.780210e-01	3.722600e-02	0.000000e+00	4.857500e-02	2.812400e-02	2.777980e-01	8.238000e-03	0.000000e+00	0.000000e+00	0.000000e+00
-3.000000e-01	1.522270e-01	8.799200e-02	5.331930e-01	1.508060e-01	1.862920e-01	2.206200e-02	0.000000e+00	2.927200e-02	1.607700e-02	1.861870e-01	6.477000e-03	0.000000e+00	0.000000e+00	0.000000e+00
-2.500000e-01	1.446800e-01	8.322000e-02	3.953700e-01	9.620800e-02	1.191130e-01	1.284000e-02	0.000000e+00	1.690700e-02	8.666000e-03	1.189150e-01	5.055000e-03	0.000000e+00	0.000000e+00	0.000000e+00
-2.000000e-01	1.368780e-01	7.814900e-02	2.735650e-01	5.781600e-02	7.032400e-02	7.533000e-03	0.000000e+00	9.009000e-03	4.044000e-03	7.002600e-02	3.775000e-03	0.000000e+00	0.000000e+00	0.000000e+00
-1.500000e-01	1.289830e-01	7.337200e-02	1.770130e-01	3.297100e-02	3.815300e-02	4.649000e-03	0.000000e+00	4.266000e-03	1.612000e-03	3.804400e-02	4.154000e-03	0.000000e+00	0.000000e+00	0.000000e+00
-1.000000e-01	1.209950e-01	6.796300e-02	1.065410e-01	1.801800e-02	1.906600e-02	3.100000e-03	0.000000e+00	1.697000e-03	6.180000e-04	1.903200e-02	5.139000e-02	0.000000e+00	0.000000e+00	0.000000e+00
-5.000000e-02	1.128330e-01	6.226100e-02	6.368600e-02	1.011900e-02	9.459000e-03	2.126000e-03	0.000000e+00	6.890000e-04	2.510000e-04	9.419000e-03	2.815688e+00	0.000000e+00	0.000000e+00	0.000000e+00
0.000000e+00	1.080270e-01	5.888500e-02	4.684400e-02	7.257000e-03	6.106000e-03	1.708000e-03	0.000000e+00	3.840000e-04	1.420000e-04	6.094000e-03	7.057939e+01	0.000000e+00	0.000000e+00	0.000000e+00
