-8.900000e+00	0.000000e+00	0.000000e+00	0.000000e+00	0.000000e+00	0.000000e+00	0.000000e+00	0.000000e+00	0.000000e+00	0.000000e+00	0.000000e+00	0.000000e+00	0.000000e+00	0.000000e+00	0.000000e+00
-8.850000e+00	0.000000e+00	0.000000e+00	0.000000e+00	0.000000e+00	0.000000e+00	0.000000e+00	0.000000e+00	0.000000e+00	0.000000e+00	0.000000e+00	0.000000e+00	0.000000e+00	0.000000e+00	0.000000e+00
-8.800000e+00	0.000000e+00	0.000000e+00	0.000000e+00	0.000000e+00	0.000000e+00	0.000000e+00	0.000000e+00	0.000000e+00	0.000000e+00	0.000000e+00	0.000000e+00	0.000000e+00	0.000000e+00	0.000000e+00
-8.750000e+00	0.000000e+00	0.000000e+00	0.000000e+00	0.000000e+00	0.000000e+00	0.000000e+00	0.000000e+00	0.000000e+00	0.000000e+00	0.000000e+00	0.000000e+00	0.000000e+00	0.000000e+00	0.000000e+00
-8.700000e+00	0.000000e+00	0.000000e+00	0.000000e+00	0.000000e+00	0.000000e+00	0.000000e+00	0.000000e+00	0.000000e+00	0.000000e+00	0.000000e+00	0.000000e+00	0.000000e+00	0.000000e+00	0.000000e+00
-8.650000e+00	0.000000e+00	0.000000e+00	0.000000e+00	0.000000e+00	0.000000e+00	0.000000e+00	0.000000e+00	0.000000e+00	0.000000e+00	0.000000e+00	0.000000e+00	0.000000e+00	0.000000e+00	0.000000e+00
-8.600000e+00	0.000000e+00	0.000000e+00	0.000000e+00	0.000000e+00	0.000000e+00	0.000000e+00	0.000000e+00	0.000000e+00	0.000000e+00	0.000000e+00	0.000000e+00	0.000000e+00	0.000000e+00	0.000000e+00
-8.550000e+00	0.000000e+00	0.000000e+00	0.000000e+00	0.000000e+00	0.000000e+00	0.000000e+00	0.000000e+00	0.000000e+00	0.000000e+00	0.000000e+00	0.000000e+00	0.000000e+00	0.000000e+00	0.000000e+00
-8.500000e+00	0.000000e+00	0.000000e+00	0.000000e+00	0.000000e+00	0.000000e+00	0.000000e+00	0.000000e+00	0.000000e+00	0.000000e+00	0.000000e+00	0.000000e+00	0.000000e+00	0.000000e+00	0.000000e+00
-8.450000e+00	0.000000e+00	0.000000e+00	0.000000e+00	0.000000e+00	0.000000e+00	0.000000e+00	0.000000e+00	0.000000e+00	0.000000e+00	0.000000e+00	0.000000e+00	0.000000e+00	0.000000e+00	0.000000e+00
-8.400000e+00	0.000000e+00	0.000000e+00	0.000000e+00	0.000000e+00	0.000000e+00	0.000000e+00	0.000000e+00	0.000000e+00	0.000000e+00	0.000000e+00	0.000000e+00	0.000000e+00	0.000000e+00	0.000000e+00
-8.350000e+00	0.000000e+00	0.000000e+00	0.000000e+00	0.000000e+00	0.000000e+00	0.000000e+00	0.000000e+00	0.000000e+00	0.000000e+00	0.000000e+00	0.000000e+00	0.000000e+00	0.000000e+00	0.000000e+00
-8.300000e+00	0.000000e+00	0.000000e+00	0.000000e+00	0.000000e+00	0.000000e+00	0.000000e+00	0.000000e+00	0.000000e+00	0.000000e+00	0.000000e+00	0.000000e+00	0.000000e+00	0.000000e+00	0.000000e+00
-8.250000e+00	0.000000e+00	0.000000e+00	0.000000e+00	0.000000e+00	0.000000e+00	0.000000e+00	0.000000e+00	0.000000e+00	0.000000e+00	0.000000e+00	0.000000e+00	0.000000e+00	0.000000e+00	0.000000e+00
-8.200000e+00	0.000000e+00	0.000000e+00	0.000000e+00	0.000000e+00	0.000000e+00	0.000000e+00	0.000000e+00	3.000000e-06	0.000000e+00	0.000000e+00	0.000000e+00	0.000000e+00	0.000000e+00	0.000000e+00
-8.150000e+00	0.000000e+00	0.000000e+00	0.000000e+00	0.000000e+00	0.000000e+00	0.000000e+00	0.000000e+00	6.000000e-06	0.000000e+00	0.000000e+00	0.000000e+00	0.000000e+00	0.000000e+00	0.000000e+00
-8.100000e+00	0.000000e+00	0.000000e+00	0.000000e+00	0.000000e+00	0.000000e+00	0.000000e+00	0.000000e+00	1.000000e-05	0.000000e+00	0.000000e+00	1.000000e-06	0.000000e+00	0.000000e+00	0.000000e+00
-8.050000e+00	0.000000e+00	0.000000e+00	0.000000e+00	0.000000e+00	0.000000e+00	0.000000e+00	0.000000e+00	1.600000e-05	0.000000e+00	0.000000e+00	1.000000e-06	0.000000e+00	0.000000e+00	0.000000e+00
-8.000000e+00	0.000000e+00	0.000000e+00	0.000000e+00	0.000000e+00	0.000000e+00	0.000000e+00	0.000000e+00	2.900000e-05	0.000000e+00	0.000000e+00	1.000000e-06	0.000000e+00	0.000000e+00	0.000000e+00
-7.950000e+00	0.000000e+00	0.000000e+00	0.000000e+00	0.000000e+00	0.000000e+00	0.000000e+00	0.000000e+00	5.100000e-05	0.000000e+00	0.000000e+00	0.000000e+00	0.000000e+00	0.000000e+00	0.000000e+00
-7.900000e+00	0.000000e+00	0.000000e+00	0.000000e+00	0.000000e+00	0.000000e+00	0.000000e+00	0.000000e+00	1.090000e-04	0.000000e+00	0.000000e+00	0.000000e+00	0.000000e+00	0.000000e+00	0.000000e+00
-7.850000e+00	0.000000e+00	0.000000e+00	0.000000e+00	0.000000e+00	0.000000e+00	0.000000e+00	0.000000e+00	2.190000e-04	0.000000e+00	0.000000e+00	0.000000e+00	0.000000e+00	0.000000e+00	0.000000e+00
-7.800000e+00	0.000000e+00	0.000000e+00	0.000000e+00	0.000000e+00	0.000000e+00	0.000000e+00	0.000000e+00	3.810000e-04	0.000000e+00	0.000000e+00	0.000000e+00	0.000000e+00	0.000000e+00	0.000000e+00
-7.750000e+00	0.000000e+00	0.000000e+00	0.000000e+00	0.000000e+00	0.000000e+00	0.000000e+00	0.000000e+00	5.890000e-04	0.000000e+00	0.000000e+00	0.000000e+00	0.000000e+00	0.000000e+00	0.000000e+00
-7.700000e+00	0.000000e+00	0.000000e+00	0.000000e+00	0.000000e+00	0.000000e+00	0.000000e+00	0.000000e+00	8.410000e-04	0.000000e+00	0.000000e+00	0.000000e+00	0.000000e+00	0.000000e+00	0.000000e+00
-7.650000e+00	0.000000e+00	0.000000e+00	0.000000e+00	0.000000e+00	0.000000e+00	0.000000e+00	0.000000e+00	1.130000e-03	0.000000e+00	0.000000e+00	0.000000e+00	0.000000e+00	0.000000e+00	0.000000e+00
-7.600000e+00	0.000000e+00	0.000000e+00	0.000000e+00	0.000000e+00	0.000000e+00	0.000000e+00	0.000000e+00	1.448000e-03	0.000000e+00	0.000000e+00	0.000000e+00	0.000000e+00	0.000000e+00	0.000000e+00
-7.550000e+00	0.000000e+00	0.000000e+00	0.000000e+00	0.000000e+00	0.000000e+00	0.000000e+00	0.000000e+00	1.814000e-03	0.000000e+00	0.000000e+00	0.000000e+00	0.000000e+00	0.000000e+00	0.000000e+00
-7.500000e+00	0.000000e+00	0.000000e+00	0.000000e+00	0.000000e+00	0.000000e+00	0.000000e+00	0.000000e+00	2.222000e-03	2.000000e-06	0.000000e+00	1.000000e-06	0.000000e+00	0.000000e+00	0.000000e+00
-7.450000e+00	0.000000e+00	0.000000e+00	0.000000e+00	0.000000e+00	0.000000e+00	0.000000e+00	0.000000e+00	2.671000e-03	6.000000e-06	0.000000e+00	2.000000e-06	0.000000e+00	0.000000e+00	0.000000e+00
-7.400000e+00	0.000000e+00	0.000000e+00	3.000000e-06	0.000000e+00	0.000000e+00	0.000000e+00	0.000000e+00	3.170000e-03	1.300000e-05	0.000000e+00	2.000000e-06	0.000000e+00	0.000000e+00	0.000000e+00
-7.350000e+00	0.000000e+00	0.000000e+00	7.000000e-06	0.000000e+00	0.000000e+00	0.000000e+00	0.000000e+00	3.737000e-03	3.100000e-05	0.000000e+00	3.000000e-06	0.000000e+00	0.000000e+00	0.000000e+00
-7.300000e+00	0.000000e+00	1.000000e-06	1.400000e-05	0.000000e+00	0.000000e+00	0.000000e+00	0.000000e+00	4.391000e-03	6.300000e-05	0.000000e+00	3.000000e-06	0.000000e+00	0.000000e+00	0.000000e+00
-7.250000e+00	0.000000e+00	1.000000e-06	2.000000e-05	0.000000e+00	0.000000e+00	0.000000e+00	0.000000e+00	5.051000e-03	1.160000e-04	0.000000e+00	3.000000e-06	0.000000e+00	0.000000e+00	0.000000e+00
-7.200000e+00	0.000000e+00	1.000000e-06	3.500000e-05	0.000000e+00	0.000000e+00	0.000000e+00	0.000000e+00	5.693000e-03	1.890000e-04	0.000000e+00	3.000000e-06	0.000000e+00	0.000000e+00	0.000000e+00
-7.150000e+00	0.000000e+00	1.000000e-06	7.300000e-05	0.000000e+00	0.000000e+00	0.000000e+00	0.000000e+00	6.203000e-03	2.750000e-04	0.000000e+00	3.000000e-06	0.000000e+00	0.000000e+00	0.000000e+00
-7.100000e+00	1.000000e-06	2.000000e-06	1.660000e-04	0.000000e+00	0.000000e+00	0.000000e+00	0.000000e+00	6.489000e-03	3.770000e-04	0.000000e+00	2.000000e-06	0.000000e+00	0.000000e+00	0.000000e+00
-7.050000e+00	3.000000e-06	1.000000e-06	3.920000e-04	0.000000e+00	0.000000e+00	0.000000e+00	0.000000e+00	6.672000e-03	5.310000e-04	0.000000e+00	2.000000e-06	0.000000e+00	0.000000e+00	0.000000e+00
-7.000000e+00	3.000000e-06	2.000000e-06	9.420000e-04	0.000000e+00	0.000000e+00	0.000000e+00	0.000000e+00	6.816000e-03	6.950000e-04	0.000000e+00	3.000000e-06	0.000000e+00	0.000000e+00	0.000000e+00
-6.950000e+00	2.000000e-06	2.000000e-06	2.370000e-03	0.000000e+00	0.000000e+00	0.000000e+00	0.000000e+00	6.923000e-03	8.940000e-04	0.000000e+00	4.000000e-06	0.000000e+00	0.000000e+00	0.000000e+00
-6.900000e+00	2.000000e-06	1.000000e-06	5.603000e-03	0.000000e+00	0.000000e+00	0.000000e+00	0.000000e+00	7.035000e-03	1.106000e-03	0.000000e+00	6.000000e-06	0.000000e+00	0.000000e+00	0.000000e+00
-6.850000e+00	3.000000e-06	0.000000e+00	1.068400e-02	0.000000e+00	0.000000e+00	0.000000e+00	0.000000e+00	7.118000e-03	1.325000e-03	0.000000e+00	7.000000e-06	0.000000e+00	0.000000e+00	0.000000e+00
-6.800000e+00	2.000000e-06	1.000000e-06	1.535100e-02	0.000000e+00	0.000000e+00	0.000000e+00	0.000000e+00	7.147000e-03	1.548000e-03	0.000000e+00	7.000000e-06	0.000000e+00	0.000000e+00	0.000000e+00
-6.750000e+00	2.000000e-06	3.000000e-06	1.929300e-02	0.000000e+00	0.000000e+00	0.000000e+00	0.000000e+00	7.202000e-03	1.752000e-03	0.000000e+00	9.000000e-06	0.000000e+00	0.000000e+00	0.000000e+00
-6.700000e+00	3.000000e-06	2.000000e-06	2.255500e-02	1.000000e-06	0.000000e+00	0.000000e+00	0.000000e+00	7.208000e-03	1.983000e-03	0.000000e+00	1.000000e-05	0.000000e+00	0.000000e+00	0.000000e+00
-6.650000e+00	2.000000e-06	2.000000e-06	2.568600e-02	1.000000e-06	0.000000e+00	0.000000e+00	0.000000e+00	7.205000e-03	2.182000e-03	0.000000e+00	1.200000e-05	0.000000e+00	0.000000e+00	0.000000e+00
-6.600000e+00	1.000000e-06	2.000000e-06	2.869800e-02	2.000000e-06	1.000000e-06	0.000000e+00	0.000000e+00	7.239000e-03	2.380000e-03	0.000000e+00	1.400000e-05	0.000000e+00	0.000000e+00	0.000000e+00
-6.550000e+00	2.000000e-06	3.000000e-06	3.161000e-02	2.000000e-06	1.000000e-06	0.000000e+00	0.000000e+00	7.283000e-03	2.562000e-03	0.000000e+00	1.800000e-05	0.000000e+00	0.000000e+00	0.000000e+00
-6.500000e+00	3.000000e-06	3.000000e-06	3.440800e-02	2.000000e-06	0.000000e+00	0.000000e+00	0.000000e+00	7.312000e-03	2.695000e-03	0.000000e+00	2.000000e-05	0.000000e+00	0.000000e+00	0.000000e+00
-6.450000e+00	4.000000e-06	4.000000e-06	3.699900e-02	1.000000e-06	0.000000e+00	0.000000e+00	0.000000e+00	7.374000e-03	2.783000e-03	0.000000e+00	2.100000e-05	0.000000e+00	0.000000e+00	0.000000e+00
-6.400000e+00	4.000000e-06	8.000000e-06	3.958000e-02	1.000000e-06	0.000000e+00	0.000000e+00	0.000000e+00	7.374000e-03	2.923000e-03	0.000000e+00	2.400000e-05	0.000000e+00	0.000000e+00	0.000000e+00
-6.350000e+00	6.000000e-06	1.200000e-05	4.215200e-02	2.000000e-06	0.000000e+00	0.000000e+00	0.000000e+00	7.335000e-03	3.100000e-03	0.000000e+00	2.900000e-05	0.000000e+00	0.000000e+00	0.000000e+00
-6.300000e+00	7.000000e-06	1.700000e-05	4.468700e-02	3.000000e-06	0.000000e+00	1.000000e-06	0.000000e+00	7.344000e-03	3.247000e-03	1.000000e-06	3.500000e-05	0.000000e+00	0.000000e+00	0.000000e+00
-6.250000e+00	6.000000e-06	2.200000e-05	4.716200e-02	3.000000e-06	0.000000e+00	1.000000e-06	0.000000e+00	7.382000e-03	3.374000e-03	1.000000e-06	4.000000e-05	0.000000e+00	0.000000e+00	0.000000e+00
-6.200000e+00	4.000000e-06	2.400000e-05	4.959700e-02	3.000000e-06	0.000000e+00	2.000000e-06	0.000000e+00	7.390000e-03	3.516000e-03	2.000000e-06	4.600000e-05	0.000000e+00	0.000000e+00	0.000000e+00
-6.150000e+00	4.000000e-06	2.700000e-05	5.208700e-02	4.000000e-06	0.000000e+00	3.000000e-06	0.000000e+00	7.327000e-03	3.644000e-03	3.000000e-06	5.200000e-05	0.000000e+00	0.000000e+00	0.000000e+00
-6.100000e+00	7.000000e-06	2.700000e-05	5.453600e-02	4.000000e-06	1.000000e-06	4.000000e-06	0.000000e+00	7.318000e-03	3.776000e-03	3.000000e-06	4.900000e-05	0.000000e+00	0.000000e+00	0.000000e+00
-6.050000e+00	9.000000e-06	3.300000e-05	5.704800e-02	3.000000e-06	2.000000e-06	3.000000e-06	0.000000e+00	7.341000e-03	3.910000e-03	3.000000e-06	5.500000e-05	0.000000e+00	0.000000e+00	0.000000e+00
-6.000000e+00	1.300000e-05	4.100000e-05	5.952100e-02	3.000000e-06	3.000000e-06	3.000000e-06	0.000000e+00	7.347000e-03	4.035000e-03	5.000000e-06	6.000000e-05	0.000000e+00	0.000000e+00	0.000000e+00
-5.950000e+00	1.900000e-05	5.100000e-05	6.189300e-02	4.000000e-06	5.000000e-06	5.000000e-06	0.000000e+00	7.352000e-03	4.155000e-03	7.000000e-06	6.200000e-05	0.000000e+00	0.000000e+00	0.000000e+00
-5.900000e+00	2.800000e-05	6.700000e-05	6.417700e-02	6.000000e-06	5.000000e-06	5.000000e-06	0.000000e+00	7.382000e-03	4.284000e-03	9.000000e-06	6.800000e-05	0.000000e+00	0.000000e+00	0.000000e+00
-5.850000e+00	4.800000e-05	1.090000e-04	6.650700e-02	8.000000e-06	8.000000e-06	5.000000e-06	0.000000e+00	7.420000e-03	4.452000e-03	1.200000e-05	7.700000e-05	0.000000e+00	0.000000e+00	0.000000e+00
-5.800000e+00	1.050000e-04	2.110000e-04	6.894000e-02	1.200000e-05	1.500000e-05	8.000000e-06	0.000000e+00	7.515000e-03	4.659000e-03	1.400000e-05	8.100000e-05	0.000000e+00	0.000000e+00	0.000000e+00
-5.750000e+00	2.450000e-04	4.520000e-04	7.120100e-02	1.800000e-05	2.000000e-05	1.100000e-05	0.000000e+00	7.646000e-03	4.796000e-03	2.000000e-05	8.400000e-05	0.000000e+00	0.000000e+00	0.000000e+00
-5.700000e+00	5.920000e-04	1.041000e-03	7.339100e-02	2.700000e-05	2.900000e-05	1.800000e-05	0.000000e+00	7.787000e-03	4.944000e-03	3.000000e-05	8.700000e-05	0.000000e+00	0.000000e+00	0.000000e+00
-5.650000e+00	1.426000e-03	2.338000e-03	7.550000e-02	3.900000e-05	4.600000e-05	3.000000e-05	0.000000e+00	7.927000e-03	5.133000e-03	4.400000e-05	9.100000e-05	0.000000e+00	0.000000e+00	0.000000e+00
-5.600000e+00	3.130000e-03	4.583000e-03	7.751100e-02	5.900000e-05	6.400000e-05	4.700000e-05	0.000000e+00	8.070000e-03	5.364000e-03	6.100000e-05	9.900000e-05	0.000000e+00	0.000000e+00	0.000000e+00
-5.550000e+00	5.354000e-03	7.237000e-03	7.952900e-02	8.400000e-05	8.300000e-05	7.300000e-05	0.000000e+00	8.228000e-03	5.629000e-03	8.900000e-05	1.130000e-04	0.000000e+00	0.000000e+00	0.000000e+00
-5.500000e+00	7.600000e-03	9.813000e-03	8.133500e-02	1.190000e-04	1.190000e-04	1.050000e-04	0.000000e+00	8.591000e-03	5.929000e-03	1.270000e-04	1.270000e-04	0.000000e+00	0.000000e+00	0.000000e+00
-5.450000e+00	1.003200e-02	1.245500e-02	8.290100e-02	1.630000e-04	1.670000e-04	1.500000e-04	0.000000e+00	8.997000e-03	6.323000e-03	1.720000e-04	1.340000e-04	0.000000e+00	0.000000e+00	0.000000e+00
-5.400000e+00	1.261000e-02	1.519000e-02	8.447500e-02	2.220000e-04	2.340000e-04	2.100000e-04	0.000000e+00	9.494000e-03	6.747000e-03	2.340000e-04	1.460000e-04	0.000000e+00	0.000000e+00	0.000000e+00
-5.350000e+00	1.518500e-02	1.802200e-02	8.604000e-02	3.100000e-04	3.270000e-04	2.980000e-04	0.000000e+00	1.015100e-02	7.234000e-03	3.200000e-04	1.650000e-04	0.000000e+00	0.000000e+00	0.000000e+00
-5.300000e+00	1.761900e-02	2.092300e-02	8.744400e-02	4.440000e-04	4.570000e-04	4.330000e-04	0.000000e+00	1.099400e-02	7.853000e-03	4.350000e-04	1.840000e-04	0.000000e+00	0.000000e+00	0.000000e+00
-5.250000e+00	2.014200e-02	2.394100e-02	8.855300e-02	6.060000e-04	6.230000e-04	6.300000e-04	0.000000e+00	1.191700e-02	8.625000e-03	5.850000e-04	1.910000e-04	0.000000e+00	0.000000e+00	0.000000e+00
-5.200000e+00	2.266100e-02	2.695900e-02	8.928100e-02	8.240000e-04	8.240000e-04	8.960000e-04	0.000000e+00	1.285700e-02	9.465000e-03	8.360000e-04	2.000000e-04	0.000000e+00	0.000000e+00	0.000000e+00
-5.150000e+00	2.513600e-02	3.004900e-02	9.002600e-02	1.134000e-03	1.122000e-03	1.293000e-03	0.000000e+00	1.410800e-02	1.045600e-02	1.132000e-03	2.170000e-04	0.000000e+00	0.000000e+00	0.000000e+00
-5.100000e+00	2.755600e-02	3.329700e-02	9.080500e-02	1.540000e-03	1.537000e-03	1.847000e-03	0.000000e+00	1.554000e-02	1.156600e-02	1.538000e-03	2.350000e-04	0.000000e+00	0.000000e+00	0.000000e+00
-5.050000e+00	3.002500e-02	3.667800e-02	9.138700e-02	2.064000e-03	2.094000e-03	2.619000e-03	0.000000e+00	1.717400e-02	1.284200e-02	2.092000e-03	2.590000e-04	0.000000e+00	0.000000e+00	0.000000e+00
-5.000000e+00	3.258600e-02	4.020000e-02	9.163100e-02	2.768000e-03	2.831000e-03	3.734000e-03	0.000000e+00	1.909300e-02	1.436900e-02	2.806000e-03	2.990000e-04	0.000000e+00	0.000000e+00	0.000000e+00
-4.950000e+00	3.497000e-02	4.416000e-02	9.183600e-02	3.776000e-03	3.808000e-03	5.409000e-03	0.000000e+00	2.128600e-02	1.620600e-02	3.760000e-03	3.480000e-04	0.000000e+00	0.000000e+00	0.000000e+00
-4.900000e+00	3.739000e-02	4.887400e-02	9.205600e-02	5.055000e-03	5.120000e-03	7.806000e-03	0.000000e+00	2.374700e-02	1.840900e-02	5.047000e-03	3.820000e-04	0.000000e+00	0.000000e+00	0.000000e+00
-4.850000e+00	3.990100e-02	5.455800e-02	9.237900e-02	6.785000e-03	6.796000e-03	1.080400e-02	0.000000e+00	2.652900e-02	2.102100e-02	6.729000e-03	4.130000e-04	0.000000e+00	0.000000e+00	0.000000e+00
-4.800000e+00	4.256400e-02	6.208400e-02	9.268400e-02	9.034000e-03	9.005000e-03	1.456600e-02	0.000000e+00	2.980400e-02	2.414400e-02	8.954000e-03	4.500000e-04	0.000000e+00	0.000000e+00	0.000000e+00
-4.750000e+00	4.515200e-02	7.295100e-02	9.285100e-02	1.196500e-02	1.193800e-02	1.930400e-02	0.000000e+00	3.367500e-02	2.789200e-02	1.190600e-02	4.960000e-04	0.000000e+00	0.000000e+00	0.000000e+00
-4.700000e+00	4.746600e-02	8.945900e-02	9.292600e-02	1.585100e-02	1.580700e-02	2.529600e-02	0.000000e+00	3.820200e-02	3.249100e-02	1.579800e-02	5.460000e-04	0.000000e+00	0.000000e+00	0.000000e+00
-4.650000e+00	4.978000e-02	1.149270e-01	9.327700e-02	2.093600e-02	2.086300e-02	3.293700e-02	0.000000e+00	4.345800e-02	3.847000e-02	2.081500e-02	5.890000e-04	0.000000e+00	0.000000e+00	0.000000e+00
-4.600000e+00	5.217600e-02	1.313090e-01	9.343800e-02	2.731600e-02	2.744700e-02	4.235000e-02	0.000000e+00	5.032600e-02	4.627100e-02	2.740700e-02	6.350000e-04	0.000000e+00	0.000000e+00	0.000000e+00
-4.550000e+00	5.473900e-02	1.404600e-01	9.354600e-02	3.581000e-02	3.603300e-02	5.411400e-02	0.000000e+00	5.898800e-02	5.644500e-02	3.584700e-02	6.720000e-04	0.000000e+00	0.000000e+00	0.000000e+00
-4.500000e+00	5.731300e-02	1.450600e-01	9.367500e-02	4.680600e-02	4.696400e-02	6.878500e-02	0.000000e+00	6.965500e-02	6.938200e-02	4.658200e-02	7.090000e-04	0.000000e+00	0.000000e+00	0.000000e+00
-4.450000e+00	5.985800e-02	1.475110e-01	9.389200e-02	6.082800e-02	6.086400e-02	8.713500e-02	0.000000e+00	8.309300e-02	8.569200e-02	6.026100e-02	7.390000e-04	0.000000e+00	0.000000e+00	0.000000e+00
-4.400000e+00	6.236500e-02	1.492270e-01	9.408800e-02	7.868600e-02	7.866100e-02	1.101310e-01	0.000000e+00	1.003980e-01	1.063180e-01	7.784600e-02	7.590000e-04	0.000000e+00	0.000000e+00	0.000000e+00
-4.350000e+00	6.473500e-02	1.505590e-01	9.380800e-02	1.017130e-01	1.013180e-01	1.387490e-01	0.000000e+00	1.222170e-01	1.327080e-01	1.007890e-01	8.020000e-04	0.000000e+00	0.000000e+00	0.000000e+00
-4.300000e+00	6.703000e-02	1.511920e-01	9.441900e-02	1.305400e-01	1.301690e-01	1.739660e-01	0.000000e+00	1.497590e-01	1.654430e-01	1.299180e-01	8.680000e-04	0.000000e+00	0.000000e+00	0.000000e+00
-4.250000e+00	6.940100e-02	1.515700e-01	9.503100e-02	1.667060e-01	1.662300e-01	2.170360e-01	0.000000e+00	1.839650e-01	2.064710e-01	1.661880e-01	9.140000e-04	0.000000e+00	0.000000e+00	0.000000e+00
-4.200000e+00	7.186700e-02	1.517870e-01	9.544700e-02	2.118850e-01	2.111570e-01	2.701650e-01	0.000000e+00	2.263940e-01	2.573440e-01	2.111730e-01	9.430000e-04	0.000000e+00	0.000000e+00	0.000000e+00
-4.150000e+00	7.443400e-02	1.519430e-01	9.574600e-02	2.679790e-01	2.669960e-01	3.355880e-01	0.000000e+00	2.786340e-01	3.201370e-01	2.667770e-01	9.820000e-04	0.000000e+00	0.000000e+00	0.000000e+00
-4.100000e+00	7.709000e-02	1.520570e-01	9.610000e-02	3.373400e-01	3.361050e-01	4.154270e-01	0.000000e+00	3.424230e-01	3.971330e-01	3.354910e-01	1.052000e-03	0.000000e+00	0.000000e+00	0.000000e+00
-4.050000e+00	7.978800e-02	1.519680e-01	9.658600e-02	4.233790e-01	4.208220e-01	5.117320e-01	0.000000e+00	4.201160e-01	4.897130e-01	4.209610e-01	1.139000e-03	0.000000e+00	0.000000e+00	0.000000e+00
-4.000000e+00	8.209800e-02	1.517680e-01	9.715800e-02	5.263710e-01	5.233360e-01	6.269730e-01	0.000000e+00	5.137190e-01	6.012670e-01	5.239420e-01	1.249000e-03	0.000000e+00	0.000000e+00	0.000000e+00
-3.950000e+00	8.443500e-02	1.517730e-01	9.778800e-02	6.505710e-01	6.474160e-01	7.653190e-01	0.000000e+00	6.262270e-01	7.356480e-01	6.481520e-01	1.327000e-03	0.000000e+00	0.000000e+00	0.000000e+00
-3.900000e+00	8.680100e-02	1.519590e-01	9.836600e-02	7.992260e-01	7.966420e-01	9.291920e-01	0.000000e+00	7.606230e-01	8.961900e-01	7.969000e-01	1.403000e-03	0.000000e+00	0.000000e+00	0.000000e+00
-3.850000e+00	8.919300e-02	1.522360e-01	9.908700e-02	9.758740e-01	9.743380e-01	1.122776e+00	0.000000e+00	9.197830e-01	1.086668e+00	9.734360e-01	1.505000e-03	0.000000e+00	0.000000e+00	0.000000e+00
-3.800000e+00	9.165400e-02	1.525090e-01	1.000740e-01	1.184331e+00	1.183742e+00	1.351208e+00	0.000000e+00	1.106734e+00	1.311004e+00	1.181337e+00	1.633000e-03	0.000000e+00	0.000000e+00	0.000000e+00
-3.750000e+00	9.433700e-02	1.527460e-01	1.009820e-01	1.428670e+00	1.428895e+00	1.617549e+00	0.000000e+00	1.325493e+00	1.572465e+00	1.425662e+00	1.746000e-03	0.000000e+00	0.000000e+00	0.000000e+00
-3.700000e+00	9.682900e-02	1.524960e-01	1.021420e-01	1.710910e+00	1.710562e+00	1.924129e+00	0.000000e+00	1.576358e+00	1.872240e+00	1.706819e+00	1.889000e-03	0.000000e+00	0.000000e+00	0.000000e+00
-3.650000e+00	9.933500e-02	1.523380e-01	1.032160e-01	2.035333e+00	2.033535e+00	2.275202e+00	0.000000e+00	1.865600e+00	2.218275e+00	2.031477e+00	2.054000e-03	0.000000e+00	0.000000e+00	0.000000e+00
-3.600000e+00	1.020580e-01	1.523880e-01	1.045690e-01	2.406151e+00	2.403489e+00	2.676142e+00	0.000000e+00	2.196239e+00	2.612769e+00	2.401547e+00	2.213000e-03	0.000000e+00	0.000000e+00	0.000000e+00
-3.550000e+00	1.047710e-01	1.525700e-01	1.061530e-01	2.826995e+00	2.824292e+00	3.131235e+00	0.000000e+00	2.570399e+00	3.058903e+00	2.820418e+00	2.364000e-03	0.000000e+00	0.000000e+00	0.000000e+00
-3.500000e+00	1.072030e-01	1.527340e-01	1.077970e-01	3.300805e+00	3.297873e+00	3.643258e+00	0.000000e+00	2.989769e+00	3.560423e+00	3.292463e+00	2.540000e-03	0.000000e+00	0.000000e+00	0.000000e+00
-3.450000e+00	1.094750e-01	1.527740e-01	1.095150e-01	3.830035e+00	3.825247e+00	4.213441e+00	0.000000e+00	3.456882e+00	4.120000e+00	3.820952e+00	2.813000e-03	0.000000e+00	0.000000e+00	0.000000e+00
-3.400000e+00	1.119780e-01	1.527670e-01	1.112520e-01	4.407724e+00	4.403546e+00	4.837677e+00	0.000000e+00	3.967661e+00	4.733997e+00	4.396082e+00	3.125000e-03	0.000000e+00	0.000000e+00	0.000000e+00
-3.350000e+00	1.144470e-01	1.529310e-01	1.133710e-01	5.040119e+00	5.036493e+00	5.525048e+00	0.000000e+00	4.527473e+00	5.405871e+00	5.026008e+00	3.421000e-03	0.000000e+00	0.000000e+00	0.000000e+00
-3.300000e+00	1.168550e-01	1.531870e-01	1.158810e-01	5.726769e+00	5.721789e+00	6.271973e+00	0.000000e+00	5.136774e+00	6.135147e+00	5.710686e+00	3.718000e-03	0.000000e+00	0.000000e+00	0.000000e+00
-3.250000e+00	1.193410e-01	1.533570e-01	1.188510e-01	6.465222e+00	6.458212e+00	7.076617e+00	0.000000e+00	5.794418e+00	6.920764e+00	6.447192e+00	4.067000e-03	0.000000e+00	0.000000e+00	0.000000e+00
-3.200000e+00	1.219640e-01	1.532930e-01	1.222340e-01	7.251424e+00	7.243538e+00	7.937384e+00	0.000000e+00	6.497387e+00	7.759969e+00	7.231363e+00	4.494000e-03	0.000000e+00	0.000000e+00	0.000000e+00
-3.150000e+00	1.244200e-01	1.530140e-01	1.256710e-01	8.080801e+00	8.070305e+00	8.849242e+00	0.000000e+00	7.240651e+00	8.646359e+00	8.061278e+00	4.910000e-03	0.000000e+00	0.000000e+00	0.000000e+00
-3.100000e+00	1.267950e-01	1.527390e-01	1.296690e-01	8.931705e+00	8.923554e+00	9.795783e+00	0.000000e+00	8.007908e+00	9.563052e+00	8.911928e+00	5.458000e-03	0.000000e+00	0.000000e+00	0.000000e+00
-3.050000e+00	1.293920e-01	1.527690e-01	1.343210e-01	9.810693e+00	9.803087e+00	1.077961e+01	0.000000e+00	8.805803e+00	1.051342e+01	9.787938e+00	6.012000e-03	0.000000e+00	0.000000e+00	0.000000e+00
-3.000000e+00	1.319430e-01	1.529920e-01	1.393740e-01	1.071015e+01	1.070087e+01	1.179054e+01	0.000000e+00	9.624104e+00	1.149156e+01	1.068383e+01	6.633000e-03	0.000000e+00	0.000000e+00	0.000000e+00
-2.950000e+00	1.343020e-01	1.532180e-01	1.447720e-01	1.161856e+01	1.160630e+01	1.282225e+01	0.000000e+00	1.045572e+01	1.248574e+01	1.158876e+01	7.282000e-03	0.000000e+00	0.000000e+00	0.000000e+00
-2.900000e+00	1.365160e-01	1.533420e-01	1.507410e-01	1.252284e+01	1.250792e+01	1.386839e+01	0.000000e+00	1.129269e+01	1.348198e+01	1.248972e+01	7.928000e-03	0.000000e+00	0.000000e+00	0.000000e+00
-2.850000e+00	1.388960e-01	1.535210e-01	1.578790e-01	1.341217e+01	1.339606e+01	1.491604e+01	0.000000e+00	1.211947e+01	1.447000e+01	1.337697e+01	8.711000e-03	0.000000e+00	0.000000e+00	0.000000e+00
-2.800000e+00	1.415030e-01	1.534370e-01	1.655460e-01	1.425423e+01	1.423605e+01	1.593152e+01	0.000000e+00	1.290976e+01	1.540964e+01	1.421582e+01	9.745000e-03	0.000000e+00	0.000000e+00	0.000000e+00
-2.750000e+00	1.440240e-01	1.533770e-01	1.744260e-01	1.505375e+01	1.503462e+01	1.692398e+01	0.000000e+00	1.367264e+01	1.631765e+01	1.501255e+01	1.076500e-02	0.000000e+00	0.000000e+00	0.000000e+00
-2.700000e+00	1.466690e-01	1.532870e-01	1.845390e-01	1.579865e+01	1.577815e+01	1.788299e+01	0.000000e+00	1.439469e+01	1.717551e+01	1.575516e+01	1.195400e-02	0.000000e+00	0.000000e+00	0.000000e+00
-2.650000e+00	1.492130e-01	1.532590e-01	1.957800e-01	1.648015e+01	1.645746e+01	1.879702e+01	0.000000e+00	1.506331e+01	1.796841e+01	1.643212e+01	1.325200e-02	0.000000e+00	0.000000e+00	0.000000e+00
-2.600000e+00	1.515030e-01	1.534240e-01	2.081240e-01	1.708714e+01	1.706303e+01	1.965506e+01	0.000000e+00	1.566759e+01	1.868368e+01	1.703297e+01	1.454500e-02	0.000000e+00	0.000000e+00	0.000000e+00
-2.550000e+00	1.540270e-01	1.538480e-01	2.219210e-01	1.759924e+01	1.757885e+01	2.044867e+01	0.000000e+00	1.619920e+01	1.930834e+01	1.754922e+01	1.602300e-02	0.000000e+00	0.000000e+00	0.000000e+00
-2.500000e+00	1.566880e-01	1.535940e-01	2.378800e-01	1.799306e+01	1.797024e+01	2.114621e+01	0.000000e+00	1.662811e+01	1.980050e+01	1.794240e+01	1.764100e-02	0.000000e+00	0.000000e+00	0.000000e+00
-2.450000e+00	1.592890e-01	1.533420e-01	2.558400e-01	1.828956e+01	1.826057e+01	2.176023e+01	0.000000e+00	1.697180e+01	2.017285e+01	1.823768e+01	1.941300e-02	0.000000e+00	0.000000e+00	0.000000e+00
-2.400000e+00	1.619200e-01	1.531390e-01	2.758380e-01	1.848459e+01	1.845181e+01	2.228872e+01	0.000000e+00	1.722511e+01	2.041823e+01	1.842819e+01	2.129700e-02	0.000000e+00	0.000000e+00	0.000000e+00
-2.350000e+00	1.642610e-01	1.530870e-01	2.980120e-01	1.857633e+01	1.854350e+01	2.272674e+01	0.000000e+00	1.738020e+01	2.053465e+01	1.851513e+01	2.336400e-02	0.000000e+00	0.000000e+00	0.000000e+00
-2.300000e+00	1.661830e-01	1.531880e-01	3.225740e-01	1.856624e+01	1.853433e+01	2.307110e+01	0.000000e+00	1.743304e+01	2.052314e+01	1.850270e+01	2.566300e-02	0.000000e+00	0.000000e+00	0.000000e+00
-2.250000e+00	1.683880e-01	1.532000e-01	3.497710e-01	1.845983e+01	1.842383e+01	2.332559e+01	0.000000e+00	1.739000e+01	2.038556e+01	1.839274e+01	2.800500e-02	0.000000e+00	0.000000e+00	0.000000e+00
-2.200000e+00	1.707750e-01	1.530130e-01	3.807030e-01	1.823838e+01	1.820046e+01	2.346604e+01	0.000000e+00	1.722856e+01	2.010117e+01	1.817170e+01	3.033400e-02	0.000000e+00	0.000000e+00	0.000000e+00
-2.150000e+00	1.732810e-01	1.528200e-01	4.148910e-01	1.794145e+01	1.789687e+01	2.350094e+01	0.000000e+00	1.697374e+01	1.969549e+01	1.786767e+01	3.286300e-02	0.000000e+00	0.000000e+00	0.000000e+00
-2.100000e+00	1.758000e-01	1.527260e-01	4.521250e-01	1.757706e+01	1.752264e+01	2.342198e+01	0.000000e+00	1.663448e+01	1.917984e+01	1.749530e+01	3.548100e-02	0.000000e+00	0.000000e+00	0.000000e+00
-2.050000e+00	1.782460e-01	1.526740e-01	4.927210e-01	1.714821e+01	1.708583e+01	2.320919e+01	0.000000e+00	1.621666e+01	1.856753e+01	1.706262e+01	3.815400e-02	0.000000e+00	0.000000e+00	0.000000e+00
-2.000000e+00	1.805950e-01	1.525250e-01	5.372240e-01	1.666110e+01	1.659480e+01	2.283419e+01	0.000000e+00	1.572662e+01	1.787606e+01	1.657514e+01	4.089600e-02	0.000000e+00	0.000000e+00	0.000000e+00
-1.950000e+00	1.829290e-01	1.521440e-01	5.858790e-01	1.613217e+01	1.605976e+01	2.226446e+01	0.000000e+00	1.517433e+01	1.712861e+01	1.603957e+01	4.371900e-02	0.000000e+00	0.000000e+00	0.000000e+00
-1.900000e+00	1.847920e-01	1.520140e-01	6.384290e-01	1.554863e+01	1.547211e+01	2.139772e+01	0.000000e+00	1.455245e+01	1.631864e+01	1.545216e+01	4.604500e-02	0.000000e+00	0.000000e+00	0.000000e+00
-1.850000e+00	1.866920e-01	1.517840e-01	6.942740e-01	1.493399e+01	1.485662e+01	2.034881e+01	0.000000e+00	1.388524e+01	1.546804e+01	1.483363e+01	4.863400e-02	0.000000e+00	0.000000e+00	0.000000e+00
-1.800000e+00	1.886250e-01	1.516280e-01	7.537940e-01	1.429464e+01	1.421593e+01	1.929399e+01	0.000000e+00	1.318271e+01	1.458363e+01	1.419237e+01	5.105500e-02	0.000000e+00	0.000000e+00	0.000000e+00
-1.750000e+00	1.904750e-01	1.513410e-01	8.168790e-01	1.363655e+01	1.355605e+01	1.829174e+01	0.000000e+00	1.245355e+01	1.367394e+01	1.353433e+01	5.333200e-02	0.000000e+00	0.000000e+00	0.000000e+00
-1.700000e+00	1.922660e-01	1.507930e-01	8.833520e-01	1.296512e+01	1.288340e+01	1.732291e+01	0.000000e+00	1.170572e+01	1.274806e+01	1.286363e+01	5.556400e-02	0.000000e+00	0.000000e+00	0.000000e+00
-1.650000e+00	1.944420e-01	1.503790e-01	9.536610e-01	1.228516e+01	1.220251e+01	1.632482e+01	0.000000e+00	1.094689e+01	1.181479e+01	1.218313e+01	5.741900e-02	0.000000e+00	0.000000e+00	0.000000e+00
-1.600000e+00	1.964450e-01	1.498050e-01	1.025101e+00	1.158811e+01	1.150754e+01	1.525489e+01	0.000000e+00	1.016718e+01	1.086388e+01	1.148770e+01	5.871800e-02	0.000000e+00	0.000000e+00	0.000000e+00
-1.550000e+00	1.983980e-01	1.491530e-01	1.098922e+00	1.089099e+01	1.081291e+01	1.415513e+01	0.000000e+00	9.389451e+00	9.925880e+00	1.079381e+01	5.937600e-02	0.000000e+00	0.000000e+00	0.000000e+00
-1.500000e+00	2.001160e-01	1.486730e-01	1.174531e+00	1.019946e+01	1.012462e+01	1.303660e+01	0.000000e+00	8.620382e+00	9.009397e+00	1.010697e+01	5.992700e-02	0.000000e+00	0.000000e+00	0.000000e+00
-1.450000e+00	2.015470e-01	1.481310e-01	1.251180e+00	9.515951e+00	9.444965e+00	1.191044e+01	0.000000e+00	7.865985e+00	8.122272e+00	9.430019e+00	6.025000e-02	0.000000e+00	0.000000e+00	0.000000e+00
-1.400000e+00	2.027830e-01	1.472700e-01	1.327994e+00	8.841535e+00	8.776053e+00	1.078826e+01	0.000000e+00	7.133130e+00	7.271437e+00	8.764538e+00	6.010000e-02	0.000000e+00	0.000000e+00	0.000000e+00
-1.350000e+00	2.040650e-01	1.462690e-01	1.404022e+00	8.177210e+00	8.122299e+00	9.682277e+00	0.000000e+00	6.430168e+00	6.462818e+00	8.111928e+00	5.967300e-02	0.000000e+00	0.000000e+00	0.000000e+00
-1.300000e+00	2.045840e-01	1.455690e-01	1.478555e+00	7.520745e+00	7.481730e+00	8.585381e+00	0.000000e+00	5.746999e+00	5.686657e+00	7.469064e+00	5.837300e-02	0.000000e+00	0.000000e+00	0.000000e+00
-1.250000e+00	2.051730e-01	1.443900e-01	1.549461e+00	6.881529e+00	6.860974e+00	7.533296e+00	0.000000e+00	5.097099e+00	4.961659e+00	6.845846e+00	5.732800e-02	0.000000e+00	0.000000e+00	0.000000e+00
-1.200000e+00	2.059980e-01	1.430520e-01	1.615512e+00	6.263261e+00	6.260767e+00	6.533836e+00	0.000000e+00	4.483482e+00	4.291154e+00	6.244023e+00	5.571900e-02	0.000000e+00	0.000000e+00	0.000000e+00
-1.150000e+00	2.067520e-01	1.417160e-01	1.675849e+00	5.668109e+00	5.684428e+00	5.595851e+00	0.000000e+00	3.909818e+00	3.676516e+00	5.665675e+00	5.352800e-02	0.000000e+00	0.000000e+00	0.000000e+00
-1.100000e+00	2.072220e-01	1.404070e-01	1.729443e+00	5.097691e+00	5.134169e+00	4.727867e+00	0.000000e+00	3.379220e+00	3.118778e+00	5.114146e+00	5.105000e-02	0.000000e+00	0.000000e+00	0.000000e+00
-1.050000e+00	2.078690e-01	1.390340e-01	1.774423e+00	4.553699e+00	4.609122e+00	3.937021e+00	0.000000e+00	2.893585e+00	2.619137e+00	4.594303e+00	4.844900e-02	0.000000e+00	0.000000e+00	0.000000e+00
-1.000000e+00	2.074940e-01	1.373620e-01	1.805749e+00	4.028915e+00	4.104109e+00	3.213182e+00	0.000000e+00	2.444131e+00	2.170138e+00	4.091366e+00	4.560400e-02	0.000000e+00	0.000000e+00	0.000000e+00
-9.500000e-01	2.065880e-01	1.355850e-01	1.823386e+00	3.536394e+00	3.628269e+00	2.579556e+00	0.000000e+00	2.041149e+00	1.775451e+00	3.617658e+00	4.287800e-02	0.000000e+00	0.000000e+00	0.000000e+00
-9.000000e-01	2.055120e-01	1.337030e-01	1.825494e+00	3.075873e+00	3.182166e+00	2.034780e+00	0.000000e+00	1.682925e+00	1.432492e+00	3.174079e+00	3.974400e-02	0.000000e+00	0.000000e+00	0.000000e+00
-8.500000e-01	2.040480e-01	1.315140e-01	1.810913e+00	2.648714e+00	2.767113e+00	1.577072e+00	0.000000e+00	1.369026e+00	1.139238e+00	2.759989e+00	3.631500e-02	0.000000e+00	0.000000e+00	0.000000e+00
-8.000000e-01	2.020860e-01	1.289090e-01	1.778584e+00	2.256042e+00	2.383342e+00	1.200664e+00	0.000000e+00	1.098008e+00	8.926840e-01	2.375642e+00	3.287600e-02	0.000000e+00	0.000000e+00	0.000000e+00
-7.500000e-01	2.002710e-01	1.261430e-01	1.727027e+00	1.897931e+00	2.029436e+00	8.961390e-01	0.000000e+00	8.668470e-01	6.885680e-01	2.023059e+00	2.955900e-02	0.000000e+00	0.000000e+00	0.000000e+00
-7.000000e-01	1.973420e-01	1.232270e-01	1.650991e+00	1.568343e+00	1.699022e+00	6.525240e-01	0.000000e+00	6.686550e-01	5.190560e-01	1.695627e+00	2.613600e-02	0.000000e+00	0.000000e+00	0.000000e+00
-6.500000e-01	1.939910e-01	1.198850e-01	1.555377e+00	1.274345e+00	1.401971e+00	4.656660e-01	0.000000e+00	5.059570e-01	3.827510e-01	1.399307e+00	2.297500e-02	0.000000e+00	0.000000e+00	0.000000e+00
-6.000000e-01	1.900130e-01	1.162870e-01	1.441187e+00	1.016811e+00	1.137959e+00	3.254710e-01	0.000000e+00	3.741680e-01	2.756720e-01	1.135400e+00	2.024100e-02	0.000000e+00	0.000000e+00	0.000000e+00
-5.500000e-01	1.854290e-01	1.124770e-01	1.310551e+00	7.948120e-01	9.057150e-01	2.224570e-01	0.000000e+00	2.704640e-01	1.937880e-01	9.035230e-01	1.760800e-02	0.000000e+00	0.000000e+00	0.000000e+00
-5.000000e-01	1.802540e-01	1.084040e-01	1.167011e+00	6.070470e-01	7.046550e-01	1.484030e-01	0.000000e+00	1.909900e-01	1.328100e-01	7.030700e-01	1.492800e-02	0.000000e+00	0.000000e+00	0.000000e+00
-4.500000e-01	1.743050e-01	1.039600e-01	1.015500e+00	4.520980e-01	5.348770e-01	9.644700e-02	0.000000e+00	1.310200e-01	8.849100e-02	5.335340e-01	1.250700e-02	0.000000e+00	0.000000e+00	0.000000e+00
-4.000000e-01	1.677000e-01	9.925400e-02	8.514500e-01	3.239910e-01	3.899520e-01	6.062400e-02	0.000000e+00	8.644200e-02	5.664700e-02	3.888540e-01	1.021100e-02	0.000000e+00	0.000000e+00	0.000000e+00
-3.500000e-01	1.606790e-01	9.460300e-02	6.887690e-01	2.240890e-01	2.735000e-01	3.696100e-02	0.000000e+00	5.508700e-02	3.500600e-02	2.726730e-01	8.300000e-03	0.000000e+00	0.000000e+00	0.000000e+00
-3.000000e-01	1.532830e-01	8.959700e-02	5.338740e-01	1.487280e-01	1.833090e-01	2.187500e-02	0.000000e+00	3.391700e-02	2.085300e-02	1.826260e-01	6.590000e-03	0.000000e+00	0.000000e+00	0.000000e+00
-2.500000e-01	1.457900e-01	8.441900e-02	3.963290e-01	9.477500e-02	1.172870e-01	1.273200e-02	0.000000e+00	2.016200e-02	1.191200e-02	1.167470e-01	5.150000e-03	0.000000e+00	0.000000e+00	0.000000e+00
-2.000000e-01	1.381740e-01	7.938700e-02	2.743000e-01	5.684400e-02	6.914300e-02	7.475000e-03	0.000000e+00	1.113800e-02	6.221000e-03	6.874700e-02	3.825000e-03	0.000000e+00	0.000000e+00	0.000000e+00
-1.500000e-01	1.306960e-01	7.441000e-02	1.777300e-01	3.244400e-02	3.755800e-02	4.618000e-03	0.000000e+00	5.604000e-03	2.818000e-03	3.734200e-02	4.102000e-03	0.000000e+00	0.000000e+00	0.000000e+00
-1.000000e-01	1.228560e-01	6.936100e-02	1.074960e-01	1.778000e-02	1.871300e-02	3.092000e-03	0.000000e+00	2.376000e-03	1.099000e-03	1.867400e-02	5.143100e-02	0.000000e+00	0.000000e+00	0.000000e+00
-5.000000e-02	1.143960e-01	6.352900e-02	6.481500e-02	9.964000e-03	9.254000e-03	2.103000e-03	0.000000e+00	9.700000e-04	4.470000e-04	9.278000e-03	2.815518e+00	0.000000e+00	0.000000e+00	0.000000e+00
0.000000e+00	1.092100e-01	5.990700e-02	4.812300e-02	7.088000e-03	5.985000e-03	1.656000e-03	0.000000e+00	5.410000e-04	2.510000e-04	6.002000e-03	7.057167e+01	0.000000e+00	0.000000e+00	0.000000e+00
