-8.900000e+00	5.000000e-06	5.000000e-06	5.000000e-06	5.000000e-06	5.000000e-06	1.400000e-05	2.030000e-04	1.100000e-04	7.100000e-05	0.000000e+00	1.400000e-05	9.000000e-06	9.000000e-06	9.000000e-06
-8.850000e+00	6.000000e-06	6.000000e-06	6.000000e-06	6.000000e-06	6.000000e-06	1.800000e-05	2.300000e-04	1.240000e-04	8.700000e-05	0.000000e+00	1.600000e-05	1.200000e-05	1.100000e-05	1.100000e-05
-8.800000e+00	7.000000e-06	7.000000e-06	7.000000e-06	7.000000e-06	7.000000e-06	2.200000e-05	2.730000e-04	1.530000e-04	1.030000e-04	0.000000e+00	2.000000e-05	1.400000e-05	1.400000e-05	1.400000e-05
-8.750000e+00	8.000000e-06	9.000000e-06	8.000000e-06	8.000000e-06	8.000000e-06	2.600000e-05	3.170000e-04	1.830000e-04	1.240000e-04	0.000000e+00	2.300000e-05	1.700000e-05	1.700000e-05	1.700000e-05
-8.700000e+00	1.000000e-05	1.100000e-05	1.000000e-05	1.000000e-05	1.000000e-05	3.200000e-05	3.680000e-04	2.160000e-04	1.490000e-04	0.000000e+00	2.800000e-05	2.100000e-05	2.100000e-05	2.100000e-05
-8.650000e+00	1.200000e-05	1.300000e-05	1.300000e-05	1.200000e-05	1.200000e-05	3.900000e-05	4.260000e-04	2.550000e-04	1.790000e-04	0.000000e+00	3.300000e-05	2.500000e-05	2.500000e-05	2.500000e-05
-8.600000e+00	1.500000e-05	1.600000e-05	1.600000e-05	1.500000e-05	1.500000e-05	4.700000e-05	4.900000e-04	3.020000e-04	2.130000e-04	0.000000e+00	3.900000e-05	3.000000e-05	3.000000e-05	3.000000e-05
-8.550000e+00	1.800000e-05	1.800000e-05	1.900000e-05	1.700000e-05	1.700000e-05	5.500000e-05	5.740000e-04	3.370000e-04	2.530000e-04	0.000000e+00	4.600000e-05	3.500000e-05	3.500000e-05	3.500000e-05
-8.500000e+00	2.100000e-05	2.000000e-05	2.100000e-05	2.000000e-05	2.000000e-05	6.500000e-05	6.490000e-04	3.740000e-04	2.950000e-04	0.000000e+00	5.300000e-05	4.100000e-05	4.100000e-05	4.100000e-05
-8.450000e+00	2.400000e-05	2.400000e-05	2.400000e-05	2.400000e-05	2.400000e-05	7.500000e-05	7.410000e-04	4.330000e-04	3.430000e-04	0.000000e+00	6.100000e-05	4.800000e-05	4.800000e-05	4.800000e-05
-8.400000e+00	2.700000e-05	2.700000e-05	2.800000e-05	2.700000e-05	2.700000e-05	8.600000e-05	8.350000e-04	5.010000e-04	3.920000e-04	0.000000e+00	7.000000e-05	5.500000e-05	5.500000e-05	5.500000e-05
-8.350000e+00	3.100000e-05	3.100000e-05	3.200000e-05	3.100000e-05	3.100000e-05	9.800000e-05	9.270000e-04	5.700000e-04	4.450000e-04	0.000000e+00	8.000000e-05	6.300000e-05	6.300000e-05	6.300000e-05
-8.300000e+00	3.600000e-05	3.500000e-05	3.600000e-05	3.600000e-05	3.600000e-05	1.100000e-04	1.033000e-03	6.390000e-04	5.040000e-04	0.000000e+00	9.100000e-05	7.200000e-05	7.200000e-05	7.200000e-05
-8.250000e+00	4.200000e-05	4.000000e-05	4.100000e-05	4.000000e-05	4.100000e-05	1.220000e-04	1.187000e-03	7.120000e-04	5.590000e-04	0.000000e+00	1.030000e-04	8.200000e-05	8.200000e-05	8.200000e-05
-8.200000e+00	4.700000e-05	4.500000e-05	4.700000e-05	4.500000e-05	4.500000e-05	1.360000e-04	1.320000e-03	8.010000e-04	6.200000e-04	0.000000e+00	1.150000e-04	9.200000e-05	9.200000e-05	9.200000e-05
-8.150000e+00	5.300000e-05	5.100000e-05	5.300000e-05	5.100000e-05	5.100000e-05	1.500000e-04	1.476000e-03	8.960000e-04	6.870000e-04	0.000000e+00	1.280000e-04	1.030000e-04	1.030000e-04	1.040000e-04
-8.100000e+00	5.700000e-05	5.700000e-05	5.900000e-05	5.600000e-05	5.600000e-05	1.650000e-04	1.685000e-03	1.006000e-03	7.590000e-04	0.000000e+00	1.420000e-04	1.140000e-04	1.140000e-04	1.150000e-04
-8.050000e+00	6.200000e-05	6.200000e-05	6.500000e-05	6.200000e-05	6.100000e-05	1.800000e-04	1.909000e-03	1.130000e-03	8.320000e-04	0.000000e+00	1.560000e-04	1.260000e-04	1.260000e-04	1.270000e-04
-8.000000e+00	6.900000e-05	6.800000e-05	7.200000e-05	6.800000e-05	6.700000e-05	1.950000e-04	2.101000e-03	1.257000e-03	9.060000e-04	0.000000e+00	1.720000e-04	1.380000e-04	1.380000e-04	1.410000e-04
-7.950000e+00	7.600000e-05	7.500000e-05	8.000000e-05	7.400000e-05	7.400000e-05	2.120000e-04	2.329000e-03	1.382000e-03	9.830000e-04	0.000000e+00	1.880000e-04	1.510000e-04	1.510000e-04	1.580000e-04
-7.900000e+00	8.200000e-05	8.200000e-05	9.000000e-05	8.200000e-05	8.100000e-05	2.300000e-04	2.589000e-03	1.524000e-03	1.073000e-03	0.000000e+00	2.060000e-04	1.650000e-04	1.650000e-04	1.780000e-04
-7.850000e+00	8.900000e-05	8.800000e-05	1.020000e-04	9.000000e-05	8.700000e-05	2.470000e-04	2.867000e-03	1.691000e-03	1.161000e-03	0.000000e+00	2.240000e-04	1.780000e-04	1.780000e-04	2.020000e-04
-7.800000e+00	9.500000e-05	9.400000e-05	1.170000e-04	9.600000e-05	9.300000e-05	2.650000e-04	3.167000e-03	1.863000e-03	1.257000e-03	0.000000e+00	2.420000e-04	1.920000e-04	1.920000e-04	2.290000e-04
-7.750000e+00	1.000000e-04	1.000000e-04	1.340000e-04	1.020000e-04	1.000000e-04	2.830000e-04	3.492000e-03	2.044000e-03	1.355000e-03	0.000000e+00	2.620000e-04	2.060000e-04	2.060000e-04	2.610000e-04
-7.700000e+00	1.070000e-04	1.070000e-04	1.560000e-04	1.090000e-04	1.060000e-04	3.010000e-04	3.843000e-03	2.251000e-03	1.452000e-03	0.000000e+00	2.820000e-04	2.190000e-04	2.190000e-04	2.960000e-04
-7.650000e+00	1.130000e-04	1.150000e-04	1.890000e-04	1.140000e-04	1.120000e-04	3.180000e-04	4.199000e-03	2.509000e-03	1.569000e-03	1.000000e-06	3.030000e-04	2.330000e-04	2.330000e-04	3.400000e-04
-7.600000e+00	1.200000e-04	1.220000e-04	2.310000e-04	1.200000e-04	1.190000e-04	3.350000e-04	4.594000e-03	2.745000e-03	1.677000e-03	2.000000e-06	3.240000e-04	2.460000e-04	2.470000e-04	3.850000e-04
-7.550000e+00	1.280000e-04	1.290000e-04	2.750000e-04	1.260000e-04	1.250000e-04	3.520000e-04	4.959000e-03	3.036000e-03	1.778000e-03	2.000000e-06	3.450000e-04	2.600000e-04	2.600000e-04	4.390000e-04
-7.500000e+00	1.340000e-04	1.350000e-04	3.370000e-04	1.330000e-04	1.310000e-04	3.690000e-04	5.320000e-03	3.354000e-03	1.893000e-03	3.000000e-06	3.660000e-04	2.730000e-04	2.730000e-04	5.050000e-04
-7.450000e+00	1.390000e-04	1.400000e-04	4.380000e-04	1.400000e-04	1.380000e-04	3.860000e-04	5.671000e-03	3.696000e-03	2.018000e-03	3.000000e-06	3.880000e-04	2.860000e-04	2.860000e-04	5.840000e-04
-7.400000e+00	1.440000e-04	1.460000e-04	6.030000e-04	1.460000e-04	1.440000e-04	4.020000e-04	6.007000e-03	4.072000e-03	2.140000e-03	4.000000e-06	4.090000e-04	2.990000e-04	2.990000e-04	6.800000e-04
-7.350000e+00	1.500000e-04	1.530000e-04	8.820000e-04	1.530000e-04	1.480000e-04	4.170000e-04	6.382000e-03	4.482000e-03	2.254000e-03	5.000000e-06	4.300000e-04	3.110000e-04	3.110000e-04	7.990000e-04
-7.300000e+00	1.560000e-04	1.580000e-04	1.455000e-03	1.600000e-04	1.540000e-04	4.310000e-04	6.730000e-03	4.914000e-03	2.378000e-03	6.000000e-06	4.490000e-04	3.220000e-04	3.220000e-04	9.540000e-04
-7.250000e+00	1.630000e-04	1.640000e-04	2.733000e-03	1.660000e-04	1.610000e-04	4.440000e-04	7.038000e-03	5.364000e-03	2.526000e-03	9.000000e-06	4.660000e-04	3.310000e-04	3.310000e-04	1.147000e-03
-7.200000e+00	1.680000e-04	1.700000e-04	5.732000e-03	1.750000e-04	1.690000e-04	4.570000e-04	7.202000e-03	5.870000e-03	2.676000e-03	1.300000e-05	4.800000e-04	3.400000e-04	3.400000e-04	1.363000e-03
-7.150000e+00	1.720000e-04	1.750000e-04	1.233600e-02	1.840000e-04	1.780000e-04	4.690000e-04	7.289000e-03	6.381000e-03	2.816000e-03	1.600000e-05	4.910000e-04	3.480000e-04	3.480000e-04	1.569000e-03
-7.100000e+00	1.770000e-04	1.760000e-04	2.324700e-02	1.930000e-04	1.890000e-04	4.820000e-04	7.418000e-03	6.805000e-03	2.946000e-03	2.100000e-05	4.990000e-04	3.550000e-04	3.550000e-04	1.734000e-03
-7.050000e+00	1.860000e-04	1.770000e-04	3.008600e-02	2.090000e-04	2.020000e-04	4.950000e-04	7.611000e-03	7.085000e-03	3.083000e-03	2.500000e-05	5.040000e-04	3.620000e-04	3.620000e-04	1.864000e-03
-7.000000e+00	1.920000e-04	1.850000e-04	3.378400e-02	2.170000e-04	2.150000e-04	5.110000e-04	7.709000e-03	7.299000e-03	3.241000e-03	3.400000e-05	5.110000e-04	3.700000e-04	3.700000e-04	1.979000e-03
-6.950000e+00	2.040000e-04	1.980000e-04	3.700100e-02	2.290000e-04	2.300000e-04	5.400000e-04	7.797000e-03	7.439000e-03	3.396000e-03	4.900000e-05	5.170000e-04	3.780000e-04	3.780000e-04	2.088000e-03
-6.900000e+00	2.290000e-04	2.230000e-04	3.984800e-02	2.470000e-04	2.530000e-04	5.780000e-04	7.870000e-03	7.556000e-03	3.569000e-03	6.700000e-05	5.230000e-04	3.860000e-04	3.860000e-04	2.193000e-03
-6.850000e+00	2.790000e-04	2.770000e-04	4.244700e-02	2.740000e-04	2.830000e-04	6.250000e-04	7.947000e-03	7.699000e-03	3.774000e-03	9.000000e-05	5.300000e-04	3.960000e-04	3.960000e-04	2.298000e-03
-6.800000e+00	3.870000e-04	3.920000e-04	4.493000e-02	3.130000e-04	3.200000e-04	6.840000e-04	8.054000e-03	7.881000e-03	4.011000e-03	1.210000e-04	5.360000e-04	4.090000e-04	4.100000e-04	2.406000e-03
-6.750000e+00	6.550000e-04	6.700000e-04	4.745700e-02	3.680000e-04	3.690000e-04	7.590000e-04	8.214000e-03	8.047000e-03	4.255000e-03	1.710000e-04	5.450000e-04	4.280000e-04	4.300000e-04	2.514000e-03
-6.700000e+00	1.364000e-03	1.421000e-03	5.004900e-02	4.350000e-04	4.230000e-04	8.580000e-04	8.354000e-03	8.216000e-03	4.535000e-03	2.380000e-04	5.520000e-04	4.670000e-04	4.720000e-04	2.620000e-03
-6.650000e+00	2.755000e-03	2.883000e-03	5.261500e-02	5.300000e-04	4.970000e-04	9.650000e-04	8.553000e-03	8.419000e-03	4.816000e-03	3.200000e-04	5.620000e-04	5.340000e-04	5.440000e-04	2.726000e-03
-6.600000e+00	4.782000e-03	4.946000e-03	5.499700e-02	6.520000e-04	6.040000e-04	1.106000e-03	8.804000e-03	8.652000e-03	5.137000e-03	4.260000e-04	5.730000e-04	6.230000e-04	6.370000e-04	2.833000e-03
-6.550000e+00	7.122000e-03	7.270000e-03	5.735200e-02	8.010000e-04	7.490000e-04	1.284000e-03	9.106000e-03	8.903000e-03	5.509000e-03	5.670000e-04	5.870000e-04	7.270000e-04	7.430000e-04	2.941000e-03
-6.500000e+00	9.590000e-03	9.737000e-03	5.987600e-02	9.800000e-04	9.330000e-04	1.498000e-03	9.456000e-03	9.168000e-03	5.919000e-03	7.590000e-04	6.020000e-04	8.400000e-04	8.570000e-04	3.051000e-03
-6.450000e+00	1.213700e-02	1.224200e-02	6.243800e-02	1.219000e-03	1.165000e-03	1.812000e-03	9.831000e-03	9.472000e-03	6.338000e-03	1.025000e-03	6.230000e-04	9.580000e-04	9.790000e-04	3.168000e-03
-6.400000e+00	1.458400e-02	1.470200e-02	6.500000e-02	1.561000e-03	1.497000e-03	2.237000e-03	1.031400e-02	9.825000e-03	6.778000e-03	1.327000e-03	6.490000e-04	1.079000e-03	1.102000e-03	3.288000e-03
-6.350000e+00	1.701100e-02	1.714800e-02	6.751600e-02	2.001000e-03	1.947000e-03	2.749000e-03	1.104800e-02	1.029200e-02	7.320000e-03	1.729000e-03	6.780000e-04	1.204000e-03	1.229000e-03	3.412000e-03
-6.300000e+00	1.944500e-02	1.970500e-02	6.995100e-02	2.546000e-03	2.551000e-03	3.385000e-03	1.195700e-02	1.086900e-02	8.005000e-03	2.257000e-03	7.140000e-04	1.336000e-03	1.362000e-03	3.543000e-03
-6.250000e+00	2.186400e-02	2.235000e-02	7.230800e-02	3.236000e-03	3.291000e-03	4.192000e-03	1.301800e-02	1.155500e-02	8.829000e-03	2.939000e-03	7.560000e-04	1.474000e-03	1.502000e-03	3.678000e-03
-6.200000e+00	2.425800e-02	2.494400e-02	7.464500e-02	4.138000e-03	4.143000e-03	5.218000e-03	1.429300e-02	1.235600e-02	9.776000e-03	3.809000e-03	8.040000e-04	1.620000e-03	1.651000e-03	3.816000e-03
-6.150000e+00	2.679600e-02	2.738500e-02	7.707500e-02	5.295000e-03	5.277000e-03	6.514000e-03	1.599800e-02	1.328500e-02	1.087500e-02	4.932000e-03	8.630000e-04	1.773000e-03	1.810000e-03	3.961000e-03
-6.100000e+00	2.913700e-02	2.982600e-02	7.954700e-02	6.845000e-03	6.793000e-03	8.193000e-03	1.813900e-02	1.448500e-02	1.216500e-02	6.394000e-03	9.440000e-04	1.939000e-03	1.981000e-03	4.123000e-03
-6.050000e+00	3.166900e-02	3.242900e-02	8.211800e-02	8.782000e-03	8.773000e-03	1.033400e-02	2.092200e-02	1.589900e-02	1.376900e-02	8.302000e-03	1.030000e-03	2.119000e-03	2.168000e-03	4.300000e-03
-6.000000e+00	3.413500e-02	3.498300e-02	8.464800e-02	1.127400e-02	1.128500e-02	1.301800e-02	2.438900e-02	1.754500e-02	1.571200e-02	1.080300e-02	1.134000e-03	2.318000e-03	2.376000e-03	4.495000e-03
-5.950000e+00	3.658400e-02	3.752100e-02	8.707600e-02	1.451400e-02	1.446800e-02	1.645600e-02	2.873300e-02	1.957600e-02	1.801100e-02	1.405800e-02	1.259000e-03	2.540000e-03	2.607000e-03	4.713000e-03
-5.900000e+00	3.916000e-02	4.011200e-02	8.942000e-02	1.870600e-02	1.854300e-02	2.093300e-02	3.420700e-02	2.215600e-02	2.072500e-02	1.821500e-02	1.405000e-03	2.788000e-03	2.865000e-03	4.956000e-03
-5.850000e+00	4.174500e-02	4.253100e-02	9.176900e-02	2.405700e-02	2.376800e-02	2.653600e-02	4.087000e-02	2.522600e-02	2.404700e-02	2.335700e-02	1.585000e-03	3.070000e-03	3.161000e-03	5.228000e-03
-5.800000e+00	4.417600e-02	4.517300e-02	9.430200e-02	3.071600e-02	3.036200e-02	3.349300e-02	4.940700e-02	2.892300e-02	2.803400e-02	2.987700e-02	1.799000e-03	3.397000e-03	3.508000e-03	5.541000e-03
-5.750000e+00	4.687000e-02	4.792000e-02	9.660400e-02	3.902200e-02	3.885100e-02	4.222300e-02	5.990300e-02	3.338200e-02	3.282800e-02	3.804400e-02	2.057000e-03	3.770000e-03	3.905000e-03	5.903000e-03
-5.700000e+00	4.954000e-02	5.064500e-02	9.916300e-02	4.949200e-02	4.945400e-02	5.330700e-02	7.295900e-02	3.869200e-02	3.866400e-02	4.850000e-02	2.369000e-03	4.200000e-03	4.361000e-03	6.321000e-03
-5.650000e+00	5.206300e-02	5.341500e-02	1.018840e-01	6.278800e-02	6.271100e-02	6.735400e-02	8.931400e-02	4.500000e-02	4.564000e-02	6.187400e-02	2.743000e-03	4.701000e-03	4.894000e-03	6.807000e-03
-5.600000e+00	5.451100e-02	5.629200e-02	1.044710e-01	7.965000e-02	7.948300e-02	8.491800e-02	1.098750e-01	5.255200e-02	5.383900e-02	7.866700e-02	3.189000e-03	5.290000e-03	5.522000e-03	7.376000e-03
-5.550000e+00	5.716500e-02	5.906800e-02	1.068890e-01	1.006580e-01	1.006000e-01	1.063660e-01	1.357560e-01	6.175100e-02	6.369000e-02	9.914100e-02	3.717000e-03	5.979000e-03	6.247000e-03	8.040000e-03
-5.500000e+00	5.981100e-02	6.185900e-02	1.094740e-01	1.269370e-01	1.267360e-01	1.332120e-01	1.677990e-01	7.296200e-02	7.538400e-02	1.252630e-01	4.351000e-03	6.791000e-03	7.099000e-03	8.838000e-03
-5.450000e+00	6.241400e-02	6.480600e-02	1.122940e-01	1.595290e-01	1.590750e-01	1.664550e-01	2.067730e-01	8.623200e-02	8.949500e-02	1.573710e-01	5.101000e-03	7.750000e-03	8.109000e-03	9.779000e-03
-5.400000e+00	6.510200e-02	6.793800e-02	1.149960e-01	1.999130e-01	1.990970e-01	2.076130e-01	2.551220e-01	1.020550e-01	1.062470e-01	1.971340e-01	5.989000e-03	8.856000e-03	9.300000e-03	1.085600e-02
-5.350000e+00	6.798800e-02	7.123500e-02	1.176480e-01	2.496720e-01	2.485940e-01	2.583480e-01	3.150690e-01	1.209240e-01	1.260750e-01	2.462240e-01	7.035000e-03	1.016300e-02	1.068400e-02	1.212300e-02
-5.300000e+00	7.112100e-02	7.462700e-02	1.204650e-01	3.106590e-01	3.096080e-01	3.206160e-01	3.888380e-01	1.433590e-01	1.495610e-01	3.064430e-01	8.259000e-03	1.173400e-02	1.228800e-02	1.365200e-02
-5.250000e+00	7.440700e-02	7.798500e-02	1.234830e-01	3.855100e-01	3.842170e-01	3.971320e-01	4.797970e-01	1.700010e-01	1.772290e-01	3.803220e-01	9.676000e-03	1.356000e-02	1.420900e-02	1.545400e-02
-5.200000e+00	7.759000e-02	8.196200e-02	1.266150e-01	4.754030e-01	4.751210e-01	4.883390e-01	5.861550e-01	2.016580e-01	2.098880e-01	4.696410e-01	1.136700e-02	1.573000e-02	1.645600e-02	1.759600e-02
-5.150000e+00	8.116100e-02	8.619900e-02	1.296840e-01	5.842710e-01	5.842960e-01	5.993360e-01	7.123090e-01	2.389610e-01	2.482820e-01	5.773040e-01	1.333500e-02	1.828200e-02	1.911000e-02	2.010300e-02
-5.100000e+00	8.474000e-02	9.068200e-02	1.329580e-01	7.155780e-01	7.153820e-01	7.331240e-01	8.625190e-01	2.827780e-01	2.931990e-01	7.078720e-01	1.562500e-02	2.126100e-02	2.220900e-02	2.303200e-02
-5.050000e+00	8.837500e-02	9.540600e-02	1.363390e-01	8.731120e-01	8.724630e-01	8.929420e-01	1.041583e+00	3.341180e-01	3.457040e-01	8.645680e-01	1.828300e-02	2.472800e-02	2.581400e-02	2.644700e-02
-5.000000e+00	9.226400e-02	1.004970e-01	1.397010e-01	1.060888e+00	1.059783e+00	1.082544e+00	1.254421e+00	3.941020e-01	4.070010e-01	1.050028e+00	2.135600e-02	2.875200e-02	3.000100e-02	3.041200e-02
-4.950000e+00	9.640300e-02	1.063730e-01	1.432740e-01	1.283021e+00	1.281206e+00	1.306813e+00	1.505252e+00	4.638700e-01	4.780500e-01	1.269673e+00	2.489700e-02	3.341000e-02	3.485000e-02	3.501000e-02
-4.900000e+00	1.007540e-01	1.127800e-01	1.469070e-01	1.542540e+00	1.540559e+00	1.569433e+00	1.797629e+00	5.442930e-01	5.601000e-01	1.526249e+00	2.893200e-02	3.877600e-02	4.043300e-02	4.032400e-02
-4.850000e+00	1.053560e-01	1.208360e-01	1.504910e-01	1.845075e+00	1.845744e+00	1.876546e+00	2.138387e+00	6.377520e-01	6.545830e-01	1.826940e+00	3.358500e-02	4.494600e-02	4.685200e-02	4.643500e-02
-4.800000e+00	1.104830e-01	1.308120e-01	1.546010e-01	2.197068e+00	2.199229e+00	2.232191e+00	2.534032e+00	7.449630e-01	7.630880e-01	2.176617e+00	3.888100e-02	5.200400e-02	5.418100e-02	5.342900e-02
-4.750000e+00	1.161000e-01	1.437770e-01	1.591770e-01	2.604185e+00	2.605903e+00	2.642854e+00	2.990010e+00	8.673320e-01	8.870660e-01	2.580341e+00	4.487200e-02	6.004500e-02	6.249000e-02	6.140200e-02
-4.700000e+00	1.221410e-01	1.612030e-01	1.639730e-01	3.071222e+00	3.072411e+00	3.115605e+00	3.511479e+00	1.006746e+00	1.027963e+00	3.043308e+00	5.164100e-02	6.917200e-02	7.183500e-02	7.045900e-02
-4.650000e+00	1.288890e-01	1.842840e-01	1.690780e-01	3.602772e+00	3.604062e+00	3.652919e+00	4.105708e+00	1.164804e+00	1.187600e+00	3.570715e+00	5.930800e-02	7.949600e-02	8.224800e-02	8.070200e-02
-4.600000e+00	1.359990e-01	1.987730e-01	1.742010e-01	4.202320e+00	4.199448e+00	4.257325e+00	4.772753e+00	1.341844e+00	1.366877e+00	4.163574e+00	6.787000e-02	9.106300e-02	9.382100e-02	9.219600e-02
-4.550000e+00	1.434100e-01	2.095910e-01	1.799180e-01	4.874667e+00	4.868896e+00	4.936194e+00	5.520891e+00	1.540717e+00	1.567299e+00	4.829132e+00	7.746100e-02	1.040140e-01	1.067450e-01	1.050670e-01
-4.500000e+00	1.514980e-01	2.188140e-01	1.861630e-01	5.624716e+00	5.618164e+00	5.694636e+00	6.356390e+00	1.762708e+00	1.790762e+00	5.572062e+00	8.814400e-02	1.184440e-01	1.211390e-01	1.194160e-01
-4.450000e+00	1.602290e-01	2.276340e-01	1.929350e-01	6.456602e+00	6.450441e+00	6.535702e+00	7.283742e+00	2.008867e+00	2.038781e+00	6.396254e+00	9.999200e-02	1.344480e-01	1.371020e-01	1.353400e-01
-4.400000e+00	1.694860e-01	2.365420e-01	2.002570e-01	7.372965e+00	7.366873e+00	7.460945e+00	8.305966e+00	2.280342e+00	2.312745e+00	7.304530e+00	1.131010e-01	1.521160e-01	1.547240e-01	1.529350e-01
-4.350000e+00	1.795170e-01	2.457180e-01	2.081120e-01	8.373918e+00	8.368512e+00	8.472195e+00	9.425870e+00	2.579010e+00	2.614544e+00	8.298403e+00	1.275910e-01	1.715440e-01	1.740970e-01	1.722890e-01
-4.300000e+00	1.901730e-01	2.558150e-01	2.166720e-01	9.449631e+00	9.444642e+00	9.558455e+00	1.062630e+01	2.902032e+00	2.942606e+00	9.364064e+00	1.433580e-01	1.926360e-01	1.951380e-01	1.933150e-01
-4.250000e+00	2.014930e-01	2.665680e-01	2.258980e-01	1.060594e+01	1.060196e+01	1.072735e+01	1.192124e+01	3.253040e+00	3.299464e+00	1.050930e+01	1.605900e-01	2.155690e-01	2.180170e-01	2.161810e-01
-4.200000e+00	2.136620e-01	2.780490e-01	2.361240e-01	1.184183e+01	1.183803e+01	1.197918e+01	1.330907e+01	3.632302e+00	3.685051e+00	1.173120e+01	1.793790e-01	2.403710e-01	2.427640e-01	2.409190e-01
-4.150000e+00	2.266200e-01	2.902560e-01	2.472220e-01	1.315208e+01	1.314977e+01	1.330827e+01	1.478397e+01	4.039797e+00	4.099635e+00	1.302780e+01	1.997480e-01	2.670640e-01	2.693970e-01	2.675500e-01
-4.100000e+00	2.402750e-01	3.030170e-01	2.589190e-01	1.452973e+01	1.453170e+01	1.470542e+01	1.633699e+01	4.475072e+00	4.543537e+00	1.439552e+01	2.217140e-01	2.956510e-01	2.979150e-01	2.960750e-01
-4.050000e+00	2.547900e-01	3.158770e-01	2.711930e-01	1.597081e+01	1.597300e+01	1.616308e+01	1.795837e+01	4.937018e+00	5.016532e+00	1.582441e+01	2.453930e-01	3.261080e-01	3.282940e-01	3.264710e-01
-4.000000e+00	2.695420e-01	3.298310e-01	2.842620e-01	1.744031e+01	1.744045e+01	1.765461e+01	1.961767e+01	5.419934e+00	5.514719e+00	1.728304e+01	2.704970e-01	3.580410e-01	3.601550e-01	3.583560e-01
-3.950000e+00	2.849200e-01	3.442280e-01	2.981350e-01	1.894405e+01	1.894596e+01	1.918210e+01	2.132938e+01	5.927840e+00	6.040633e+00	1.877368e+01	2.972460e-01	3.916570e-01	3.936980e-01	3.919270e-01
-3.900000e+00	3.010140e-01	3.589130e-01	3.126530e-01	2.047397e+01	2.047474e+01	2.073987e+01	2.308021e+01	6.458993e+00	6.592955e+00	2.028676e+01	3.256160e-01	4.268280e-01	4.287940e-01	4.270560e-01
-3.850000e+00	3.178910e-01	3.741440e-01	3.277820e-01	2.201699e+01	2.201255e+01	2.231497e+01	2.485523e+01	7.011476e+00	7.171000e+00	2.181082e+01	3.555620e-01	4.634190e-01	4.653070e-01	4.636090e-01
-3.800000e+00	3.354050e-01	3.901310e-01	3.435060e-01	2.355662e+01	2.354727e+01	2.388935e+01	2.663773e+01	7.583398e+00	7.773799e+00	2.333277e+01	3.870130e-01	5.012690e-01	5.030750e-01	5.014290e-01
-3.750000e+00	3.529440e-01	4.064560e-01	3.597050e-01	2.507592e+01	2.507081e+01	2.544397e+01	2.840889e+01	8.173155e+00	8.398593e+00	2.483835e+01	4.198620e-01	5.401680e-01	5.418840e-01	5.403120e-01
-3.700000e+00	3.708440e-01	4.227210e-01	3.760480e-01	2.653262e+01	2.652268e+01	2.693673e+01	3.011825e+01	8.771237e+00	9.035448e+00	2.628137e+01	4.536740e-01	5.793160e-01	5.809450e-01	5.794540e-01
-3.650000e+00	3.889680e-01	4.389900e-01	3.927830e-01	2.793521e+01	2.792600e+01	2.838705e+01	3.178295e+01	9.383055e+00	9.690195e+00	2.767097e+01	4.886650e-01	6.189390e-01	6.204810e-01	6.190770e-01
-3.600000e+00	4.071570e-01	4.548660e-01	4.097260e-01	2.927288e+01	2.926523e+01	2.977645e+01	3.338932e+01	1.000546e+01	1.036054e+01	2.899080e+01	5.246270e-01	6.587730e-01	6.602230e-01	6.589190e-01
-3.550000e+00	4.252360e-01	4.705210e-01	4.268030e-01	3.053167e+01	3.052775e+01	3.109252e+01	3.492295e+01	1.063588e+01	1.104415e+01	3.023186e+01	5.613630e-01	6.985150e-01	6.998700e-01	6.986820e-01
-3.500000e+00	4.430950e-01	4.863700e-01	4.439540e-01	3.169800e+01	3.170035e+01	3.232459e+01	3.636882e+01	1.127191e+01	1.173840e+01	3.138604e+01	5.986830e-01	7.378390e-01	7.391000e-01	7.380450e-01
-3.450000e+00	4.607930e-01	5.026790e-01	4.610200e-01	3.276319e+01	3.276471e+01	3.345788e+01	3.771142e+01	1.191071e+01	1.244000e+01	3.243773e+01	6.363920e-01	7.764240e-01	7.775900e-01	7.766890e-01
-3.400000e+00	4.777870e-01	5.172810e-01	4.777810e-01	3.368355e+01	3.368594e+01	3.445085e+01	3.889894e+01	1.254109e+01	1.313996e+01	3.334697e+01	6.736230e-01	8.130780e-01	8.141540e-01	8.134200e-01
-3.350000e+00	4.940680e-01	5.314370e-01	4.938980e-01	3.449140e+01	3.448738e+01	3.533209e+01	3.996525e+01	1.316896e+01	1.384167e+01	3.413568e+01	7.105340e-01	8.481960e-01	8.491790e-01	8.486330e-01
-3.300000e+00	5.096420e-01	5.446330e-01	5.096680e-01	3.518198e+01	3.516981e+01	3.609987e+01	4.090849e+01	1.379307e+01	1.454340e+01	3.480372e+01	7.469210e-01	8.814370e-01	8.823290e-01	8.819950e-01
-3.250000e+00	5.244950e-01	5.569500e-01	5.250390e-01	3.574894e+01	3.573076e+01	3.675263e+01	4.172305e+01	1.441147e+01	1.524287e+01	3.535090e+01	7.825330e-01	9.124800e-01	9.132790e-01	9.131840e-01
-3.200000e+00	5.385280e-01	5.685080e-01	5.397210e-01	3.618908e+01	3.616846e+01	3.729073e+01	4.240548e+01	1.502191e+01	1.593712e+01	3.577654e+01	8.170540e-01	9.410140e-01	9.417170e-01	9.418880e-01
-3.150000e+00	5.514930e-01	5.788410e-01	5.533330e-01	3.650760e+01	3.648612e+01	3.771819e+01	4.296109e+01	1.562247e+01	1.662227e+01	3.607907e+01	8.500890e-01	9.667230e-01	9.673340e-01	9.677980e-01
-3.100000e+00	5.626410e-01	5.874410e-01	5.660430e-01	3.667510e+01	3.665870e+01	3.800615e+01	4.335492e+01	1.619959e+01	1.728571e+01	3.624655e+01	8.805950e-01	9.883780e-01	9.888960e-01	9.896890e-01
-3.050000e+00	5.723600e-01	5.951600e-01	5.780140e-01	3.673391e+01	3.671398e+01	3.819024e+01	4.361684e+01	1.676247e+01	1.793250e+01	3.629675e+01	9.088910e-01	1.006615e+00	1.007040e+00	1.008204e+00
-3.000000e+00	5.805320e-01	6.013800e-01	5.891240e-01	3.668199e+01	3.665940e+01	3.827583e+01	4.375095e+01	1.730350e+01	1.855766e+01	3.623880e+01	9.346350e-01	1.021213e+00	1.021541e+00	1.023124e+00
-2.950000e+00	5.873510e-01	6.058170e-01	5.992600e-01	3.652112e+01	3.649880e+01	3.826879e+01	4.376554e+01	1.781731e+01	1.915513e+01	3.607612e+01	9.576150e-01	1.031991e+00	1.032223e+00	1.034270e+00
-2.900000e+00	5.929110e-01	6.084310e-01	6.084470e-01	3.625640e+01	3.623445e+01	3.817298e+01	4.366569e+01	1.829960e+01	1.971836e+01	3.581108e+01	9.776310e-01	1.038802e+00	1.038943e+00	1.041501e+00
-2.850000e+00	5.967690e-01	6.093270e-01	6.169960e-01	3.589554e+01	3.586909e+01	3.798783e+01	4.344607e+01	1.874562e+01	2.024111e+01	3.544954e+01	9.943450e-01	1.041538e+00	1.041586e+00	1.044710e+00
-2.800000e+00	5.986670e-01	6.086890e-01	6.244440e-01	3.542106e+01	3.539748e+01	3.770043e+01	4.308348e+01	1.913890e+01	2.069988e+01	3.497387e+01	1.006521e+00	1.039151e+00	1.039105e+00	1.042871e+00
-2.750000e+00	5.987010e-01	6.060430e-01	6.307810e-01	3.485761e+01	3.483831e+01	3.734180e+01	4.261726e+01	1.948362e+01	2.110725e+01	3.440796e+01	1.014854e+00	1.032630e+00	1.032489e+00	1.036958e+00
-2.700000e+00	5.972190e-01	6.021530e-01	6.364710e-01	3.421567e+01	3.419701e+01	3.691378e+01	4.205005e+01	1.977462e+01	2.145400e+01	3.376294e+01	1.019396e+00	1.022035e+00	1.021798e+00	1.027040e+00
-2.650000e+00	5.942390e-01	5.969280e-01	6.419320e-01	3.350120e+01	3.347915e+01	3.642360e+01	4.138306e+01	2.000880e+01	2.173461e+01	3.304848e+01	1.020083e+00	1.007480e+00	1.007148e+00	1.013240e+00
-2.600000e+00	5.895590e-01	5.900770e-01	6.474380e-01	3.271960e+01	3.269160e+01	3.587914e+01	4.062029e+01	2.018308e+01	2.194477e+01	3.227123e+01	1.016811e+00	9.891170e-01	9.886910e-01	9.957150e-01
-2.550000e+00	5.828680e-01	5.817370e-01	6.530080e-01	3.187941e+01	3.184365e+01	3.528432e+01	3.977228e+01	2.029226e+01	2.207863e+01	3.143348e+01	1.009531e+00	9.671130e-01	9.665950e-01	9.746280e-01
-2.500000e+00	5.747540e-01	5.716130e-01	6.587950e-01	3.095694e+01	3.092182e+01	3.462947e+01	3.880672e+01	2.031083e+01	2.211751e+01	3.052723e+01	9.973440e-01	9.407740e-01	9.401640e-01	9.493450e-01
-2.450000e+00	5.657820e-01	5.602310e-01	6.652430e-01	2.998738e+01	2.994969e+01	3.393691e+01	3.776142e+01	2.025589e+01	2.205957e+01	2.956993e+01	9.815610e-01	9.113340e-01	9.106320e-01	9.210660e-01
-2.400000e+00	5.559130e-01	5.477470e-01	6.725120e-01	2.898240e+01	2.894051e+01	3.320577e+01	3.664396e+01	2.012312e+01	2.191503e+01	2.857276e+01	9.621970e-01	8.791340e-01	8.783380e-01	8.901260e-01
-2.350000e+00	5.448040e-01	5.341090e-01	6.809250e-01	2.794453e+01	2.789899e+01	3.243908e+01	3.544504e+01	1.991346e+01	2.168449e+01	2.754283e+01	9.394580e-01	8.445200e-01	8.436320e-01	8.568800e-01
-2.300000e+00	5.324510e-01	5.194180e-01	6.910130e-01	2.687532e+01	2.682897e+01	3.164051e+01	3.416009e+01	1.962885e+01	2.136540e+01	2.648592e+01	9.136660e-01	8.078520e-01	8.068740e-01	8.216850e-01
-2.250000e+00	5.197770e-01	5.042350e-01	7.035800e-01	2.578200e+01	2.573982e+01	3.081150e+01	3.280694e+01	1.926823e+01	2.095832e+01	2.540886e+01	8.851900e-01	7.694920e-01	7.684280e-01	7.848970e-01
-2.200000e+00	5.061550e-01	4.884380e-01	7.178570e-01	2.466158e+01	2.461312e+01	2.990095e+01	3.135206e+01	1.881712e+01	2.044342e+01	2.430202e+01	8.532690e-01	7.290390e-01	7.278900e-01	7.462010e-01
-2.150000e+00	4.919520e-01	4.720320e-01	7.356960e-01	2.353029e+01	2.347865e+01	2.895443e+01	2.982891e+01	1.831263e+01	1.985792e+01	2.318721e+01	8.193450e-01	6.877720e-01	6.865300e-01	7.067980e-01
-2.100000e+00	4.777210e-01	4.555100e-01	7.568450e-01	2.239412e+01	2.234651e+01	2.794389e+01	2.824732e+01	1.773469e+01	1.919383e+01	2.206885e+01	7.839780e-01	6.460500e-01	6.447110e-01	6.670390e-01
-2.050000e+00	4.636530e-01	4.388120e-01	7.809470e-01	2.126149e+01	2.121353e+01	2.685377e+01	2.662406e+01	1.709216e+01	1.845798e+01	2.095172e+01	7.500640e-01	6.042150e-01	6.027840e-01	6.272570e-01
-2.000000e+00	4.495610e-01	4.219380e-01	8.082150e-01	2.013991e+01	2.008248e+01	2.567225e+01	2.498207e+01	1.639869e+01	1.766013e+01	1.984185e+01	7.174920e-01	5.626150e-01	5.610990e-01	5.878450e-01
-1.950000e+00	4.348670e-01	4.054710e-01	8.402750e-01	1.903362e+01	1.897580e+01	2.438455e+01	2.334919e+01	1.565266e+01	1.680301e+01	1.874693e+01	6.791930e-01	5.216180e-01	5.200180e-01	5.493090e-01
-1.900000e+00	4.206970e-01	3.890630e-01	8.754950e-01	1.792761e+01	1.786532e+01	2.293541e+01	2.173043e+01	1.487391e+01	1.591010e+01	1.766306e+01	6.395810e-01	4.810200e-01	4.793170e-01	5.110140e-01
-1.850000e+00	4.074150e-01	3.731990e-01	9.151540e-01	1.684187e+01	1.677775e+01	2.144615e+01	2.014243e+01	1.407368e+01	1.499418e+01	1.660148e+01	6.004490e-01	4.414260e-01	4.396510e-01	4.735970e-01
-1.800000e+00	3.943550e-01	3.576570e-01	9.588940e-01	1.578019e+01	1.571378e+01	2.001036e+01	1.858440e+01	1.326095e+01	1.407094e+01	1.556171e+01	5.618890e-01	4.032440e-01	4.013850e-01	4.377500e-01
-1.750000e+00	3.816070e-01	3.425350e-01	1.006028e+00	1.474811e+01	1.467877e+01	1.864465e+01	1.705410e+01	1.243995e+01	1.314907e+01	1.454946e+01	5.238080e-01	3.666550e-01	3.647090e-01	4.035620e-01
-1.700000e+00	3.695080e-01	3.281700e-01	1.056295e+00	1.374901e+01	1.367737e+01	1.732547e+01	1.555553e+01	1.161727e+01	1.223400e+01	1.356911e+01	4.863340e-01	3.317670e-01	3.297460e-01	3.710000e-01
-1.650000e+00	3.581960e-01	3.150670e-01	1.110887e+00	1.278166e+01	1.270991e+01	1.601701e+01	1.410294e+01	1.080644e+01	1.133083e+01	1.261870e+01	4.500740e-01	2.987110e-01	2.966190e-01	3.402110e-01
-1.600000e+00	3.473060e-01	3.017210e-01	1.169072e+00	1.183605e+01	1.176615e+01	1.470200e+01	1.267270e+01	9.984085e+00	1.041284e+01	1.169430e+01	4.143090e-01	2.672470e-01	2.650830e-01	3.110970e-01
-1.550000e+00	3.373440e-01	2.892170e-01	1.230082e+00	1.092229e+01	1.085975e+01	1.340526e+01	1.131160e+01	9.168976e+00	9.512485e+00	1.080708e+01	3.801880e-01	2.378720e-01	2.356210e-01	2.839350e-01
-1.500000e+00	3.280520e-01	2.775110e-01	1.293062e+00	1.004737e+01	9.995757e+00	1.213809e+01	1.002396e+01	8.379465e+00	8.643517e+00	9.959138e+00	3.450630e-01	2.106030e-01	2.082780e-01	2.587180e-01
-1.450000e+00	3.191680e-01	2.665000e-01	1.357322e+00	9.213744e+00	9.172377e+00	1.090763e+01	8.813114e+00	7.620176e+00	7.809918e+00	9.149844e+00	3.117960e-01	1.854920e-01	1.830970e-01	2.354130e-01
-1.400000e+00	3.105620e-01	2.561780e-01	1.422317e+00	8.421003e+00	8.387778e+00	9.721398e+00	7.682821e+00	6.891920e+00	7.013809e+00	8.378363e+00	2.825380e-01	1.625160e-01	1.600530e-01	2.139690e-01
-1.350000e+00	3.023470e-01	2.467490e-01	1.487608e+00	7.667237e+00	7.644230e+00	8.589591e+00	6.637574e+00	6.197952e+00	6.260112e+00	7.645241e+00	2.553190e-01	1.415460e-01	1.390340e-01	1.943170e-01
-1.300000e+00	2.947310e-01	2.378900e-01	1.549722e+00	6.944287e+00	6.933513e+00	7.497504e+00	5.666866e+00	5.530931e+00	5.539957e+00	6.943823e+00	2.285270e-01	1.224100e-01	1.198460e-01	1.763560e-01
-1.250000e+00	2.876380e-01	2.296540e-01	1.611095e+00	6.259341e+00	6.261883e+00	6.478068e+00	4.787533e+00	4.905595e+00	4.867640e+00	6.281943e+00	2.040670e-01	1.052650e-01	1.026540e-01	1.600000e-01
-1.200000e+00	2.808030e-01	2.219640e-01	1.669067e+00	5.614036e+00	5.632697e+00	5.534012e+00	4.002575e+00	4.323652e+00	4.246295e+00	5.659136e+00	1.810660e-01	9.000500e-02	8.736600e-02	1.451370e-01
-1.150000e+00	2.742540e-01	2.148620e-01	1.721318e+00	5.008822e+00	5.044555e+00	4.669982e+00	3.310985e+00	3.786432e+00	3.677593e+00	5.073892e+00	1.604290e-01	7.651300e-02	7.386600e-02	1.316730e-01
-1.100000e+00	2.681470e-01	2.083160e-01	1.766190e+00	4.443137e+00	4.494931e+00	3.888999e+00	2.707886e+00	3.293032e+00	3.159629e+00	4.525522e+00	1.418460e-01	6.467500e-02	6.204100e-02	1.194580e-01
-1.050000e+00	2.626300e-01	2.020610e-01	1.803030e+00	3.915656e+00	3.982310e+00	3.191148e+00	2.185674e+00	2.839921e+00	2.686839e+00	4.015015e+00	1.225650e-01	5.438900e-02	5.178000e-02	1.082530e-01
-1.000000e+00	2.576580e-01	1.964440e-01	1.827714e+00	3.418334e+00	3.500481e+00	2.568909e+00	1.737833e+00	2.423445e+00	2.260806e+00	3.534169e+00	1.067540e-01	4.545900e-02	4.286300e-02	9.791900e-02
-9.500000e-01	2.524500e-01	1.912610e-01	1.839786e+00	2.960461e+00	3.053878e+00	2.035958e+00	1.364726e+00	2.049832e+00	1.883965e+00	3.087590e+00	9.204000e-02	3.780400e-02	3.528100e-02	8.834600e-02
-9.000000e-01	2.475950e-01	1.858640e-01	1.837889e+00	2.540933e+00	2.643424e+00	1.586958e+00	1.058765e+00	1.716791e+00	1.553199e+00	2.675172e+00	7.894300e-02	3.137000e-02	2.887200e-02	7.941600e-02
-8.500000e-01	2.427710e-01	1.805450e-01	1.819990e+00	2.158980e+00	2.268539e+00	1.215504e+00	8.104660e-01	1.423396e+00	1.265731e+00	2.297182e+00	6.737700e-02	2.600000e-02	2.352700e-02	7.111400e-02
-8.000000e-01	2.376780e-01	1.756400e-01	1.784096e+00	1.813955e+00	1.927806e+00	9.145140e-01	6.114130e-01	1.168013e+00	1.018756e+00	1.953493e+00	5.712000e-02	2.153600e-02	1.912300e-02	6.337000e-02
-7.500000e-01	2.328530e-01	1.707580e-01	1.729023e+00	1.505171e+00	1.619492e+00	6.762620e-01	4.547400e-01	9.476880e-01	8.092560e-01	1.643293e+00	4.803100e-02	1.785700e-02	1.551200e-02	5.599400e-02
-7.000000e-01	2.279050e-01	1.655450e-01	1.651730e+00	1.227510e+00	1.338936e+00	4.877820e-01	3.329260e-01	7.571950e-01	6.312570e-01	1.360014e+00	3.996500e-02	1.486700e-02	1.260400e-02	4.870400e-02
-6.500000e-01	2.221590e-01	1.606840e-01	1.555453e+00	9.845240e-01	1.089348e+00	3.454600e-01	2.404260e-01	5.983410e-01	4.846110e-01	1.108063e+00	3.287200e-02	1.249400e-02	1.030400e-02	4.190300e-02
-6.000000e-01	2.160610e-01	1.555100e-01	1.441155e+00	7.750390e-01	8.707520e-01	2.398760e-01	1.711190e-01	4.675740e-01	3.651930e-01	8.869200e-01	2.721300e-02	1.059100e-02	8.467000e-03	3.543600e-02
-5.500000e-01	2.097640e-01	1.500950e-01	1.311401e+00	5.978730e-01	6.821490e-01	1.633320e-01	1.201370e-01	3.618180e-01	2.697590e-01	6.957870e-01	2.233800e-02	9.045000e-03	7.004000e-03	2.938700e-02
-5.000000e-01	2.032370e-01	1.446110e-01	1.169636e+00	4.510940e-01	5.221580e-01	1.091140e-01	8.336500e-02	2.781230e-01	1.950580e-01	5.334350e-01	1.793400e-02	7.776000e-03	5.841000e-03	2.389600e-02
-4.500000e-01	1.963680e-01	1.387930e-01	1.019686e+00	3.319780e-01	3.892180e-01	7.148300e-02	5.732300e-02	2.135190e-01	1.377400e-01	3.982070e-01	1.439400e-02	6.734000e-03	4.909000e-03	1.906200e-02
-4.000000e-01	1.889980e-01	1.325400e-01	8.583350e-01	2.357430e-01	2.793430e-01	4.580800e-02	3.958600e-02	1.657230e-01	9.434600e-02	2.851240e-01	1.140900e-02	5.862000e-03	4.134000e-03	1.436400e-02
-3.500000e-01	1.811040e-01	1.260110e-01	6.988200e-01	1.620620e-01	1.931860e-01	2.907600e-02	2.776900e-02	1.321970e-01	6.266000e-02	1.966350e-01	8.825000e-03	5.114000e-03	3.533000e-03	1.045600e-02
-3.000000e-01	1.730550e-01	1.195480e-01	5.468490e-01	1.075760e-01	1.276360e-01	1.861800e-02	1.981100e-02	1.100590e-01	4.048500e-02	1.296530e-01	6.887000e-03	4.458000e-03	3.016000e-03	7.339000e-03
-2.500000e-01	1.650890e-01	1.131020e-01	4.119130e-01	6.940300e-02	8.058200e-02	1.214500e-02	1.440900e-02	9.658900e-02	2.558200e-02	8.173000e-02	5.353000e-03	3.849000e-03	2.579000e-03	4.941000e-03
-2.000000e-01	1.568410e-01	1.065050e-01	2.930700e-01	4.308700e-02	4.737800e-02	8.335000e-03	1.077000e-02	9.307600e-02	1.561000e-02	4.800200e-02	3.876000e-03	3.223000e-03	2.123000e-03	3.163000e-03
-1.500000e-01	1.488400e-01	1.001720e-01	1.986370e-01	2.618800e-02	2.613900e-02	6.102000e-03	8.086000e-03	9.867600e-02	9.133000e-03	2.658400e-02	4.010000e-03	2.438000e-03	1.590000e-03	1.844000e-03
-1.000000e-01	1.414390e-01	9.352000e-02	1.299840e-01	1.608800e-02	1.385300e-02	4.641000e-03	5.995000e-03	1.158150e-01	5.014000e-03	1.419300e-02	4.984800e-02	1.549000e-03	1.001000e-03	9.670000e-04
-5.000000e-02	1.334260e-01	8.623200e-02	8.789700e-02	1.028400e-02	7.595000e-03	3.519000e-03	4.052000e-03	4.190900e-02	2.475000e-03	7.844000e-03	2.727854e+00	9.900000e-05	7.400000e-05	6.800000e-05
0.000000e+00	1.282060e-01	8.169400e-02	7.128500e-02	7.895000e-03	5.299000e-03	2.962000e-03	2.950000e-03	1.731000e-03	1.394000e-03	5.491000e-03	6.837246e+01	0.000000e+00	0.000000e+00	0.000000e+00
