-8.900000e+00	1.320000e-04	1.310000e-04	1.350000e-04	1.320000e-04	1.310000e-04	2.030000e-04	4.920000e-04	6.300000e-04	8.040000e-04	1.000000e-06	2.480000e-04	2.470000e-04	2.470000e-04	2.490000e-04
-8.850000e+00	1.400000e-04	1.400000e-04	1.420000e-04	1.410000e-04	1.390000e-04	2.200000e-04	5.490000e-04	6.830000e-04	8.840000e-04	2.000000e-06	2.650000e-04	2.710000e-04	2.710000e-04	2.750000e-04
-8.800000e+00	1.480000e-04	1.500000e-04	1.510000e-04	1.510000e-04	1.490000e-04	2.380000e-04	6.000000e-04	7.500000e-04	9.620000e-04	1.000000e-06	2.820000e-04	3.020000e-04	3.020000e-04	3.000000e-04
-8.750000e+00	1.590000e-04	1.610000e-04	1.620000e-04	1.610000e-04	1.600000e-04	2.580000e-04	6.710000e-04	8.200000e-04	1.047000e-03	2.000000e-06	3.020000e-04	3.270000e-04	3.270000e-04	3.280000e-04
-8.700000e+00	1.710000e-04	1.730000e-04	1.740000e-04	1.730000e-04	1.720000e-04	2.810000e-04	7.520000e-04	8.960000e-04	1.144000e-03	3.000000e-06	3.230000e-04	3.520000e-04	3.520000e-04	3.600000e-04
-8.650000e+00	1.850000e-04	1.860000e-04	1.870000e-04	1.870000e-04	1.850000e-04	3.050000e-04	8.290000e-04	9.810000e-04	1.248000e-03	4.000000e-06	3.470000e-04	3.790000e-04	3.790000e-04	3.940000e-04
-8.600000e+00	1.970000e-04	1.990000e-04	2.010000e-04	2.030000e-04	2.010000e-04	3.310000e-04	9.030000e-04	1.074000e-03	1.350000e-03	5.000000e-06	3.740000e-04	4.080000e-04	4.080000e-04	4.260000e-04
-8.550000e+00	2.090000e-04	2.100000e-04	2.150000e-04	2.180000e-04	2.170000e-04	3.580000e-04	1.012000e-03	1.159000e-03	1.448000e-03	7.000000e-06	4.010000e-04	4.360000e-04	4.360000e-04	4.570000e-04
-8.500000e+00	2.260000e-04	2.270000e-04	2.300000e-04	2.370000e-04	2.350000e-04	3.900000e-04	1.129000e-03	1.250000e-03	1.555000e-03	1.100000e-05	4.310000e-04	4.680000e-04	4.680000e-04	4.930000e-04
-8.450000e+00	2.410000e-04	2.430000e-04	2.510000e-04	2.580000e-04	2.530000e-04	4.250000e-04	1.247000e-03	1.356000e-03	1.693000e-03	1.400000e-05	4.650000e-04	5.040000e-04	5.040000e-04	5.370000e-04
-8.400000e+00	2.590000e-04	2.610000e-04	2.730000e-04	2.780000e-04	2.730000e-04	4.630000e-04	1.383000e-03	1.482000e-03	1.835000e-03	1.600000e-05	4.990000e-04	5.410000e-04	5.410000e-04	5.880000e-04
-8.350000e+00	2.760000e-04	2.780000e-04	2.940000e-04	3.000000e-04	2.940000e-04	5.010000e-04	1.532000e-03	1.618000e-03	1.973000e-03	2.000000e-05	5.320000e-04	5.750000e-04	5.760000e-04	6.390000e-04
-8.300000e+00	2.920000e-04	2.930000e-04	3.130000e-04	3.250000e-04	3.180000e-04	5.420000e-04	1.682000e-03	1.749000e-03	2.110000e-03	2.800000e-05	5.650000e-04	6.070000e-04	6.070000e-04	6.840000e-04
-8.250000e+00	3.080000e-04	3.100000e-04	3.360000e-04	3.450000e-04	3.450000e-04	5.910000e-04	1.866000e-03	1.884000e-03	2.256000e-03	4.000000e-05	6.010000e-04	6.410000e-04	6.420000e-04	7.290000e-04
-8.200000e+00	3.220000e-04	3.260000e-04	3.620000e-04	3.710000e-04	3.730000e-04	6.390000e-04	2.066000e-03	2.031000e-03	2.410000e-03	5.700000e-05	6.380000e-04	6.760000e-04	6.760000e-04	7.740000e-04
-8.150000e+00	3.390000e-04	3.420000e-04	3.910000e-04	4.000000e-04	4.020000e-04	6.950000e-04	2.261000e-03	2.180000e-03	2.567000e-03	6.800000e-05	6.760000e-04	7.120000e-04	7.120000e-04	8.240000e-04
-8.100000e+00	3.590000e-04	3.580000e-04	4.230000e-04	4.290000e-04	4.360000e-04	7.540000e-04	2.456000e-03	2.323000e-03	2.724000e-03	8.800000e-05	7.150000e-04	7.490000e-04	7.490000e-04	8.820000e-04
-8.050000e+00	3.800000e-04	3.750000e-04	4.590000e-04	4.660000e-04	4.800000e-04	8.210000e-04	2.687000e-03	2.483000e-03	2.890000e-03	1.200000e-04	7.560000e-04	7.860000e-04	7.860000e-04	9.530000e-04
-8.000000e+00	4.020000e-04	3.950000e-04	5.030000e-04	5.230000e-04	5.370000e-04	9.000000e-04	2.984000e-03	2.686000e-03	3.079000e-03	1.600000e-04	8.000000e-04	8.260000e-04	8.250000e-04	1.034000e-03
-7.950000e+00	4.290000e-04	4.180000e-04	5.590000e-04	5.910000e-04	6.030000e-04	9.890000e-04	3.316000e-03	2.899000e-03	3.279000e-03	2.070000e-04	8.450000e-04	8.670000e-04	8.660000e-04	1.101000e-03
-7.900000e+00	4.640000e-04	4.520000e-04	6.340000e-04	6.720000e-04	6.840000e-04	1.096000e-03	3.645000e-03	3.131000e-03	3.513000e-03	2.540000e-04	8.920000e-04	9.090000e-04	9.080000e-04	1.205000e-03
-7.850000e+00	5.180000e-04	5.130000e-04	7.560000e-04	7.630000e-04	7.740000e-04	1.220000e-03	4.048000e-03	3.389000e-03	3.768000e-03	3.130000e-04	9.410000e-04	9.570000e-04	9.560000e-04	1.331000e-03
-7.800000e+00	6.240000e-04	6.320000e-04	9.910000e-04	8.880000e-04	8.810000e-04	1.365000e-03	4.478000e-03	3.674000e-03	4.043000e-03	4.010000e-04	9.980000e-04	1.018000e-03	1.018000e-03	1.507000e-03
-7.750000e+00	8.530000e-04	8.920000e-04	1.473000e-03	1.044000e-03	1.022000e-03	1.545000e-03	4.943000e-03	4.001000e-03	4.339000e-03	5.240000e-04	1.064000e-03	1.105000e-03	1.107000e-03	1.753000e-03
-7.700000e+00	1.377000e-03	1.484000e-03	2.459000e-03	1.219000e-03	1.208000e-03	1.773000e-03	5.473000e-03	4.386000e-03	4.662000e-03	6.790000e-04	1.131000e-03	1.237000e-03	1.243000e-03	2.086000e-03
-7.650000e+00	2.581000e-03	2.819000e-03	4.247000e-03	1.445000e-03	1.432000e-03	2.062000e-03	6.074000e-03	4.815000e-03	5.025000e-03	8.880000e-04	1.196000e-03	1.454000e-03	1.465000e-03	2.528000e-03
-7.600000e+00	4.467000e-03	4.658000e-03	7.104000e-03	1.752000e-03	1.732000e-03	2.409000e-03	6.755000e-03	5.319000e-03	5.447000e-03	1.185000e-03	1.270000e-03	1.784000e-03	1.796000e-03	3.076000e-03
-7.550000e+00	6.688000e-03	6.813000e-03	1.060700e-02	2.149000e-03	2.111000e-03	2.809000e-03	7.479000e-03	5.874000e-03	5.913000e-03	1.540000e-03	1.349000e-03	2.131000e-03	2.144000e-03	3.686000e-03
-7.500000e+00	9.083000e-03	9.164000e-03	1.435000e-02	2.613000e-03	2.587000e-03	3.291000e-03	8.277000e-03	6.490000e-03	6.436000e-03	1.956000e-03	1.433000e-03	2.511000e-03	2.528000e-03	4.347000e-03
-7.450000e+00	1.153600e-02	1.165900e-02	1.813300e-02	3.191000e-03	3.181000e-03	3.909000e-03	9.207000e-03	7.188000e-03	7.018000e-03	2.482000e-03	1.527000e-03	2.918000e-03	2.941000e-03	5.092000e-03
-7.400000e+00	1.396600e-02	1.423300e-02	2.203300e-02	3.963000e-03	3.923000e-03	4.724000e-03	1.033700e-02	7.992000e-03	7.666000e-03	3.199000e-03	1.632000e-03	3.343000e-03	3.368000e-03	5.936000e-03
-7.350000e+00	1.636600e-02	1.665900e-02	2.600800e-02	4.898000e-03	4.869000e-03	5.752000e-03	1.169400e-02	8.910000e-03	8.409000e-03	4.132000e-03	1.743000e-03	3.800000e-03	3.817000e-03	6.730000e-03
-7.300000e+00	1.882000e-02	1.895200e-02	2.988600e-02	6.086000e-03	6.091000e-03	7.068000e-03	1.323500e-02	9.952000e-03	9.276000e-03	5.322000e-03	1.858000e-03	4.236000e-03	4.247000e-03	7.494000e-03
-7.250000e+00	2.125100e-02	2.135700e-02	3.396000e-02	7.608000e-03	7.615000e-03	8.642000e-03	1.508600e-02	1.112100e-02	1.025700e-02	6.784000e-03	1.988000e-03	4.686000e-03	4.695000e-03	8.254000e-03
-7.200000e+00	2.366600e-02	2.373300e-02	3.845500e-02	9.581000e-03	9.546000e-03	1.058800e-02	1.729600e-02	1.245200e-02	1.136300e-02	8.629000e-03	2.121000e-03	5.145000e-03	5.153000e-03	8.879000e-03
-7.150000e+00	2.604300e-02	2.608800e-02	4.340100e-02	1.207900e-02	1.200800e-02	1.305800e-02	1.999700e-02	1.396600e-02	1.262800e-02	1.101300e-02	2.243000e-03	5.619000e-03	5.629000e-03	9.471000e-03
-7.100000e+00	2.837800e-02	2.849600e-02	4.839700e-02	1.515400e-02	1.512300e-02	1.620900e-02	2.335800e-02	1.568500e-02	1.410900e-02	1.410700e-02	2.356000e-03	6.120000e-03	6.136000e-03	1.015500e-02
-7.050000e+00	3.076700e-02	3.093700e-02	5.231200e-02	1.899400e-02	1.897200e-02	2.007400e-02	2.745400e-02	1.764700e-02	1.588200e-02	1.801000e-02	2.509000e-03	6.659000e-03	6.680000e-03	1.076300e-02
-7.000000e+00	3.314600e-02	3.329100e-02	5.504200e-02	2.392500e-02	2.383700e-02	2.493900e-02	3.274700e-02	1.995100e-02	1.800100e-02	2.289000e-02	2.679000e-03	7.221000e-03	7.251000e-03	1.134300e-02
-6.950000e+00	3.561300e-02	3.566400e-02	5.761200e-02	3.011400e-02	2.984500e-02	3.111700e-02	3.914000e-02	2.277300e-02	2.061900e-02	2.887000e-02	2.873000e-03	7.838000e-03	7.868000e-03	1.196400e-02
-6.900000e+00	3.811100e-02	3.811600e-02	6.015300e-02	3.780400e-02	3.737900e-02	3.885500e-02	4.720000e-02	2.616300e-02	2.377400e-02	3.645000e-02	3.096000e-03	8.510000e-03	8.540000e-03	1.263400e-02
-6.850000e+00	4.059400e-02	4.058900e-02	6.270600e-02	4.733500e-02	4.691500e-02	4.850100e-02	5.722100e-02	3.024200e-02	2.758100e-02	4.591800e-02	3.355000e-03	9.246000e-03	9.274000e-03	1.336100e-02
-6.800000e+00	4.308100e-02	4.302100e-02	6.525200e-02	5.920700e-02	5.894100e-02	6.046900e-02	6.941800e-02	3.519800e-02	3.222600e-02	5.751800e-02	3.655000e-03	1.005700e-02	1.007900e-02	1.415600e-02
-6.750000e+00	4.572600e-02	4.552800e-02	6.775600e-02	7.415800e-02	7.376700e-02	7.511300e-02	8.460500e-02	4.125500e-02	3.793700e-02	7.220000e-02	4.005000e-03	1.094300e-02	1.097500e-02	1.503000e-02
-6.700000e+00	4.827000e-02	4.824000e-02	7.011700e-02	9.247400e-02	9.195400e-02	9.349900e-02	1.035020e-01	4.863600e-02	4.488400e-02	9.015800e-02	4.420000e-03	1.191700e-02	1.195800e-02	1.600900e-02
-6.650000e+00	5.091800e-02	5.110100e-02	7.249800e-02	1.149520e-01	1.145360e-01	1.163380e-01	1.268190e-01	5.768500e-02	5.328900e-02	1.123220e-01	4.906000e-03	1.302900e-02	1.308000e-02	1.710400e-02
-6.600000e+00	5.357900e-02	5.385700e-02	7.488400e-02	1.427120e-01	1.425080e-01	1.444390e-01	1.552570e-01	6.874500e-02	6.355100e-02	1.396180e-01	5.483000e-03	1.428900e-02	1.434800e-02	1.834400e-02
-6.550000e+00	5.629400e-02	5.651800e-02	7.745400e-02	1.768650e-01	1.769300e-01	1.789690e-01	1.900760e-01	8.221500e-02	7.606900e-02	1.733060e-01	6.160000e-03	1.570500e-02	1.578300e-02	1.974600e-02
-6.500000e+00	5.913600e-02	5.922700e-02	8.038000e-02	2.185940e-01	2.189740e-01	2.212610e-01	2.329690e-01	9.858400e-02	9.126600e-02	2.149030e-01	6.942000e-03	1.730200e-02	1.741000e-02	2.133500e-02
-6.450000e+00	6.207300e-02	6.206900e-02	8.357300e-02	2.695480e-01	2.701190e-01	2.721020e-01	2.853980e-01	1.185030e-01	1.096930e-01	2.658340e-01	7.861000e-03	1.915900e-02	1.922800e-02	2.318500e-02
-6.400000e+00	6.489600e-02	6.528100e-02	8.666800e-02	3.321320e-01	3.321270e-01	3.344290e-01	3.488800e-01	1.426640e-01	1.320720e-01	3.272500e-01	8.936000e-03	2.128800e-02	2.138000e-02	2.532500e-02
-6.350000e+00	6.797200e-02	6.853900e-02	8.972600e-02	4.078860e-01	4.074770e-01	4.100850e-01	4.255060e-01	1.718910e-01	1.590680e-01	4.017630e-01	1.020000e-02	2.373800e-02	2.393300e-02	2.785300e-02
-6.300000e+00	7.136700e-02	7.190300e-02	9.278500e-02	4.993540e-01	4.985860e-01	5.015720e-01	5.182430e-01	2.072150e-01	1.915220e-01	4.919280e-01	1.167000e-02	2.665100e-02	2.684400e-02	3.071600e-02
-6.250000e+00	7.493800e-02	7.535000e-02	9.591800e-02	6.094250e-01	6.083590e-01	6.116980e-01	6.299740e-01	2.495720e-01	2.304610e-01	6.007410e-01	1.337900e-02	2.994300e-02	3.007700e-02	3.388600e-02
-6.200000e+00	7.853700e-02	7.886900e-02	9.920900e-02	7.414420e-01	7.402840e-01	7.437360e-01	7.636320e-01	3.000470e-01	2.770920e-01	7.317300e-01	1.534400e-02	3.353900e-02	3.369100e-02	3.744300e-02
-6.150000e+00	8.230500e-02	8.256800e-02	1.027330e-01	8.994860e-01	8.985010e-01	9.018070e-01	9.228760e-01	3.605370e-01	3.327520e-01	8.891020e-01	1.749400e-02	3.782700e-02	3.799700e-02	4.169800e-02
-6.100000e+00	8.647600e-02	8.675100e-02	1.068460e-01	1.086111e+00	1.084848e+00	1.088889e+00	1.111742e+00	4.322830e-01	3.987420e-01	1.073787e+00	2.012000e-02	4.277100e-02	4.297700e-02	4.663100e-02
-6.050000e+00	9.084200e-02	9.127000e-02	1.111650e-01	1.306927e+00	1.306027e+00	1.309902e+00	1.335064e+00	5.170820e-01	4.766450e-01	1.293106e+00	2.313900e-02	4.843100e-02	4.867200e-02	5.228300e-02
-6.000000e+00	9.551000e-02	9.624900e-02	1.157480e-01	1.566926e+00	1.567103e+00	1.570381e+00	1.598503e+00	6.169580e-01	5.683000e-01	1.552142e+00	2.661400e-02	5.490600e-02	5.518900e-02	5.874200e-02
-5.950000e+00	1.004650e-01	1.015630e-01	1.206380e-01	1.872630e+00	1.872977e+00	1.876326e+00	1.907605e+00	7.340570e-01	6.757330e-01	1.856107e+00	3.060400e-02	6.231300e-02	6.263800e-02	6.612500e-02
-5.900000e+00	1.058050e-01	1.071550e-01	1.259310e-01	2.230743e+00	2.229061e+00	2.234017e+00	2.267884e+00	8.706700e-01	8.011140e-01	2.210469e+00	3.517100e-02	7.078200e-02	7.113600e-02	7.456400e-02
-5.850000e+00	1.120720e-01	1.134670e-01	1.318550e-01	2.644657e+00	2.643048e+00	2.649739e+00	2.685434e+00	1.029301e+00	9.466960e-01	2.621405e+00	4.039100e-02	8.044600e-02	8.081400e-02	8.418500e-02
-5.800000e+00	1.188030e-01	1.200240e-01	1.382130e-01	3.120244e+00	3.118992e+00	3.125074e+00	3.165555e+00	1.211456e+00	1.113759e+00	3.093275e+00	4.630300e-02	9.137600e-02	9.176800e-02	9.509500e-02
-5.750000e+00	1.258380e-01	1.268470e-01	1.451300e-01	3.666822e+00	3.666165e+00	3.672260e+00	3.716233e+00	1.420692e+00	1.305566e+00	3.634610e+00	5.301100e-02	1.037290e-01	1.041660e-01	1.074390e-01
-5.700000e+00	1.333900e-01	1.344640e-01	1.526860e-01	4.291565e+00	4.290191e+00	4.297473e+00	4.346521e+00	1.659705e+00	1.524618e+00	4.253463e+00	6.059600e-02	1.176570e-01	1.181540e-01	1.213540e-01
-5.650000e+00	1.415510e-01	1.429880e-01	1.608580e-01	5.000519e+00	4.998181e+00	5.007855e+00	5.062499e+00	1.931243e+00	1.773469e+00	4.956456e+00	6.914800e-02	1.333240e-01	1.338870e-01	1.369970e-01
-5.600000e+00	1.504160e-01	1.523480e-01	1.696840e-01	5.800058e+00	5.798501e+00	5.811044e+00	5.869212e+00	2.238096e+00	2.054654e+00	5.749839e+00	7.876800e-02	1.509070e-01	1.515380e-01	1.545460e-01
-5.550000e+00	1.602540e-01	1.625980e-01	1.794740e-01	6.700330e+00	6.699611e+00	6.713835e+00	6.776098e+00	2.583105e+00	2.370590e+00	6.642438e+00	8.955800e-02	1.706010e-01	1.712980e-01	1.742000e-01
-5.500000e+00	1.711280e-01	1.736660e-01	1.901460e-01	7.698022e+00	7.698539e+00	7.711808e+00	7.782175e+00	2.965290e+00	2.720741e+00	7.634357e+00	1.015350e-01	1.924270e-01	1.931980e-01	1.960050e-01
-5.450000e+00	1.827310e-01	1.855280e-01	2.016490e-01	8.803813e+00	8.804288e+00	8.819911e+00	8.897760e+00	3.389240e+00	3.109169e+00	8.733005e+00	1.148340e-01	2.166210e-01	2.174860e-01	2.201670e-01
-5.400000e+00	1.952410e-01	1.982080e-01	2.140490e-01	1.002510e+01	1.002262e+01	1.004129e+01	1.012830e+01	3.856905e+00	3.537603e+00	9.943239e+00	1.295650e-01	2.433670e-01	2.443290e-01	2.468750e-01
-5.350000e+00	2.089250e-01	2.119860e-01	2.275120e-01	1.136483e+01	1.135919e+01	1.137933e+01	1.147885e+01	4.369724e+00	4.007435e+00	1.127005e+01	1.458370e-01	2.728430e-01	2.738980e-01	2.763080e-01
-5.300000e+00	2.239030e-01	2.271320e-01	2.421310e-01	1.282358e+01	1.281798e+01	1.283791e+01	1.295362e+01	4.928615e+00	4.519633e+00	1.271758e+01	1.637550e-01	3.052070e-01	3.063620e-01	3.086240e-01
-5.250000e+00	2.397940e-01	2.435280e-01	2.577000e-01	1.440480e+01	1.439872e+01	1.442134e+01	1.455511e+01	5.534063e+00	5.074644e+00	1.428731e+01	1.834170e-01	3.405890e-01	3.418720e-01	3.439670e-01
-5.200000e+00	2.569150e-01	2.612650e-01	2.750660e-01	1.608949e+01	1.608540e+01	1.610669e+01	1.625628e+01	6.178970e+00	5.665803e+00	1.595807e+01	2.048030e-01	3.789000e-01	3.803360e-01	3.822670e-01
-5.150000e+00	2.752090e-01	2.804540e-01	2.936170e-01	1.788869e+01	1.788453e+01	1.790619e+01	1.807224e+01	6.868079e+00	6.297652e+00	1.774355e+01	2.280800e-01	4.204500e-01	4.220590e-01	4.237820e-01
-5.100000e+00	2.949850e-01	3.010970e-01	3.132710e-01	1.979813e+01	1.979669e+01	1.982079e+01	2.000062e+01	7.600086e+00	6.969121e+00	1.963900e+01	2.533580e-01	4.653560e-01	4.671520e-01	4.686310e-01
-5.050000e+00	3.162580e-01	3.230720e-01	3.340440e-01	2.181633e+01	2.181646e+01	2.184296e+01	2.203851e+01	8.372860e+00	7.678335e+00	2.163938e+01	2.807190e-01	5.137030e-01	5.157010e-01	5.169070e-01
-5.000000e+00	3.389050e-01	3.463720e-01	3.561050e-01	2.393909e+01	2.393373e+01	2.396174e+01	2.417977e+01	9.183507e+00	8.422640e+00	2.373769e+01	3.102300e-01	5.655580e-01	5.677800e-01	5.686940e-01
-4.950000e+00	3.628910e-01	3.714540e-01	3.798540e-01	2.615006e+01	2.613708e+01	2.617209e+01	2.641074e+01	1.002853e+01	9.198708e+00	2.592218e+01	3.419770e-01	6.209910e-01	6.234590e-01	6.240750e-01
-4.900000e+00	3.880520e-01	3.983740e-01	4.050500e-01	2.840820e+01	2.838886e+01	2.842647e+01	2.869439e+01	1.089231e+01	9.992830e+00	2.815743e+01	3.757430e-01	6.794930e-01	6.822540e-01	6.825340e-01
-4.850000e+00	4.145750e-01	4.270400e-01	4.315170e-01	3.072277e+01	3.070415e+01	3.074521e+01	3.104077e+01	1.178026e+01	1.081016e+01	3.044776e+01	4.117820e-01	7.414890e-01	7.445760e-01	7.444680e-01
-4.800000e+00	4.423180e-01	4.576880e-01	4.592660e-01	3.308172e+01	3.307000e+01	3.311256e+01	3.344068e+01	1.268712e+01	1.164583e+01	3.278541e+01	4.501300e-01	8.069260e-01	8.103620e-01	8.098390e-01
-4.750000e+00	4.714530e-01	4.903750e-01	4.882360e-01	3.547328e+01	3.546732e+01	3.551156e+01	3.587708e+01	1.360754e+01	1.249490e+01	3.515828e+01	4.908130e-01	8.757320e-01	8.795050e-01	8.785730e-01
-4.700000e+00	5.021410e-01	5.245800e-01	5.184150e-01	3.788418e+01	3.787609e+01	3.792660e+01	3.833125e+01	1.453585e+01	1.335232e+01	3.754980e+01	5.338340e-01	9.477920e-01	9.518170e-01	9.505470e-01
-4.650000e+00	5.340790e-01	5.586710e-01	5.499930e-01	4.029704e+01	4.028326e+01	4.034698e+01	4.079245e+01	1.546564e+01	1.421264e+01	3.993907e+01	5.791450e-01	1.022912e+00	1.027001e+00	1.025585e+00
-4.600000e+00	5.667480e-01	5.913010e-01	5.821030e-01	4.264839e+01	4.263601e+01	4.270683e+01	4.319894e+01	1.637551e+01	1.505694e+01	4.226631e+01	6.264520e-01	1.100284e+00	1.104323e+00	1.102875e+00
-4.550000e+00	6.001990e-01	6.245990e-01	6.154830e-01	4.496108e+01	4.494909e+01	4.503178e+01	4.557328e+01	1.727483e+01	1.589284e+01	4.455446e+01	6.760370e-01	1.180317e+00	1.184289e+00	1.182829e+00
-4.500000e+00	6.347560e-01	6.587040e-01	6.497560e-01	4.722424e+01	4.720906e+01	4.730434e+01	4.790295e+01	1.815806e+01	1.671613e+01	4.679440e+01	7.279150e-01	1.262842e+00	1.266725e+00	1.265260e+00
-4.450000e+00	6.703580e-01	6.934410e-01	6.847940e-01	4.942250e+01	4.940369e+01	4.950954e+01	5.017386e+01	1.902030e+01	1.752252e+01	4.897058e+01	7.820560e-01	1.347574e+00	1.351348e+00	1.349887e+00
-4.400000e+00	7.066550e-01	7.286870e-01	7.205830e-01	5.153953e+01	5.152118e+01	5.163432e+01	5.237156e+01	1.985731e+01	1.830787e+01	5.106295e+01	8.384040e-01	1.434171e+00	1.437823e+00	1.436381e+00
-4.350000e+00	7.431560e-01	7.648440e-01	7.570560e-01	5.356272e+01	5.354920e+01	5.366647e+01	5.448284e+01	2.066543e+01	1.906854e+01	5.304968e+01	8.969010e-01	1.522325e+00	1.525859e+00	1.524438e+00
-4.300000e+00	7.802250e-01	8.010640e-01	7.939400e-01	5.543919e+01	5.542265e+01	5.555337e+01	5.645474e+01	2.142632e+01	1.978855e+01	5.489448e+01	9.569740e-01	1.610632e+00	1.614046e+00	1.612639e+00
-4.250000e+00	8.176310e-01	8.374620e-01	8.306190e-01	5.720154e+01	5.717475e+01	5.733522e+01	5.832682e+01	2.215366e+01	2.048095e+01	5.662657e+01	1.019119e+00	1.699792e+00	1.703055e+00	1.701682e+00
-4.200000e+00	8.554940e-01	8.739440e-01	8.675160e-01	5.884107e+01	5.881181e+01	5.899327e+01	6.008841e+01	2.284829e+01	2.114463e+01	5.824348e+01	1.083219e+00	1.789427e+00	1.792526e+00	1.791197e+00
-4.150000e+00	8.933280e-01	9.103770e-01	9.044900e-01	6.035402e+01	6.032968e+01	6.052187e+01	6.173132e+01	2.350565e+01	2.177863e+01	5.973436e+01	1.149198e+00	1.879140e+00	1.882072e+00	1.880793e+00
-4.100000e+00	9.306300e-01	9.466450e-01	9.412180e-01	6.173721e+01	6.171602e+01	6.192312e+01	6.324982e+01	2.412264e+01	2.238223e+01	6.108939e+01	1.217001e+00	1.968514e+00	1.971285e+00	1.970060e+00
-4.050000e+00	9.676350e-01	9.827230e-01	9.776650e-01	6.298290e+01	6.295340e+01	6.320011e+01	6.464061e+01	2.470565e+01	2.295519e+01	6.231083e+01	1.286578e+00	2.057103e+00	2.059735e+00	2.058554e+00
-4.000000e+00	1.003857e+00	1.018224e+00	1.013069e+00	6.404133e+01	6.401315e+01	6.429572e+01	6.586876e+01	2.523867e+01	2.348742e+01	6.335414e+01	1.357204e+00	2.143256e+00	2.145734e+00	2.144602e+00
-3.950000e+00	1.039567e+00	1.052982e+00	1.047983e+00	6.495945e+01	6.493884e+01	6.525441e+01	6.696476e+01	2.573666e+01	2.399067e+01	6.425204e+01	1.429456e+00	2.227746e+00	2.230061e+00	2.229008e+00
-3.900000e+00	1.074246e+00	1.086907e+00	1.082182e+00	6.574065e+01	6.572134e+01	6.607532e+01	6.792890e+01	2.619947e+01	2.446571e+01	6.500565e+01	1.503147e+00	2.310046e+00	2.312196e+00	2.311234e+00
-3.850000e+00	1.107925e+00	1.119810e+00	1.115445e+00	6.638084e+01	6.635786e+01	6.675205e+01	6.875961e+01	2.662753e+01	2.491310e+01	6.561664e+01	1.578197e+00	2.389702e+00	2.391675e+00	2.390819e+00
-3.800000e+00	1.140687e+00	1.151434e+00	1.147493e+00	6.687634e+01	6.684793e+01	6.728141e+01	6.945644e+01	2.702168e+01	2.533384e+01	6.608675e+01	1.654349e+00	2.466299e+00	2.468084e+00	2.467349e+00
-3.750000e+00	1.172079e+00	1.181495e+00	1.177910e+00	6.723226e+01	6.718911e+01	6.767270e+01	7.002327e+01	2.738282e+01	2.573012e+01	6.641726e+01	1.730799e+00	2.539428e+00	2.541031e+00	2.540433e+00
-3.700000e+00	1.201361e+00	1.209418e+00	1.205885e+00	6.740156e+01	6.735576e+01	6.788807e+01	7.041038e+01	2.770258e+01	2.609213e+01	6.657259e+01	1.808483e+00	2.606988e+00	2.608414e+00	2.607954e+00
-3.650000e+00	1.229090e+00	1.235653e+00	1.232220e+00	6.742267e+01	6.738614e+01	6.796756e+01	7.066418e+01	2.799134e+01	2.643117e+01	6.658559e+01	1.886972e+00	2.670157e+00	2.671402e+00	2.671111e+00
-3.600000e+00	1.254637e+00	1.260045e+00	1.256816e+00	6.730537e+01	6.727359e+01	6.791416e+01	7.078098e+01	2.825128e+01	2.674881e+01	6.645630e+01	1.965982e+00	2.728443e+00	2.729513e+00	2.729432e+00
-3.550000e+00	1.278006e+00	1.282547e+00	1.279516e+00	6.705496e+01	6.701850e+01	6.772930e+01	7.076435e+01	2.848157e+01	2.704627e+01	6.618712e+01	2.045299e+00	2.781462e+00	2.782355e+00	2.782527e+00
-3.500000e+00	1.299348e+00	1.302970e+00	1.300171e+00	6.667329e+01	6.662636e+01	6.741609e+01	7.062022e+01	2.868383e+01	2.732418e+01	6.578221e+01	2.124720e+00	2.828831e+00	2.829543e+00	2.830004e+00
-3.450000e+00	1.318425e+00	1.320705e+00	1.318731e+00	6.615982e+01	6.610562e+01	6.698254e+01	7.035175e+01	2.886795e+01	2.758227e+01	6.524684e+01	2.203956e+00	2.870066e+00	2.870601e+00	2.871379e+00
-3.400000e+00	1.334138e+00	1.335252e+00	1.334022e+00	6.548324e+01	6.542956e+01	6.639396e+01	6.992580e+01	2.900901e+01	2.781373e+01	6.456597e+01	2.281692e+00	2.902958e+00	2.903350e+00	2.904499e+00
-3.350000e+00	1.346561e+00	1.347121e+00	1.346835e+00	6.469243e+01	6.463924e+01	6.569869e+01	6.937861e+01	2.913370e+01	2.802746e+01	6.376571e+01	2.358372e+00	2.929077e+00	2.929345e+00	2.930942e+00
-3.300000e+00	1.355806e+00	1.356148e+00	1.357165e+00	6.378701e+01	6.373884e+01	6.489404e+01	6.871244e+01	2.923330e+01	2.822237e+01	6.285410e+01	2.433736e+00	2.948136e+00	2.948286e+00	2.950406e+00
-3.250000e+00	1.362165e+00	1.362333e+00	1.365028e+00	6.277376e+01	6.273097e+01	6.398425e+01	6.793211e+01	2.930670e+01	2.839637e+01	6.183710e+01	2.507306e+00	2.959876e+00	2.959910e+00	2.962633e+00
-3.200000e+00	1.365723e+00	1.365640e+00	1.370428e+00	6.166114e+01	6.161870e+01	6.297912e+01	6.704447e+01	2.935498e+01	2.854897e+01	6.071946e+01	2.578408e+00	2.964084e+00	2.964005e+00	2.967420e+00
-3.150000e+00	1.365965e+00	1.365798e+00	1.373332e+00	6.045425e+01	6.040739e+01	6.189255e+01	6.605787e+01	2.937581e+01	2.868382e+01	5.950560e+01	2.646197e+00	2.960599e+00	2.960424e+00	2.964623e+00
-3.100000e+00	1.362535e+00	1.362181e+00	1.372516e+00	5.913193e+01	5.907890e+01	6.070078e+01	6.493936e+01	2.935495e+01	2.877931e+01	5.817916e+01	2.709268e+00	2.947429e+00	2.947186e+00	2.952278e+00
-3.050000e+00	1.355706e+00	1.355071e+00	1.369640e+00	5.772217e+01	5.766878e+01	5.943019e+01	6.372695e+01	2.931239e+01	2.885281e+01	5.677385e+01	2.768062e+00	2.926402e+00	2.926103e+00	2.932198e+00
-3.000000e+00	1.345801e+00	1.345337e+00	1.363972e+00	5.624300e+01	5.619092e+01	5.809705e+01	6.242898e+01	2.924198e+01	2.889759e+01	5.529785e+01	2.822043e+00	2.897686e+00	2.897344e+00	2.904530e+00
-2.950000e+00	1.332929e+00	1.332756e+00	1.355766e+00	5.470243e+01	5.465017e+01	5.670937e+01	6.104896e+01	2.914371e+01	2.890854e+01	5.375734e+01	2.870493e+00	2.861361e+00	2.860972e+00	2.869369e+00
-2.900000e+00	1.317201e+00	1.316910e+00	1.345402e+00	5.310447e+01	5.305011e+01	5.527132e+01	5.959242e+01	2.901149e+01	2.888474e+01	5.215960e+01	2.912671e+00	2.817537e+00	2.817084e+00	2.826843e+00
-2.850000e+00	1.298939e+00	1.298048e+00	1.332525e+00	5.145439e+01	5.139977e+01	5.378715e+01	5.807294e+01	2.882133e+01	2.883186e+01	5.051568e+01	2.947984e+00	2.766462e+00	2.765958e+00	2.777198e+00
-2.800000e+00	1.276904e+00	1.276051e+00	1.316945e+00	4.973459e+01	4.968471e+01	5.225096e+01	5.646305e+01	2.859219e+01	2.870920e+01	4.881336e+01	2.973545e+00	2.706131e+00	2.705603e+00	2.718525e+00
-2.750000e+00	1.251982e+00	1.251250e+00	1.299513e+00	4.798223e+01	4.793067e+01	5.069112e+01	5.480275e+01	2.841776e+01	2.853928e+01	4.707137e+01	2.990967e+00	2.639179e+00	2.638627e+00	2.653393e+00
-2.700000e+00	1.224607e+00	1.223900e+00	1.280583e+00	4.620748e+01	4.615174e+01	4.911481e+01	5.309078e+01	2.807124e+01	2.831738e+01	4.530627e+01	2.999644e+00	2.565989e+00	2.565391e+00	2.582195e+00
-2.650000e+00	1.195119e+00	1.194241e+00	1.260433e+00	4.441454e+01	4.435530e+01	4.752851e+01	5.133225e+01	2.762748e+01	2.804109e+01	4.352327e+01	2.999188e+00	2.487032e+00	2.486374e+00	2.505424e+00
-2.600000e+00	1.163643e+00	1.162530e+00	1.239378e+00	4.260838e+01	4.254707e+01	4.593601e+01	4.953556e+01	2.720544e+01	2.770788e+01	4.172799e+01	2.989330e+00	2.402823e+00	2.402108e+00	2.423624e+00
-2.550000e+00	1.129974e+00	1.129065e+00	1.217882e+00	4.080008e+01	4.073510e+01	4.433679e+01	4.770988e+01	2.673043e+01	2.731275e+01	3.993575e+01	2.969810e+00	2.313889e+00	2.313127e+00	2.337349e+00
-2.500000e+00	1.094228e+00	1.092625e+00	1.196911e+00	3.896926e+01	3.890562e+01	4.272012e+01	4.582014e+01	2.618291e+01	2.683728e+01	3.812506e+01	2.937899e+00	2.219101e+00	2.218281e+00	2.245612e+00
-2.450000e+00	1.056767e+00	1.055130e+00	1.175536e+00	3.714877e+01	3.708893e+01	4.112181e+01	4.390732e+01	2.557844e+01	2.629696e+01	3.632274e+01	2.896063e+00	2.120983e+00	2.120123e+00	2.150928e+00
-2.400000e+00	1.018182e+00	1.016546e+00	1.154857e+00	3.534310e+01	3.528295e+01	3.953232e+01	4.197454e+01	2.491750e+01	2.568877e+01	3.453610e+01	2.844570e+00	2.020232e+00	2.019328e+00	2.053792e+00
-2.350000e+00	9.787600e-01	9.770980e-01	1.135574e+00	3.356027e+01	3.349808e+01	3.795067e+01	4.001800e+01	2.420187e+01	2.501603e+01	3.277337e+01	2.783938e+00	1.917590e+00	1.916635e+00	1.955033e+00
-2.300000e+00	9.388190e-01	9.371510e-01	1.118092e+00	3.180620e+01	3.174368e+01	3.637858e+01	3.803768e+01	2.343388e+01	2.428239e+01	3.104180e+01	2.714705e+00	1.813789e+00	1.812775e+00	1.855485e+00
-2.250000e+00	8.989850e-01	8.971160e-01	1.102630e+00	3.008071e+01	3.001806e+01	3.481569e+01	3.604520e+01	2.261581e+01	2.348659e+01	2.934622e+01	2.637235e+00	1.709497e+00	1.708409e+00	1.755743e+00
-2.200000e+00	8.581310e-01	8.562280e-01	1.091129e+00	2.837284e+01	2.831376e+01	3.323792e+01	3.400897e+01	2.173211e+01	2.261363e+01	2.767249e+01	2.549867e+00	1.603874e+00	1.602729e+00	1.655361e+00
-2.150000e+00	8.178870e-01	8.153820e-01	1.082760e+00	2.670706e+01	2.664591e+01	3.164697e+01	3.196257e+01	2.081190e+01	2.168815e+01	2.603926e+01	2.455657e+00	1.499202e+00	1.497993e+00	1.556290e+00
-2.100000e+00	7.779980e-01	7.753790e-01	1.077450e+00	2.508422e+01	2.502248e+01	3.003927e+01	2.992013e+01	1.985652e+01	2.071744e+01	2.445135e+01	2.355675e+00	1.396112e+00	1.394853e+00	1.459174e+00
-2.050000e+00	7.388130e-01	7.364150e-01	1.076070e+00	2.350651e+01	2.344532e+01	2.840800e+01	2.789375e+01	1.887452e+01	1.970955e+01	2.291328e+01	2.251044e+00	1.295200e+00	1.293875e+00	1.364573e+00
-2.000000e+00	7.007860e-01	6.983890e-01	1.079383e+00	2.197792e+01	2.191623e+01	2.674439e+01	2.589892e+01	1.787412e+01	1.867316e+01	2.142813e+01	2.142676e+00	1.197010e+00	1.195595e+00	1.272984e+00
-1.950000e+00	6.640960e-01	6.611840e-01	1.086984e+00	2.050445e+01	2.044111e+01	2.503911e+01	2.395762e+01	1.685755e+01	1.761737e+01	1.999681e+01	2.031087e+00	1.102022e+00	1.100543e+00	1.184851e+00
-1.900000e+00	6.285990e-01	6.249810e-01	1.100105e+00	1.907382e+01	1.900647e+01	2.325986e+01	2.206179e+01	1.582225e+01	1.653475e+01	1.861168e+01	1.915650e+00	1.009669e+00	1.008102e+00	1.100144e+00
-1.850000e+00	5.942330e-01	5.901990e-01	1.118213e+00	1.769837e+01	1.763133e+01	2.151439e+01	2.023725e+01	1.479385e+01	1.545562e+01	1.728590e+01	1.800012e+00	9.214220e-01	9.197710e-01	1.019817e+00
-1.800000e+00	5.614960e-01	5.570030e-01	1.140938e+00	1.638516e+01	1.632009e+01	1.985753e+01	1.848002e+01	1.377747e+01	1.438892e+01	1.601900e+01	1.684427e+00	8.375120e-01	8.357570e-01	9.438010e-01
-1.750000e+00	5.305340e-01	5.253030e-01	1.168240e+00	1.513381e+01	1.507163e+01	1.829079e+01	1.678973e+01	1.277794e+01	1.333960e+01	1.481172e+01	1.569767e+00	7.581140e-01	7.562460e-01	8.724290e-01
-1.700000e+00	5.012560e-01	4.952160e-01	1.200228e+00	1.394226e+01	1.388453e+01	1.679327e+01	1.516976e+01	1.180014e+01	1.231160e+01	1.366477e+01	1.456877e+00	6.833720e-01	6.813980e-01	8.059490e-01
-1.650000e+00	4.734390e-01	4.674190e-01	1.236929e+00	1.281037e+01	1.276021e+01	1.534333e+01	1.362680e+01	1.084917e+01	1.130991e+01	1.257803e+01	1.346154e+00	6.133990e-01	6.113380e-01	7.442210e-01
-1.600000e+00	4.480650e-01	4.410420e-01	1.278558e+00	1.172955e+01	1.168377e+01	1.391619e+01	1.214304e+01	9.915399e+00	1.032589e+01	1.153923e+01	1.237304e+00	5.476140e-01	5.454400e-01	6.872510e-01
-1.550000e+00	4.242310e-01	4.165030e-01	1.322798e+00	1.070954e+01	1.066805e+01	1.254125e+01	1.074596e+01	9.019888e+00	9.378422e+00	1.055987e+01	1.131558e+00	4.867960e-01	4.845140e-01	6.350520e-01
-1.500000e+00	4.017060e-01	3.937170e-01	1.369181e+00	9.746053e+00	9.711686e+00	1.122437e+01	9.441261e+00	8.164456e+00	8.472571e+00	9.638165e+00	1.029807e+00	4.308310e-01	4.284550e-01	5.874110e-01
-1.450000e+00	3.810340e-01	3.725370e-01	1.417551e+00	8.839066e+00	8.814278e+00	9.972153e+00	8.232091e+00	7.351818e+00	7.611707e+00	8.772039e+00	9.328710e-01	3.796280e-01	3.771500e-01	5.441370e-01
-1.400000e+00	3.625680e-01	3.528590e-01	1.468051e+00	7.988530e+00	7.974594e+00	8.790581e+00	7.119543e+00	6.584668e+00	6.798271e+00	7.960368e+00	8.409470e-01	3.330670e-01	3.304690e-01	5.050110e-01
-1.350000e+00	3.457160e-01	3.346950e-01	1.521110e+00	7.191975e+00	7.189610e+00	7.684168e+00	6.103146e+00	5.865094e+00	6.034245e+00	7.203610e+00	7.533890e-01	2.909730e-01	2.882560e-01	4.697600e-01
-1.300000e+00	3.300770e-01	3.179390e-01	1.573090e+00	6.443214e+00	6.450685e+00	6.636992e+00	5.171470e+00	5.186663e+00	5.314323e+00	6.488370e+00	6.702170e-01	2.528480e-01	2.500190e-01	4.382710e-01
-1.250000e+00	3.158280e-01	3.027060e-01	1.622203e+00	5.743579e+00	5.765014e+00	5.674277e+00	4.338498e+00	4.559419e+00	4.648836e+00	5.821660e+00	5.927670e-01	2.188560e-01	2.159220e-01	4.098390e-01
-1.200000e+00	3.030810e-01	2.888200e-01	1.668385e+00	5.093284e+00	5.129580e+00	4.797203e+00	3.602746e+00	3.982223e+00	4.038177e+00	5.202315e+00	5.211910e-01	1.887830e-01	1.857430e-01	3.842270e-01
-1.150000e+00	2.916750e-01	2.763160e-01	1.710897e+00	4.492958e+00	4.542954e+00	4.006873e+00	2.960017e+00	3.455054e+00	3.481557e+00	4.628206e+00	4.551560e-01	1.623560e-01	1.592090e-01	3.610320e-01
-1.100000e+00	2.814270e-01	2.651480e-01	1.748076e+00	3.941476e+00	4.003517e+00	3.303260e+00	2.405174e+00	2.977630e+00	2.978014e+00	4.096805e+00	3.945340e-01	1.392650e-01	1.360190e-01	3.398080e-01
-1.050000e+00	2.723220e-01	2.549490e-01	1.777101e+00	3.435205e+00	3.508602e+00	2.684773e+00	1.932761e+00	2.548722e+00	2.526774e+00	3.605578e+00	3.396730e-01	1.191900e-01	1.158520e-01	3.201440e-01
-1.000000e+00	2.633280e-01	2.453910e-01	1.794334e+00	2.966998e+00	3.050755e+00	2.144090e+00	1.531484e+00	2.160627e+00	2.118648e+00	3.146981e+00	2.893130e-01	1.018770e-01	9.848600e-02	3.015550e-01
-9.500000e-01	2.555060e-01	2.364920e-01	1.800810e+00	2.541276e+00	2.633272e+00	1.685298e+00	1.198706e+00	1.817690e+00	1.759767e+00	2.727946e+00	2.445800e-01	8.717800e-02	8.370700e-02	2.836710e-01
-9.000000e-01	2.482910e-01	2.285220e-01	1.794465e+00	2.157531e+00	2.254859e+00	1.303321e+00	9.277490e-01	1.516534e+00	1.446343e+00	2.346598e+00	2.044810e-01	7.475100e-02	7.123100e-02	2.662490e-01
-8.500000e-01	2.414980e-01	2.212970e-01	1.773027e+00	1.813940e+00	1.913218e+00	9.915230e-01	7.099680e-01	1.254500e+00	1.175495e+00	2.000461e+00	1.691840e-01	6.429200e-02	6.074800e-02	2.488180e-01
-8.000000e-01	2.350470e-01	2.143980e-01	1.734845e+00	1.508368e+00	1.607044e+00	7.416880e-01	5.369520e-01	1.029110e+00	9.441820e-01	1.687607e+00	1.387140e-01	5.553800e-02	5.197600e-02	2.310050e-01
-7.500000e-01	2.287380e-01	2.073490e-01	1.679670e+00	1.238836e+00	1.336471e+00	5.447700e-01	4.012730e-01	8.377520e-01	7.488710e-01	1.407034e+00	1.125190e-01	4.827200e-02	4.468100e-02	2.127640e-01
-7.000000e-01	2.224490e-01	2.002450e-01	1.602732e+00	1.000462e+00	1.092406e+00	3.919910e-01	2.959000e-01	6.756530e-01	5.835590e-01	1.154334e+00	9.012000e-02	4.293600e-02	3.925600e-02	1.936280e-01
-6.500000e-01	2.159040e-01	1.933720e-01	1.508405e+00	7.946390e-01	8.800980e-01	2.779010e-01	2.169470e-01	5.413190e-01	4.503310e-01	9.318660e-01	7.232600e-02	3.809300e-02	3.441100e-02	1.741180e-01
-6.000000e-01	2.094610e-01	1.865840e-01	1.397283e+00	6.198960e-01	6.962050e-01	1.934290e-01	1.583220e-01	4.326490e-01	3.389230e-01	7.386990e-01	5.625900e-02	3.376100e-02	3.014400e-02	1.547370e-01
-5.500000e-01	2.030750e-01	1.797600e-01	1.271744e+00	4.739040e-01	5.395140e-01	1.323270e-01	1.153200e-01	3.457800e-01	2.493170e-01	5.739780e-01	4.276900e-02	3.016400e-02	2.662200e-02	1.348770e-01
-5.000000e-01	1.965250e-01	1.727990e-01	1.135039e+00	3.544320e-01	4.087260e-01	8.932000e-02	8.422700e-02	2.774040e-01	1.803960e-01	4.360320e-01	3.242900e-02	2.732300e-02	2.383500e-02	1.146980e-01
-4.500000e-01	1.896080e-01	1.656210e-01	9.906730e-01	2.593280e-01	3.017620e-01	5.977300e-02	6.209500e-02	2.253740e-01	1.280080e-01	3.224190e-01	2.458800e-02	2.487200e-02	2.146000e-02	9.581200e-02
-4.000000e-01	1.822450e-01	1.580980e-01	8.365320e-01	1.840010e-01	2.146930e-01	4.008000e-02	4.698100e-02	1.886590e-01	8.824400e-02	2.298010e-01	1.823300e-02	2.281400e-02	1.949600e-02	7.721400e-02
-3.500000e-01	1.746200e-01	1.507000e-01	6.848210e-01	1.271100e-01	1.470160e-01	2.703700e-02	3.643300e-02	1.643160e-01	5.950100e-02	1.574560e-01	1.326700e-02	2.097400e-02	1.777100e-02	6.037100e-02
-3.000000e-01	1.669890e-01	1.431820e-01	5.409560e-01	8.560700e-02	9.659300e-02	1.865400e-02	2.910800e-02	1.506530e-01	3.917000e-02	1.033750e-01	9.467000e-03	1.919900e-02	1.612600e-02	4.550900e-02
-2.500000e-01	1.593050e-01	1.354610e-01	4.133350e-01	5.661700e-02	6.107500e-02	1.328400e-02	2.390800e-02	1.463270e-01	2.530300e-02	6.524800e-02	6.769000e-03	1.752200e-02	1.458700e-02	3.321800e-02
-2.000000e-01	1.514500e-01	1.278820e-01	3.009060e-01	3.703100e-02	3.644700e-02	1.003400e-02	2.015600e-02	1.563280e-01	1.589400e-02	3.899800e-02	4.691000e-03	1.583300e-02	1.306200e-02	2.333400e-02
-1.500000e-01	1.440000e-01	1.206840e-01	2.111200e-01	2.433800e-02	2.104000e-02	7.922000e-03	1.707400e-02	1.862170e-01	9.739000e-03	2.252900e-02	4.379000e-03	1.391100e-02	1.134600e-02	1.569800e-02
-1.000000e-01	1.371710e-01	1.128880e-01	1.462720e-01	1.643900e-02	1.219700e-02	6.335000e-03	1.425700e-02	2.680080e-01	5.691000e-03	1.311200e-02	4.621300e-02	1.152300e-02	9.250000e-03	1.026100e-02
-5.000000e-02	1.299740e-01	1.045210e-01	1.058720e-01	1.145400e-02	7.381000e-03	4.863000e-03	1.141400e-02	5.213100e-01	2.875000e-03	8.019000e-03	2.493875e+00	7.741000e-03	6.130000e-03	5.819000e-03
0.000000e+00	1.250890e-01	9.913300e-02	8.931000e-02	9.088000e-03	5.411000e-03	3.888000e-03	9.639000e-03	5.179580e-01	1.170000e-03	6.020000e-03	6.250353e+01	2.087000e-03	1.647000e-03	1.462000e-03
