-8.900000e+00	0.000000e+00	0.000000e+00	0.000000e+00	0.000000e+00	0.000000e+00	0.000000e+00	0.000000e+00	0.000000e+00	0.000000e+00	0.000000e+00	0.000000e+00	0.000000e+00	0.000000e+00	0.000000e+00
-8.850000e+00	0.000000e+00	0.000000e+00	0.000000e+00	0.000000e+00	0.000000e+00	0.000000e+00	0.000000e+00	0.000000e+00	0.000000e+00	0.000000e+00	0.000000e+00	0.000000e+00	0.000000e+00	0.000000e+00
-8.800000e+00	0.000000e+00	0.000000e+00	0.000000e+00	0.000000e+00	0.000000e+00	0.000000e+00	0.000000e+00	0.000000e+00	0.000000e+00	0.000000e+00	0.000000e+00	0.000000e+00	0.000000e+00	0.000000e+00
-8.750000e+00	0.000000e+00	0.000000e+00	0.000000e+00	0.000000e+00	0.000000e+00	0.000000e+00	0.000000e+00	0.000000e+00	0.000000e+00	0.000000e+00	0.000000e+00	0.000000e+00	0.000000e+00	0.000000e+00
-8.700000e+00	0.000000e+00	0.000000e+00	0.000000e+00	0.000000e+00	0.000000e+00	0.000000e+00	0.000000e+00	0.000000e+00	0.000000e+00	0.000000e+00	0.000000e+00	0.000000e+00	0.000000e+00	0.000000e+00
-8.650000e+00	0.000000e+00	0.000000e+00	0.000000e+00	0.000000e+00	0.000000e+00	0.000000e+00	0.000000e+00	0.000000e+00	0.000000e+00	0.000000e+00	0.000000e+00	0.000000e+00	0.000000e+00	0.000000e+00
-8.600000e+00	0.000000e+00	0.000000e+00	0.000000e+00	0.000000e+00	0.000000e+00	0.000000e+00	0.000000e+00	0.000000e+00	0.000000e+00	0.000000e+00	0.000000e+00	0.000000e+00	0.000000e+00	0.000000e+00
-8.550000e+00	0.000000e+00	0.000000e+00	0.000000e+00	0.000000e+00	0.000000e+00	0.000000e+00	0.000000e+00	0.000000e+00	0.000000e+00	0.000000e+00	0.000000e+00	0.000000e+00	0.000000e+00	0.000000e+00
-8.500000e+00	0.000000e+00	0.000000e+00	0.000000e+00	0.000000e+00	0.000000e+00	0.000000e+00	0.000000e+00	1.000000e-06	0.000000e+00	0.000000e+00	0.000000e+00	0.000000e+00	0.000000e+00	0.000000e+00
-8.450000e+00	0.000000e+00	0.000000e+00	0.000000e+00	0.000000e+00	0.000000e+00	0.000000e+00	0.000000e+00	2.000000e-06	0.000000e+00	0.000000e+00	0.000000e+00	0.000000e+00	0.000000e+00	0.000000e+00
-8.400000e+00	0.000000e+00	0.000000e+00	0.000000e+00	0.000000e+00	0.000000e+00	0.000000e+00	0.000000e+00	2.000000e-06	0.000000e+00	0.000000e+00	0.000000e+00	0.000000e+00	0.000000e+00	0.000000e+00
-8.350000e+00	0.000000e+00	0.000000e+00	0.000000e+00	0.000000e+00	0.000000e+00	0.000000e+00	0.000000e+00	4.000000e-06	0.000000e+00	0.000000e+00	0.000000e+00	0.000000e+00	0.000000e+00	0.000000e+00
-8.300000e+00	0.000000e+00	0.000000e+00	0.000000e+00	0.000000e+00	0.000000e+00	0.000000e+00	0.000000e+00	7.000000e-06	0.000000e+00	0.000000e+00	0.000000e+00	0.000000e+00	0.000000e+00	0.000000e+00
-8.250000e+00	0.000000e+00	0.000000e+00	0.000000e+00	0.000000e+00	0.000000e+00	0.000000e+00	0.000000e+00	9.000000e-06	0.000000e+00	0.000000e+00	0.000000e+00	0.000000e+00	0.000000e+00	0.000000e+00
-8.200000e+00	0.000000e+00	0.000000e+00	0.000000e+00	0.000000e+00	0.000000e+00	0.000000e+00	0.000000e+00	1.800000e-05	0.000000e+00	0.000000e+00	0.000000e+00	0.000000e+00	0.000000e+00	0.000000e+00
-8.150000e+00	0.000000e+00	0.000000e+00	0.000000e+00	0.000000e+00	0.000000e+00	0.000000e+00	0.000000e+00	4.200000e-05	0.000000e+00	0.000000e+00	0.000000e+00	0.000000e+00	0.000000e+00	0.000000e+00
-8.100000e+00	0.000000e+00	0.000000e+00	0.000000e+00	0.000000e+00	0.000000e+00	0.000000e+00	0.000000e+00	8.900000e-05	1.000000e-06	0.000000e+00	0.000000e+00	0.000000e+00	0.000000e+00	0.000000e+00
-8.050000e+00	0.000000e+00	0.000000e+00	0.000000e+00	0.000000e+00	0.000000e+00	0.000000e+00	0.000000e+00	1.620000e-04	2.000000e-06	0.000000e+00	0.000000e+00	0.000000e+00	0.000000e+00	0.000000e+00
-8.000000e+00	0.000000e+00	0.000000e+00	0.000000e+00	0.000000e+00	0.000000e+00	0.000000e+00	0.000000e+00	2.630000e-04	3.000000e-06	0.000000e+00	0.000000e+00	0.000000e+00	0.000000e+00	0.000000e+00
-7.950000e+00	0.000000e+00	0.000000e+00	0.000000e+00	0.000000e+00	0.000000e+00	0.000000e+00	0.000000e+00	3.850000e-04	5.000000e-06	0.000000e+00	0.000000e+00	0.000000e+00	0.000000e+00	0.000000e+00
-7.900000e+00	0.000000e+00	0.000000e+00	0.000000e+00	0.000000e+00	0.000000e+00	0.000000e+00	0.000000e+00	5.200000e-04	7.000000e-06	0.000000e+00	0.000000e+00	0.000000e+00	0.000000e+00	0.000000e+00
-7.850000e+00	0.000000e+00	0.000000e+00	0.000000e+00	0.000000e+00	0.000000e+00	1.000000e-06	0.000000e+00	6.770000e-04	1.000000e-05	0.000000e+00	0.000000e+00	0.000000e+00	0.000000e+00	0.000000e+00
-7.800000e+00	0.000000e+00	0.000000e+00	1.000000e-06	0.000000e+00	0.000000e+00	2.000000e-06	0.000000e+00	8.450000e-04	1.500000e-05	0.000000e+00	0.000000e+00	0.000000e+00	0.000000e+00	0.000000e+00
-7.750000e+00	0.000000e+00	0.000000e+00	1.000000e-06	0.000000e+00	0.000000e+00	2.000000e-06	0.000000e+00	1.033000e-03	2.100000e-05	0.000000e+00	1.000000e-06	0.000000e+00	0.000000e+00	0.000000e+00
-7.700000e+00	0.000000e+00	0.000000e+00	2.000000e-06	0.000000e+00	0.000000e+00	3.000000e-06	0.000000e+00	1.262000e-03	2.800000e-05	0.000000e+00	2.000000e-06	0.000000e+00	0.000000e+00	0.000000e+00
-7.650000e+00	0.000000e+00	0.000000e+00	2.000000e-06	0.000000e+00	0.000000e+00	4.000000e-06	0.000000e+00	1.528000e-03	3.700000e-05	0.000000e+00	4.000000e-06	1.000000e-06	1.000000e-06	1.000000e-06
-7.600000e+00	1.000000e-06	0.000000e+00	2.000000e-06	0.000000e+00	0.000000e+00	5.000000e-06	0.000000e+00	1.788000e-03	5.100000e-05	0.000000e+00	4.000000e-06	2.000000e-06	2.000000e-06	2.000000e-06
-7.550000e+00	2.000000e-06	1.000000e-06	2.000000e-06	1.000000e-06	1.000000e-06	7.000000e-06	0.000000e+00	2.099000e-03	7.400000e-05	0.000000e+00	5.000000e-06	2.000000e-06	2.000000e-06	2.000000e-06
-7.500000e+00	3.000000e-06	1.000000e-06	3.000000e-06	1.000000e-06	1.000000e-06	8.000000e-06	0.000000e+00	2.456000e-03	1.000000e-04	0.000000e+00	6.000000e-06	3.000000e-06	3.000000e-06	3.000000e-06
-7.450000e+00	3.000000e-06	2.000000e-06	5.000000e-06	2.000000e-06	2.000000e-06	9.000000e-06	0.000000e+00	2.848000e-03	1.310000e-04	0.000000e+00	7.000000e-06	3.000000e-06	3.000000e-06	3.000000e-06
-7.400000e+00	3.000000e-06	2.000000e-06	8.000000e-06	2.000000e-06	2.000000e-06	9.000000e-06	0.000000e+00	3.268000e-03	1.700000e-04	0.000000e+00	6.000000e-06	3.000000e-06	3.000000e-06	3.000000e-06
-7.350000e+00	3.000000e-06	3.000000e-06	1.100000e-05	2.000000e-06	2.000000e-06	9.000000e-06	0.000000e+00	3.760000e-03	2.100000e-04	0.000000e+00	7.000000e-06	4.000000e-06	4.000000e-06	4.000000e-06
-7.300000e+00	3.000000e-06	3.000000e-06	1.800000e-05	2.000000e-06	2.000000e-06	1.000000e-05	0.000000e+00	4.254000e-03	2.670000e-04	0.000000e+00	7.000000e-06	4.000000e-06	4.000000e-06	4.000000e-06
-7.250000e+00	3.000000e-06	3.000000e-06	3.400000e-05	2.000000e-06	2.000000e-06	1.000000e-05	0.000000e+00	4.801000e-03	3.260000e-04	0.000000e+00	8.000000e-06	4.000000e-06	4.000000e-06	4.000000e-06
-7.200000e+00	3.000000e-06	4.000000e-06	7.400000e-05	2.000000e-06	2.000000e-06	1.000000e-05	0.000000e+00	5.380000e-03	4.060000e-04	0.000000e+00	9.000000e-06	4.000000e-06	4.000000e-06	4.000000e-06
-7.150000e+00	4.000000e-06	4.000000e-06	1.700000e-04	2.000000e-06	2.000000e-06	1.000000e-05	0.000000e+00	5.925000e-03	5.150000e-04	0.000000e+00	1.000000e-05	4.000000e-06	4.000000e-06	4.000000e-06
-7.100000e+00	4.000000e-06	4.000000e-06	4.020000e-04	2.000000e-06	2.000000e-06	1.000000e-05	0.000000e+00	6.354000e-03	6.390000e-04	0.000000e+00	1.200000e-05	5.000000e-06	5.000000e-06	5.000000e-06
-7.050000e+00	3.000000e-06	4.000000e-06	9.950000e-04	2.000000e-06	2.000000e-06	1.100000e-05	0.000000e+00	6.635000e-03	7.370000e-04	0.000000e+00	1.300000e-05	5.000000e-06	5.000000e-06	5.000000e-06
-7.000000e+00	3.000000e-06	4.000000e-06	2.527000e-03	2.000000e-06	2.000000e-06	1.100000e-05	0.000000e+00	6.743000e-03	8.910000e-04	0.000000e+00	1.300000e-05	5.000000e-06	5.000000e-06	5.000000e-06
-6.950000e+00	3.000000e-06	4.000000e-06	6.007000e-03	2.000000e-06	2.000000e-06	1.100000e-05	0.000000e+00	6.888000e-03	1.073000e-03	0.000000e+00	1.300000e-05	5.000000e-06	5.000000e-06	5.000000e-06
-6.900000e+00	3.000000e-06	6.000000e-06	1.091100e-02	2.000000e-06	3.000000e-06	1.100000e-05	0.000000e+00	7.012000e-03	1.252000e-03	0.000000e+00	1.300000e-05	5.000000e-06	5.000000e-06	5.000000e-06
-6.850000e+00	3.000000e-06	6.000000e-06	1.552900e-02	2.000000e-06	3.000000e-06	1.100000e-05	0.000000e+00	7.070000e-03	1.441000e-03	0.000000e+00	1.400000e-05	5.000000e-06	5.000000e-06	5.000000e-06
-6.800000e+00	3.000000e-06	6.000000e-06	1.942800e-02	3.000000e-06	3.000000e-06	1.100000e-05	0.000000e+00	7.063000e-03	1.667000e-03	0.000000e+00	1.500000e-05	5.000000e-06	5.000000e-06	5.000000e-06
-6.750000e+00	4.000000e-06	9.000000e-06	2.287100e-02	3.000000e-06	3.000000e-06	1.100000e-05	0.000000e+00	7.071000e-03	1.871000e-03	0.000000e+00	1.700000e-05	5.000000e-06	5.000000e-06	5.000000e-06
-6.700000e+00	5.000000e-06	1.000000e-05	2.592100e-02	3.000000e-06	4.000000e-06	1.100000e-05	0.000000e+00	7.196000e-03	2.087000e-03	0.000000e+00	1.800000e-05	5.000000e-06	5.000000e-06	5.000000e-06
-6.650000e+00	7.000000e-06	1.000000e-05	2.889000e-02	4.000000e-06	3.000000e-06	1.200000e-05	0.000000e+00	7.279000e-03	2.308000e-03	1.000000e-06	1.700000e-05	5.000000e-06	5.000000e-06	5.000000e-06
-6.600000e+00	6.000000e-06	1.100000e-05	3.173300e-02	4.000000e-06	3.000000e-06	1.200000e-05	0.000000e+00	7.309000e-03	2.481000e-03	1.000000e-06	1.800000e-05	6.000000e-06	6.000000e-06	6.000000e-06
-6.550000e+00	6.000000e-06	1.200000e-05	3.454000e-02	3.000000e-06	3.000000e-06	1.300000e-05	0.000000e+00	7.321000e-03	2.612000e-03	0.000000e+00	2.000000e-05	6.000000e-06	6.000000e-06	6.000000e-06
-6.500000e+00	7.000000e-06	1.200000e-05	3.737100e-02	3.000000e-06	3.000000e-06	1.200000e-05	0.000000e+00	7.333000e-03	2.741000e-03	0.000000e+00	2.200000e-05	6.000000e-06	6.000000e-06	6.000000e-06
-6.450000e+00	8.000000e-06	1.400000e-05	4.000300e-02	3.000000e-06	4.000000e-06	1.200000e-05	0.000000e+00	7.282000e-03	2.895000e-03	1.000000e-06	2.400000e-05	6.000000e-06	6.000000e-06	6.000000e-06
-6.400000e+00	1.000000e-05	1.600000e-05	4.245800e-02	3.000000e-06	5.000000e-06	1.200000e-05	0.000000e+00	7.306000e-03	3.062000e-03	0.000000e+00	2.800000e-05	6.000000e-06	6.000000e-06	6.000000e-06
-6.350000e+00	1.100000e-05	1.800000e-05	4.501900e-02	3.000000e-06	5.000000e-06	1.200000e-05	0.000000e+00	7.319000e-03	3.223000e-03	1.000000e-06	3.500000e-05	6.000000e-06	6.000000e-06	6.000000e-06
-6.300000e+00	1.100000e-05	2.100000e-05	4.752600e-02	3.000000e-06	6.000000e-06	1.300000e-05	0.000000e+00	7.315000e-03	3.363000e-03	1.000000e-06	3.800000e-05	6.000000e-06	6.000000e-06	6.000000e-06
-6.250000e+00	1.100000e-05	2.400000e-05	4.994800e-02	4.000000e-06	5.000000e-06	1.300000e-05	0.000000e+00	7.354000e-03	3.487000e-03	1.000000e-06	4.000000e-05	6.000000e-06	6.000000e-06	6.000000e-06
-6.200000e+00	1.400000e-05	2.800000e-05	5.236000e-02	5.000000e-06	4.000000e-06	1.300000e-05	0.000000e+00	7.463000e-03	3.610000e-03	3.000000e-06	4.400000e-05	6.000000e-06	6.000000e-06	6.000000e-06
-6.150000e+00	1.500000e-05	3.000000e-05	5.489900e-02	7.000000e-06	4.000000e-06	1.300000e-05	0.000000e+00	7.527000e-03	3.727000e-03	4.000000e-06	4.800000e-05	6.000000e-06	6.000000e-06	6.000000e-06
-6.100000e+00	1.600000e-05	3.700000e-05	5.699900e-02	9.000000e-06	6.000000e-06	1.300000e-05	0.000000e+00	7.501000e-03	3.907000e-03	6.000000e-06	5.300000e-05	6.000000e-06	6.000000e-06	6.000000e-06
-6.050000e+00	2.200000e-05	4.800000e-05	5.945900e-02	1.100000e-05	8.000000e-06	1.300000e-05	0.000000e+00	7.510000e-03	4.098000e-03	9.000000e-06	5.900000e-05	6.000000e-06	6.000000e-06	6.000000e-06
-6.000000e+00	3.500000e-05	7.100000e-05	6.202700e-02	1.500000e-05	1.000000e-05	1.400000e-05	0.000000e+00	7.514000e-03	4.227000e-03	1.500000e-05	6.700000e-05	6.000000e-06	6.000000e-06	6.000000e-06
-5.950000e+00	6.200000e-05	1.180000e-04	6.462100e-02	2.000000e-05	1.200000e-05	1.700000e-05	0.000000e+00	7.520000e-03	4.315000e-03	2.000000e-05	7.400000e-05	6.000000e-06	6.000000e-06	6.000000e-06
-5.900000e+00	1.180000e-04	2.160000e-04	6.717900e-02	2.400000e-05	1.500000e-05	2.100000e-05	0.000000e+00	7.557000e-03	4.433000e-03	2.200000e-05	7.700000e-05	6.000000e-06	6.000000e-06	6.000000e-06
-5.850000e+00	2.650000e-04	4.460000e-04	6.946800e-02	2.800000e-05	2.200000e-05	3.100000e-05	0.000000e+00	7.649000e-03	4.659000e-03	2.900000e-05	7.900000e-05	6.000000e-06	6.000000e-06	6.000000e-06
-5.800000e+00	6.440000e-04	1.023000e-03	7.179600e-02	3.800000e-05	3.500000e-05	4.500000e-05	0.000000e+00	7.739000e-03	4.862000e-03	3.800000e-05	8.400000e-05	7.000000e-06	7.000000e-06	7.000000e-06
-5.750000e+00	1.560000e-03	2.311000e-03	7.399300e-02	5.500000e-05	5.500000e-05	6.100000e-05	0.000000e+00	7.862000e-03	5.059000e-03	5.500000e-05	8.500000e-05	7.000000e-06	7.000000e-06	7.000000e-06
-5.700000e+00	3.196000e-03	4.384000e-03	7.624500e-02	8.100000e-05	8.000000e-05	8.200000e-05	0.000000e+00	8.105000e-03	5.265000e-03	7.700000e-05	8.700000e-05	7.000000e-06	7.000000e-06	7.000000e-06
-5.650000e+00	5.379000e-03	6.905000e-03	7.861400e-02	1.170000e-04	1.110000e-04	1.140000e-04	0.000000e+00	8.429000e-03	5.484000e-03	1.060000e-04	9.100000e-05	7.000000e-06	7.000000e-06	7.000000e-06
-5.600000e+00	7.787000e-03	9.585000e-03	8.094600e-02	1.590000e-04	1.530000e-04	1.630000e-04	0.000000e+00	8.755000e-03	5.739000e-03	1.500000e-04	9.600000e-05	8.000000e-06	8.000000e-06	8.000000e-06
-5.550000e+00	1.031000e-02	1.237700e-02	8.275200e-02	2.080000e-04	2.250000e-04	2.250000e-04	0.000000e+00	9.065000e-03	6.106000e-03	2.080000e-04	1.100000e-04	8.000000e-06	8.000000e-06	8.000000e-06
-5.500000e+00	1.268500e-02	1.505900e-02	8.445200e-02	2.790000e-04	3.040000e-04	3.110000e-04	0.000000e+00	9.483000e-03	6.611000e-03	3.020000e-04	1.240000e-04	8.000000e-06	8.000000e-06	8.000000e-06
-5.450000e+00	1.509200e-02	1.775100e-02	8.625200e-02	4.000000e-04	4.150000e-04	4.410000e-04	0.000000e+00	1.006600e-02	7.156000e-03	4.190000e-04	1.420000e-04	9.000000e-06	9.000000e-06	9.000000e-06
-5.400000e+00	1.759800e-02	2.047100e-02	8.803200e-02	5.610000e-04	5.570000e-04	6.210000e-04	0.000000e+00	1.074900e-02	7.760000e-03	5.640000e-04	1.590000e-04	1.000000e-05	1.000000e-05	1.000000e-05
-5.350000e+00	2.019100e-02	2.323900e-02	8.969100e-02	7.680000e-04	7.450000e-04	8.670000e-04	0.000000e+00	1.149300e-02	8.430000e-03	7.580000e-04	1.750000e-04	1.100000e-05	1.100000e-05	1.100000e-05
-5.300000e+00	2.279000e-02	2.610100e-02	9.117100e-02	1.051000e-03	1.013000e-03	1.224000e-03	0.000000e+00	1.231000e-02	9.191000e-03	1.025000e-03	1.930000e-04	1.200000e-05	1.200000e-05	1.200000e-05
-5.250000e+00	2.533800e-02	2.919600e-02	9.247000e-02	1.400000e-03	1.362000e-03	1.765000e-03	0.000000e+00	1.329900e-02	1.013400e-02	1.360000e-03	2.130000e-04	1.300000e-05	1.300000e-05	1.300000e-05
-5.200000e+00	2.791900e-02	3.224800e-02	9.372300e-02	1.873000e-03	1.827000e-03	2.486000e-03	0.000000e+00	1.455400e-02	1.121400e-02	1.818000e-03	2.410000e-04	1.500000e-05	1.500000e-05	1.500000e-05
-5.150000e+00	3.034800e-02	3.543600e-02	9.457400e-02	2.493000e-03	2.487000e-03	3.553000e-03	0.000000e+00	1.595500e-02	1.242700e-02	2.453000e-03	2.650000e-04	1.700000e-05	1.700000e-05	1.700000e-05
-5.100000e+00	3.273800e-02	3.872800e-02	9.518600e-02	3.332000e-03	3.344000e-03	5.056000e-03	0.000000e+00	1.757400e-02	1.390800e-02	3.298000e-03	2.910000e-04	1.800000e-05	1.800000e-05	1.800000e-05
-5.050000e+00	3.516900e-02	4.209200e-02	9.582000e-02	4.483000e-03	4.472000e-03	7.062000e-03	0.000000e+00	1.950000e-02	1.573400e-02	4.421000e-03	3.110000e-04	2.000000e-05	2.000000e-05	2.000000e-05
-5.000000e+00	3.766000e-02	4.561500e-02	9.659500e-02	6.027000e-03	6.002000e-03	9.593000e-03	0.000000e+00	2.184200e-02	1.796600e-02	5.939000e-03	3.240000e-04	2.300000e-05	2.300000e-05	2.300000e-05
-4.950000e+00	4.013500e-02	4.967000e-02	9.724200e-02	7.916000e-03	7.934000e-03	1.266500e-02	0.000000e+00	2.475800e-02	2.070700e-02	7.970000e-03	3.580000e-04	2.500000e-05	2.500000e-05	2.500000e-05
-4.900000e+00	4.269500e-02	5.412000e-02	9.727400e-02	1.051000e-02	1.048000e-02	1.655300e-02	0.000000e+00	2.837400e-02	2.421800e-02	1.049000e-02	3.910000e-04	2.800000e-05	2.800000e-05	2.800000e-05
-4.850000e+00	4.510900e-02	5.965500e-02	9.739400e-02	1.385400e-02	1.383500e-02	2.154700e-02	0.000000e+00	3.262600e-02	2.856000e-02	1.387300e-02	4.200000e-04	3.100000e-05	3.100000e-05	3.100000e-05
-4.800000e+00	4.744800e-02	6.709500e-02	9.755700e-02	1.821200e-02	1.812500e-02	2.776800e-02	0.000000e+00	3.778800e-02	3.401300e-02	1.826900e-02	4.600000e-04	3.500000e-05	3.500000e-05	3.500000e-05
-4.750000e+00	4.979700e-02	7.799000e-02	9.780300e-02	2.394100e-02	2.368900e-02	3.554800e-02	0.000000e+00	4.405200e-02	4.080800e-02	2.390900e-02	5.170000e-04	4.100000e-05	4.100000e-05	4.100000e-05
-4.700000e+00	5.225000e-02	9.467600e-02	9.810300e-02	3.142500e-02	3.104500e-02	4.540700e-02	0.000000e+00	5.159300e-02	4.922000e-02	3.114600e-02	5.880000e-04	4.800000e-05	4.800000e-05	4.800000e-05
-4.650000e+00	5.490200e-02	1.202430e-01	9.820600e-02	4.086400e-02	4.051900e-02	5.775800e-02	0.000000e+00	6.075200e-02	5.984200e-02	4.045200e-02	6.660000e-04	5.700000e-05	5.700000e-05	5.700000e-05
-4.600000e+00	5.739100e-02	1.365650e-01	9.846600e-02	5.280600e-02	5.265500e-02	7.304500e-02	0.000000e+00	7.177800e-02	7.294400e-02	5.256300e-02	7.000000e-04	6.900000e-05	6.900000e-05	6.900000e-05
-4.550000e+00	5.991400e-02	1.456750e-01	9.870100e-02	6.821100e-02	6.817900e-02	9.222700e-02	0.000000e+00	8.585500e-02	8.940400e-02	6.801700e-02	7.620000e-04	8.400000e-05	8.400000e-05	8.400000e-05
-4.500000e+00	6.237100e-02	1.506330e-01	9.896400e-02	8.795100e-02	8.796000e-02	1.160140e-01	0.000000e+00	1.035670e-01	1.103610e-01	8.770200e-02	8.440000e-04	1.030000e-04	1.030000e-04	1.030000e-04
-4.450000e+00	6.481300e-02	1.534030e-01	9.931000e-02	1.129440e-01	1.130220e-01	1.454940e-01	0.000000e+00	1.255520e-01	1.365630e-01	1.126990e-01	9.220000e-04	1.280000e-04	1.280000e-04	1.280000e-04
-4.400000e+00	6.732300e-02	1.549040e-01	9.968500e-02	1.443030e-01	1.445740e-01	1.821330e-01	0.000000e+00	1.525520e-01	1.686680e-01	1.442210e-01	9.740000e-04	1.580000e-04	1.580000e-04	1.580000e-04
-4.350000e+00	6.988200e-02	1.557810e-01	9.981700e-02	1.838550e-01	1.841020e-01	2.274610e-01	0.000000e+00	1.855610e-01	2.084800e-01	1.834280e-01	1.020000e-03	1.970000e-04	1.970000e-04	1.970000e-04
-4.300000e+00	7.246700e-02	1.559700e-01	9.993700e-02	2.329690e-01	2.330540e-01	2.829250e-01	0.000000e+00	2.267390e-01	2.573070e-01	2.325740e-01	1.084000e-03	2.450000e-04	2.450000e-04	2.450000e-04
-4.250000e+00	7.475600e-02	1.565010e-01	1.001910e-01	2.936840e-01	2.936770e-01	3.510430e-01	0.000000e+00	2.764850e-01	3.172600e-01	2.934980e-01	1.190000e-03	3.050000e-04	3.050000e-04	3.050000e-04
-4.200000e+00	7.706300e-02	1.569880e-01	1.004260e-01	3.683140e-01	3.682580e-01	4.343300e-01	0.000000e+00	3.364040e-01	3.900040e-01	3.682040e-01	1.309000e-03	3.790000e-04	3.790000e-04	3.790000e-04
-4.150000e+00	7.958700e-02	1.573140e-01	1.007420e-01	4.597860e-01	4.595200e-01	5.352750e-01	0.000000e+00	4.085520e-01	4.776420e-01	4.591980e-01	1.450000e-03	4.700000e-04	4.700000e-04	4.700000e-04
-4.100000e+00	8.230500e-02	1.575170e-01	1.012590e-01	5.712850e-01	5.705230e-01	6.566230e-01	0.000000e+00	4.953150e-01	5.826120e-01	5.695450e-01	1.634000e-03	5.800000e-04	5.800000e-04	5.800000e-04
-4.050000e+00	8.484300e-02	1.576720e-01	1.018690e-01	7.051180e-01	7.042900e-01	8.023110e-01	0.000000e+00	5.989760e-01	7.071700e-01	7.027210e-01	1.849000e-03	7.130000e-04	7.130000e-04	7.130000e-04
-4.000000e+00	8.722100e-02	1.576080e-01	1.023600e-01	8.636270e-01	8.621210e-01	9.741000e-01	0.000000e+00	7.203200e-01	8.535880e-01	8.606890e-01	2.046000e-03	8.710000e-04	8.710000e-04	8.710000e-04
-3.950000e+00	8.986600e-02	1.575440e-01	1.030560e-01	1.051426e+00	1.050445e+00	1.175680e+00	0.000000e+00	8.629560e-01	1.025690e+00	1.047669e+00	2.253000e-03	1.058000e-03	1.058000e-03	1.058000e-03
-3.900000e+00	9.251400e-02	1.575780e-01	1.038380e-01	1.272342e+00	1.271433e+00	1.412700e+00	0.000000e+00	1.029273e+00	1.226781e+00	1.268290e+00	2.527000e-03	1.280000e-03	1.280000e-03	1.280000e-03
-3.850000e+00	9.516100e-02	1.579070e-01	1.046450e-01	1.530839e+00	1.529042e+00	1.689612e+00	0.000000e+00	1.222020e+00	1.460421e+00	1.526765e+00	2.864000e-03	1.540000e-03	1.540000e-03	1.540000e-03
-3.800000e+00	9.787800e-02	1.585210e-01	1.055370e-01	1.831461e+00	1.828718e+00	2.009685e+00	0.000000e+00	1.444351e+00	1.730027e+00	1.826717e+00	3.235000e-03	1.840000e-03	1.840000e-03	1.840000e-03
-3.750000e+00	1.005970e-01	1.588670e-01	1.067700e-01	2.177357e+00	2.175274e+00	2.376302e+00	0.000000e+00	1.699771e+00	2.038040e+00	2.171445e+00	3.650000e-03	2.187000e-03	2.187000e-03	2.187000e-03
-3.700000e+00	1.032730e-01	1.589510e-01	1.078140e-01	2.567452e+00	2.566771e+00	2.792590e+00	0.000000e+00	1.986715e+00	2.387318e+00	2.562078e+00	4.197000e-03	2.580000e-03	2.580000e-03	2.580000e-03
-3.650000e+00	1.058680e-01	1.588750e-01	1.091520e-01	3.010970e+00	3.010872e+00	3.263422e+00	0.000000e+00	2.310517e+00	2.780243e+00	3.003174e+00	4.741000e-03	3.026000e-03	3.026000e-03	3.026000e-03
-3.600000e+00	1.083490e-01	1.587770e-01	1.105200e-01	3.508568e+00	3.508219e+00	3.791445e+00	0.000000e+00	2.674010e+00	3.221019e+00	3.498843e+00	5.322000e-03	3.526000e-03	3.526000e-03	3.526000e-03
-3.550000e+00	1.109160e-01	1.589480e-01	1.120390e-01	4.062657e+00	4.061618e+00	4.379558e+00	0.000000e+00	3.078839e+00	3.712110e+00	4.052165e+00	5.999000e-03	4.083000e-03	4.083000e-03	4.083000e-03
-3.500000e+00	1.137540e-01	1.595310e-01	1.139090e-01	4.675774e+00	4.674324e+00	5.030420e+00	0.000000e+00	3.525679e+00	4.254595e+00	4.664612e+00	6.801000e-03	4.698000e-03	4.698000e-03	4.698000e-03
-3.450000e+00	1.167500e-01	1.602100e-01	1.160760e-01	5.346335e+00	5.345451e+00	5.745257e+00	0.000000e+00	4.015105e+00	4.849636e+00	5.335460e+00	7.654000e-03	5.370000e-03	5.370000e-03	5.370000e-03
-3.400000e+00	1.195150e-01	1.605690e-01	1.184860e-01	6.065245e+00	6.063993e+00	6.514213e+00	0.000000e+00	4.545490e+00	5.488842e+00	6.054622e+00	8.568000e-03	6.088000e-03	6.088000e-03	6.088000e-03
-3.350000e+00	1.223190e-01	1.606090e-01	1.209560e-01	6.840654e+00	6.835676e+00	7.340902e+00	0.000000e+00	5.117155e+00	6.179062e+00	6.825903e+00	9.553000e-03	6.859000e-03	6.859000e-03	6.859000e-03
-3.300000e+00	1.249630e-01	1.606430e-01	1.239850e-01	7.665994e+00	7.658830e+00	8.224919e+00	0.000000e+00	5.729490e+00	6.919140e+00	7.646345e+00	1.061000e-02	7.678000e-03	7.678000e-03	7.678000e-03
-3.250000e+00	1.276890e-01	1.608840e-01	1.274230e-01	8.535022e+00	8.527820e+00	9.161577e+00	0.000000e+00	6.381235e+00	7.706837e+00	8.512512e+00	1.176000e-02	8.539000e-03	8.539000e-03	8.539000e-03
-3.200000e+00	1.307340e-01	1.613820e-01	1.310570e-01	9.441511e+00	9.434814e+00	1.014394e+01	0.000000e+00	7.070206e+00	8.538240e+00	9.418853e+00	1.299000e-02	9.436000e-03	9.436000e-03	9.436000e-03
-3.150000e+00	1.338130e-01	1.619500e-01	1.352990e-01	1.037811e+01	1.037347e+01	1.116708e+01	0.000000e+00	7.792907e+00	9.406895e+00	1.035497e+01	1.417500e-02	1.035900e-02	1.035900e-02	1.035900e-02
-3.100000e+00	1.365840e-01	1.629850e-01	1.400520e-01	1.131959e+01	1.131826e+01	1.220834e+01	0.000000e+00	8.532527e+00	1.029545e+01	1.129619e+01	1.543600e-02	1.128000e-02	1.128000e-02	1.128000e-02
-3.050000e+00	1.393310e-01	1.633180e-01	1.447360e-01	1.227193e+01	1.226808e+01	1.326432e+01	0.000000e+00	9.289059e+00	1.120345e+01	1.224823e+01	1.677800e-02	1.220500e-02	1.220500e-02	1.220500e-02
-3.000000e+00	1.420870e-01	1.636100e-01	1.498030e-01	1.322278e+01	1.321627e+01	1.433100e+01	0.000000e+00	1.005951e+01	1.212538e+01	1.319795e+01	1.829700e-02	1.312200e-02	1.312200e-02	1.312200e-02
-2.950000e+00	1.449320e-01	1.639590e-01	1.556200e-01	1.416210e+01	1.415114e+01	1.539988e+01	0.000000e+00	1.083683e+01	1.305152e+01	1.413341e+01	1.985400e-02	1.401900e-02	1.401900e-02	1.401900e-02
-2.900000e+00	1.478730e-01	1.642610e-01	1.623400e-01	1.507839e+01	1.505942e+01	1.645881e+01	0.000000e+00	1.161143e+01	1.396993e+01	1.504229e+01	2.129100e-02	1.488000e-02	1.488000e-02	1.488000e-02
-2.850000e+00	1.507090e-01	1.645910e-01	1.697230e-01	1.595297e+01	1.593170e+01	1.749408e+01	0.000000e+00	1.237392e+01	1.486976e+01	1.590928e+01	2.279000e-02	1.569400e-02	1.569400e-02	1.569400e-02
-2.800000e+00	1.535290e-01	1.645730e-01	1.778590e-01	1.674727e+01	1.672937e+01	1.847336e+01	0.000000e+00	1.309388e+01	1.571640e+01	1.670503e+01	2.442600e-02	1.642400e-02	1.642400e-02	1.642400e-02
-2.750000e+00	1.562940e-01	1.648150e-01	1.869120e-01	1.747457e+01	1.746079e+01	1.940049e+01	0.000000e+00	1.378185e+01	1.651882e+01	1.743373e+01	2.600600e-02	1.707800e-02	1.707800e-02	1.707800e-02
-2.700000e+00	1.589790e-01	1.652070e-01	1.971050e-01	1.812653e+01	1.811353e+01	2.026825e+01	0.000000e+00	1.443033e+01	1.726641e+01	1.808478e+01	2.771600e-02	1.764300e-02	1.764300e-02	1.764300e-02
-2.650000e+00	1.615770e-01	1.654870e-01	2.085370e-01	1.869447e+01	1.867792e+01	2.106873e+01	0.000000e+00	1.503110e+01	1.794826e+01	1.864767e+01	2.945400e-02	1.810700e-02	1.810700e-02	1.810700e-02
-2.600000e+00	1.641360e-01	1.655340e-01	2.212490e-01	1.916787e+01	1.914632e+01	2.179465e+01	0.000000e+00	1.557376e+01	1.855307e+01	1.911320e+01	3.109200e-02	1.846400e-02	1.846400e-02	1.846400e-02
-2.550000e+00	1.667870e-01	1.656680e-01	2.353110e-01	1.953300e+01	1.951216e+01	2.244103e+01	0.000000e+00	1.604412e+01	1.906906e+01	1.947498e+01	3.285700e-02	1.870500e-02	1.870500e-02	1.870500e-02
-2.500000e+00	1.689860e-01	1.661680e-01	2.510540e-01	1.976573e+01	1.974695e+01	2.297585e+01	0.000000e+00	1.641287e+01	1.945905e+01	1.971159e+01	3.464500e-02	1.878900e-02	1.878900e-02	1.878900e-02
-2.450000e+00	1.714690e-01	1.663060e-01	2.686260e-01	1.989577e+01	1.987319e+01	2.342212e+01	0.000000e+00	1.670542e+01	1.974352e+01	1.984216e+01	3.632600e-02	1.874800e-02	1.874800e-02	1.874800e-02
-2.400000e+00	1.737420e-01	1.660830e-01	2.883710e-01	1.992352e+01	1.989672e+01	2.377883e+01	0.000000e+00	1.690951e+01	1.992099e+01	1.986712e+01	3.803100e-02	1.858900e-02	1.858900e-02	1.858900e-02
-2.350000e+00	1.761740e-01	1.658040e-01	3.104640e-01	1.985297e+01	1.982219e+01	2.404935e+01	0.000000e+00	1.702179e+01	1.998615e+01	1.979129e+01	3.981700e-02	1.832000e-02	1.832000e-02	1.832000e-02
-2.300000e+00	1.790090e-01	1.657050e-01	3.350330e-01	1.969054e+01	1.965483e+01	2.423689e+01	0.000000e+00	1.704505e+01	1.993673e+01	1.962192e+01	4.170300e-02	1.795000e-02	1.795000e-02	1.795000e-02
-2.250000e+00	1.812830e-01	1.655820e-01	3.623610e-01	1.944392e+01	1.940219e+01	2.433959e+01	0.000000e+00	1.698499e+01	1.978049e+01	1.936648e+01	4.370800e-02	1.749200e-02	1.749200e-02	1.749200e-02
-2.200000e+00	1.830970e-01	1.651020e-01	3.931000e-01	1.909882e+01	1.905155e+01	2.433631e+01	0.000000e+00	1.680993e+01	1.948577e+01	1.901806e+01	4.550200e-02	1.693700e-02	1.693700e-02	1.693700e-02
-2.150000e+00	1.851520e-01	1.645870e-01	4.267400e-01	1.868391e+01	1.863017e+01	2.423963e+01	0.000000e+00	1.654855e+01	1.908507e+01	1.859959e+01	4.753000e-02	1.632100e-02	1.632100e-02	1.632100e-02
-2.100000e+00	1.871770e-01	1.639520e-01	4.636940e-01	1.820793e+01	1.815001e+01	2.403523e+01	0.000000e+00	1.620506e+01	1.858137e+01	1.812308e+01	4.972000e-02	1.565000e-02	1.565000e-02	1.565000e-02
-2.050000e+00	1.891470e-01	1.633160e-01	5.042740e-01	1.768117e+01	1.762157e+01	2.370417e+01	0.000000e+00	1.578576e+01	1.798395e+01	1.759782e+01	5.188100e-02	1.493000e-02	1.493000e-02	1.493000e-02
-2.000000e+00	1.911680e-01	1.628460e-01	5.486590e-01	1.711196e+01	1.705240e+01	2.322241e+01	0.000000e+00	1.529996e+01	1.730651e+01	1.702954e+01	5.387000e-02	1.416900e-02	1.416900e-02	1.416900e-02
-1.950000e+00	1.933430e-01	1.625920e-01	5.968550e-01	1.650381e+01	1.644600e+01	2.256119e+01	0.000000e+00	1.476038e+01	1.656522e+01	1.641979e+01	5.581600e-02	1.337200e-02	1.337200e-02	1.337200e-02
-1.900000e+00	1.948960e-01	1.623460e-01	6.485790e-01	1.585663e+01	1.579149e+01	2.161528e+01	0.000000e+00	1.414806e+01	1.576436e+01	1.576643e+01	5.738400e-02	1.253200e-02	1.253200e-02	1.253200e-02
-1.850000e+00	1.964080e-01	1.617480e-01	7.037260e-01	1.518274e+01	1.511338e+01	2.051035e+01	0.000000e+00	1.349788e+01	1.493387e+01	1.509261e+01	5.933500e-02	1.168000e-02	1.168000e-02	1.168000e-02
-1.800000e+00	1.978940e-01	1.608840e-01	7.633560e-01	1.449081e+01	1.442009e+01	1.940919e+01	0.000000e+00	1.281504e+01	1.407728e+01	1.439910e+01	6.115900e-02	1.082300e-02	1.082300e-02	1.082300e-02
-1.750000e+00	1.994840e-01	1.601470e-01	8.270030e-01	1.378705e+01	1.371513e+01	1.836200e+01	0.000000e+00	1.210670e+01	1.320078e+01	1.369239e+01	6.277600e-02	9.969000e-03	9.969000e-03	9.969000e-03
-1.700000e+00	2.012440e-01	1.596380e-01	8.935130e-01	1.307572e+01	1.300125e+01	1.734768e+01	0.000000e+00	1.138049e+01	1.231165e+01	1.297870e+01	6.422200e-02	9.128000e-03	9.128000e-03	9.128000e-03
-1.650000e+00	2.029810e-01	1.585730e-01	9.625010e-01	1.235978e+01	1.228367e+01	1.630817e+01	0.000000e+00	1.064338e+01	1.141712e+01	1.225952e+01	6.524900e-02	8.304000e-03	8.304000e-03	8.304000e-03
-1.600000e+00	2.044610e-01	1.578810e-01	1.033353e+00	1.163184e+01	1.155596e+01	1.520712e+01	0.000000e+00	9.889245e+00	1.051026e+01	1.153445e+01	6.613400e-02	7.490000e-03	7.490000e-03	7.490000e-03
-1.550000e+00	2.059320e-01	1.569850e-01	1.106113e+00	1.090853e+01	1.083464e+01	1.408058e+01	0.000000e+00	9.138776e+00	9.617245e+00	1.081580e+01	6.667600e-02	6.709000e-03	6.709000e-03	6.709000e-03
-1.500000e+00	2.072410e-01	1.560360e-01	1.181422e+00	1.019193e+01	1.012195e+01	1.293896e+01	0.000000e+00	8.396577e+00	8.745000e+00	1.010593e+01	6.654200e-02	5.962000e-03	5.962000e-03	5.962000e-03
-1.450000e+00	2.084090e-01	1.550770e-01	1.258367e+00	9.485307e+00	9.421898e+00	1.179643e+01	0.000000e+00	7.670103e+00	7.900877e+00	9.409593e+00	6.602500e-02	5.255000e-03	5.255000e-03	5.255000e-03
-1.400000e+00	2.095260e-01	1.540400e-01	1.335322e+00	8.792869e+00	8.738432e+00	1.066603e+01	0.000000e+00	6.966654e+00	7.091173e+00	8.729768e+00	6.534100e-02	4.593000e-03	4.593000e-03	4.593000e-03
-1.350000e+00	2.106460e-01	1.527500e-01	1.411235e+00	8.119465e+00	8.074238e+00	9.556801e+00	0.000000e+00	6.291457e+00	6.320336e+00	8.065002e+00	6.393600e-02	3.978000e-03	3.978000e-03	3.978000e-03
-1.300000e+00	2.116010e-01	1.512390e-01	1.484220e+00	7.456229e+00	7.421315e+00	8.457873e+00	0.000000e+00	5.635134e+00	5.581707e+00	7.413271e+00	6.257900e-02	3.404000e-03	3.404000e-03	3.404000e-03
-1.250000e+00	2.119570e-01	1.497810e-01	1.554833e+00	6.811574e+00	6.793146e+00	7.409058e+00	0.000000e+00	5.011270e+00	4.891043e+00	6.783495e+00	6.060700e-02	2.882000e-03	2.882000e-03	2.882000e-03
-1.200000e+00	2.121880e-01	1.483220e-01	1.620943e+00	6.188094e+00	6.189594e+00	6.415854e+00	0.000000e+00	4.423190e+00	4.251084e+00	6.180046e+00	5.837100e-02	2.410000e-03	2.410000e-03	2.410000e-03
-1.150000e+00	2.124030e-01	1.470530e-01	1.681124e+00	5.589722e+00	5.610766e+00	5.485087e+00	0.000000e+00	3.873015e+00	3.663825e+00	5.603006e+00	5.586000e-02	1.989000e-03	1.989000e-03	1.989000e-03
-1.100000e+00	2.125440e-01	1.459840e-01	1.734165e+00	5.019322e+00	5.058320e+00	4.624900e+00	0.000000e+00	3.362399e+00	3.130064e+00	5.052039e+00	5.304200e-02	1.620000e-03	1.620000e-03	1.620000e-03
-1.050000e+00	2.125890e-01	1.445520e-01	1.778420e+00	4.477456e+00	4.535940e+00	3.843796e+00	0.000000e+00	2.892860e+00	2.649304e+00	4.528664e+00	5.012100e-02	1.300000e-03	1.300000e-03	1.300000e-03
-1.000000e+00	2.117560e-01	1.423940e-01	1.808266e+00	3.958013e+00	4.034001e+00	3.133192e+00	0.000000e+00	2.460423e+00	2.214159e+00	4.028045e+00	4.684000e-02	1.022000e-03	1.022000e-03	1.022000e-03
-9.500000e-01	2.108290e-01	1.403270e-01	1.826019e+00	3.469229e+00	3.561039e+00	2.511843e+00	0.000000e+00	2.070761e+00	1.829389e+00	3.556138e+00	4.376600e-02	7.890000e-04	7.890000e-04	7.890000e-04
-9.000000e-01	2.098110e-01	1.380530e-01	1.828844e+00	3.012507e+00	3.118090e+00	1.979019e+00	0.000000e+00	1.722095e+00	1.492686e+00	3.113951e+00	4.046200e-02	5.970000e-04	5.970000e-04	5.970000e-04
-8.500000e-01	2.083910e-01	1.357180e-01	1.814530e+00	2.588790e+00	2.706068e+00	1.531657e+00	0.000000e+00	1.413646e+00	1.202492e+00	2.702976e+00	3.693500e-02	4.430000e-04	4.430000e-04	4.430000e-04
-8.000000e-01	2.064050e-01	1.332940e-01	1.781855e+00	2.199551e+00	2.325481e+00	1.163876e+00	0.000000e+00	1.144384e+00	9.559370e-01	2.323922e+00	3.333900e-02	3.210000e-04	3.210000e-04	3.210000e-04
-7.500000e-01	2.042840e-01	1.300420e-01	1.730870e+00	1.846926e+00	1.976367e+00	8.675400e-01	0.000000e+00	9.125310e-01	7.485890e-01	1.976277e+00	2.977100e-02	2.270000e-04	2.270000e-04	2.270000e-04
-7.000000e-01	2.016330e-01	1.268870e-01	1.654985e+00	1.524326e+00	1.654044e+00	6.305710e-01	0.000000e+00	7.129690e-01	5.745300e-01	1.652349e+00	2.640400e-02	1.550000e-04	1.550000e-04	1.550000e-04
-6.500000e-01	1.980300e-01	1.235810e-01	1.559334e+00	1.237611e+00	1.363334e+00	4.493540e-01	0.000000e+00	5.470070e-01	4.326510e-01	1.360897e+00	2.304400e-02	1.020000e-04	1.020000e-04	1.020000e-04
-6.000000e-01	1.936320e-01	1.202090e-01	1.444446e+00	9.866170e-01	1.103952e+00	3.133150e-01	0.000000e+00	4.109040e-01	3.194820e-01	1.102296e+00	1.993600e-02	6.600000e-05	6.600000e-05	6.600000e-05
-5.500000e-01	1.887070e-01	1.165380e-01	1.313531e+00	7.703790e-01	8.766710e-01	2.135950e-01	0.000000e+00	3.018760e-01	2.306380e-01	8.759190e-01	1.731900e-02	4.000000e-05	4.000000e-05	4.000000e-05
-5.000000e-01	1.833370e-01	1.123230e-01	1.170400e+00	5.876430e-01	6.812810e-01	1.422790e-01	0.000000e+00	2.166980e-01	1.623390e-01	6.806750e-01	1.506000e-02	2.400000e-05	2.400000e-05	2.400000e-05
-4.500000e-01	1.771700e-01	1.075530e-01	1.018222e+00	4.368600e-01	5.161750e-01	9.244200e-02	0.000000e+00	1.516310e-01	1.114520e-01	5.152620e-01	1.258300e-02	1.300000e-05	1.300000e-05	1.300000e-05
-4.000000e-01	1.706830e-01	1.025870e-01	8.544230e-01	3.129000e-01	3.762890e-01	5.819800e-02	0.000000e+00	1.024220e-01	7.374900e-02	3.748620e-01	1.027800e-02	7.000000e-06	7.000000e-06	7.000000e-06
-3.500000e-01	1.634580e-01	9.764300e-02	6.913020e-01	2.161570e-01	2.632360e-01	3.565100e-02	0.000000e+00	6.703900e-02	4.733600e-02	2.625390e-01	8.305000e-03	3.000000e-06	3.000000e-06	3.000000e-06
-3.000000e-01	1.558130e-01	9.260400e-02	5.363330e-01	1.432510e-01	1.758240e-01	2.134100e-02	0.000000e+00	4.266000e-02	2.934900e-02	1.754680e-01	6.593000e-03	1.000000e-06	1.000000e-06	1.000000e-06
-2.500000e-01	1.481140e-01	8.746800e-02	3.987830e-01	9.118900e-02	1.120490e-01	1.260500e-02	0.000000e+00	2.942200e-02	1.763800e-02	1.119260e-01	5.215000e-03	0.000000e+00	0.000000e+00	0.000000e+00
-2.000000e-01	1.403150e-01	8.208700e-02	2.767160e-01	5.480500e-02	6.612900e-02	7.545000e-03	0.000000e+00	2.145200e-02	9.983000e-03	6.600300e-02	3.875000e-03	0.000000e+00	0.000000e+00	0.000000e+00
-1.500000e-01	1.326550e-01	7.686100e-02	1.800140e-01	3.141500e-02	3.592600e-02	4.744000e-03	0.000000e+00	9.429000e-03	5.297000e-03	3.576500e-02	4.011000e-03	0.000000e+00	0.000000e+00	0.000000e+00
-1.000000e-01	1.248170e-01	7.140200e-02	1.095930e-01	1.745900e-02	1.803500e-02	3.227000e-03	0.000000e+00	3.906000e-03	2.458000e-03	1.783600e-02	5.137900e-02	0.000000e+00	0.000000e+00	0.000000e+00
-5.000000e-02	1.165480e-01	6.568300e-02	6.698900e-02	1.005700e-02	9.019000e-03	2.267000e-03	0.000000e+00	1.687000e-03	1.026000e-03	8.891000e-03	2.813614e+00	0.000000e+00	0.000000e+00	0.000000e+00
0.000000e+00	1.111330e-01	6.206900e-02	5.039200e-02	7.334000e-03	5.847000e-03	1.843000e-03	0.000000e+00	9.410000e-04	5.730000e-04	5.807000e-03	7.052828e+01	0.000000e+00	0.000000e+00	0.000000e+00
