-8.900000e+00	0.000000e+00	0.000000e+00	0.000000e+00	0.000000e+00	0.000000e+00	0.000000e+00	0.000000e+00	0.000000e+00	0.000000e+00	0.000000e+00	0.000000e+00	0.000000e+00	0.000000e+00	0.000000e+00
-8.850000e+00	0.000000e+00	0.000000e+00	0.000000e+00	0.000000e+00	0.000000e+00	0.000000e+00	0.000000e+00	0.000000e+00	0.000000e+00	0.000000e+00	0.000000e+00	0.000000e+00	0.000000e+00	0.000000e+00
-8.800000e+00	0.000000e+00	0.000000e+00	0.000000e+00	0.000000e+00	0.000000e+00	0.000000e+00	0.000000e+00	0.000000e+00	0.000000e+00	0.000000e+00	0.000000e+00	0.000000e+00	0.000000e+00	0.000000e+00
-8.750000e+00	0.000000e+00	0.000000e+00	0.000000e+00	0.000000e+00	0.000000e+00	0.000000e+00	0.000000e+00	0.000000e+00	0.000000e+00	0.000000e+00	0.000000e+00	0.000000e+00	0.000000e+00	0.000000e+00
-8.700000e+00	0.000000e+00	0.000000e+00	0.000000e+00	0.000000e+00	0.000000e+00	0.000000e+00	0.000000e+00	0.000000e+00	0.000000e+00	0.000000e+00	0.000000e+00	0.000000e+00	0.000000e+00	0.000000e+00
-8.650000e+00	0.000000e+00	0.000000e+00	0.000000e+00	0.000000e+00	0.000000e+00	0.000000e+00	0.000000e+00	1.000000e-06	0.000000e+00	0.000000e+00	0.000000e+00	0.000000e+00	0.000000e+00	0.000000e+00
-8.600000e+00	0.000000e+00	0.000000e+00	0.000000e+00	0.000000e+00	0.000000e+00	0.000000e+00	1.000000e-06	2.000000e-06	0.000000e+00	0.000000e+00	0.000000e+00	0.000000e+00	0.000000e+00	0.000000e+00
-8.550000e+00	0.000000e+00	0.000000e+00	0.000000e+00	0.000000e+00	0.000000e+00	0.000000e+00	1.000000e-06	5.000000e-06	0.000000e+00	0.000000e+00	0.000000e+00	0.000000e+00	0.000000e+00	0.000000e+00
-8.500000e+00	0.000000e+00	0.000000e+00	0.000000e+00	0.000000e+00	0.000000e+00	0.000000e+00	1.000000e-06	1.100000e-05	0.000000e+00	0.000000e+00	0.000000e+00	0.000000e+00	0.000000e+00	0.000000e+00
-8.450000e+00	0.000000e+00	0.000000e+00	0.000000e+00	0.000000e+00	0.000000e+00	0.000000e+00	3.000000e-06	2.500000e-05	0.000000e+00	0.000000e+00	0.000000e+00	0.000000e+00	0.000000e+00	0.000000e+00
-8.400000e+00	0.000000e+00	0.000000e+00	0.000000e+00	0.000000e+00	0.000000e+00	0.000000e+00	6.000000e-06	5.000000e-05	0.000000e+00	0.000000e+00	0.000000e+00	0.000000e+00	0.000000e+00	0.000000e+00
-8.350000e+00	0.000000e+00	0.000000e+00	0.000000e+00	0.000000e+00	0.000000e+00	0.000000e+00	1.500000e-05	8.500000e-05	0.000000e+00	0.000000e+00	0.000000e+00	0.000000e+00	0.000000e+00	0.000000e+00
-8.300000e+00	0.000000e+00	0.000000e+00	0.000000e+00	0.000000e+00	0.000000e+00	0.000000e+00	3.500000e-05	1.270000e-04	1.000000e-06	0.000000e+00	0.000000e+00	0.000000e+00	0.000000e+00	0.000000e+00
-8.250000e+00	0.000000e+00	0.000000e+00	0.000000e+00	0.000000e+00	0.000000e+00	0.000000e+00	6.800000e-05	1.790000e-04	3.000000e-06	0.000000e+00	0.000000e+00	0.000000e+00	0.000000e+00	0.000000e+00
-8.200000e+00	0.000000e+00	0.000000e+00	0.000000e+00	0.000000e+00	0.000000e+00	1.000000e-06	1.210000e-04	2.430000e-04	5.000000e-06	0.000000e+00	0.000000e+00	0.000000e+00	0.000000e+00	0.000000e+00
-8.150000e+00	0.000000e+00	0.000000e+00	0.000000e+00	0.000000e+00	0.000000e+00	2.000000e-06	1.860000e-04	3.100000e-04	9.000000e-06	0.000000e+00	0.000000e+00	0.000000e+00	0.000000e+00	0.000000e+00
-8.100000e+00	0.000000e+00	0.000000e+00	1.000000e-06	0.000000e+00	0.000000e+00	3.000000e-06	2.820000e-04	3.830000e-04	1.400000e-05	0.000000e+00	1.000000e-06	1.000000e-06	1.000000e-06	1.000000e-06
-8.050000e+00	0.000000e+00	0.000000e+00	1.000000e-06	0.000000e+00	0.000000e+00	4.000000e-06	4.230000e-04	4.690000e-04	2.100000e-05	0.000000e+00	2.000000e-06	2.000000e-06	2.000000e-06	2.000000e-06
-8.000000e+00	1.000000e-06	1.000000e-06	1.000000e-06	1.000000e-06	1.000000e-06	6.000000e-06	6.100000e-04	5.730000e-04	3.200000e-05	0.000000e+00	3.000000e-06	2.000000e-06	2.000000e-06	2.000000e-06
-7.950000e+00	3.000000e-06	1.000000e-06	2.000000e-06	1.000000e-06	1.000000e-06	8.000000e-06	8.490000e-04	6.920000e-04	4.900000e-05	0.000000e+00	5.000000e-06	3.000000e-06	3.000000e-06	3.000000e-06
-7.900000e+00	3.000000e-06	2.000000e-06	2.000000e-06	2.000000e-06	2.000000e-06	1.100000e-05	1.126000e-03	8.270000e-04	6.900000e-05	0.000000e+00	7.000000e-06	4.000000e-06	4.000000e-06	4.000000e-06
-7.850000e+00	3.000000e-06	3.000000e-06	3.000000e-06	3.000000e-06	3.000000e-06	1.400000e-05	1.463000e-03	9.860000e-04	9.300000e-05	0.000000e+00	9.000000e-06	5.000000e-06	5.000000e-06	5.000000e-06
-7.800000e+00	4.000000e-06	3.000000e-06	4.000000e-06	3.000000e-06	3.000000e-06	1.800000e-05	1.864000e-03	1.163000e-03	1.240000e-04	0.000000e+00	1.100000e-05	7.000000e-06	7.000000e-06	7.000000e-06
-7.750000e+00	4.000000e-06	4.000000e-06	5.000000e-06	4.000000e-06	4.000000e-06	2.100000e-05	2.326000e-03	1.356000e-03	1.620000e-04	0.000000e+00	1.400000e-05	8.000000e-06	8.000000e-06	8.000000e-06
-7.700000e+00	5.000000e-06	5.000000e-06	5.000000e-06	5.000000e-06	5.000000e-06	2.500000e-05	2.833000e-03	1.569000e-03	2.050000e-04	0.000000e+00	1.700000e-05	1.000000e-05	1.000000e-05	1.000000e-05
-7.650000e+00	6.000000e-06	6.000000e-06	7.000000e-06	6.000000e-06	6.000000e-06	2.900000e-05	3.324000e-03	1.828000e-03	2.470000e-04	0.000000e+00	2.100000e-05	1.200000e-05	1.200000e-05	1.200000e-05
-7.600000e+00	7.000000e-06	8.000000e-06	9.000000e-06	7.000000e-06	7.000000e-06	3.300000e-05	3.787000e-03	2.039000e-03	2.840000e-04	0.000000e+00	2.400000e-05	1.300000e-05	1.300000e-05	1.300000e-05
-7.550000e+00	8.000000e-06	9.000000e-06	1.200000e-05	8.000000e-06	8.000000e-06	3.600000e-05	4.267000e-03	2.340000e-03	3.280000e-04	0.000000e+00	2.700000e-05	1.500000e-05	1.500000e-05	1.500000e-05
-7.500000e+00	9.000000e-06	1.000000e-05	1.700000e-05	9.000000e-06	9.000000e-06	3.900000e-05	4.814000e-03	2.663000e-03	3.710000e-04	0.000000e+00	3.000000e-05	1.700000e-05	1.700000e-05	1.800000e-05
-7.450000e+00	1.000000e-05	1.100000e-05	2.300000e-05	1.000000e-05	1.000000e-05	4.100000e-05	5.369000e-03	3.010000e-03	4.150000e-04	0.000000e+00	3.200000e-05	2.000000e-05	2.000000e-05	2.000000e-05
-7.400000e+00	1.100000e-05	1.300000e-05	3.000000e-05	1.100000e-05	1.100000e-05	4.200000e-05	5.830000e-03	3.409000e-03	4.640000e-04	0.000000e+00	3.500000e-05	2.200000e-05	2.200000e-05	2.200000e-05
-7.350000e+00	1.100000e-05	1.500000e-05	4.100000e-05	1.200000e-05	1.100000e-05	4.400000e-05	6.210000e-03	3.817000e-03	5.150000e-04	0.000000e+00	3.700000e-05	2.300000e-05	2.300000e-05	2.400000e-05
-7.300000e+00	1.200000e-05	1.500000e-05	6.800000e-05	1.200000e-05	1.200000e-05	4.600000e-05	6.533000e-03	4.238000e-03	5.790000e-04	0.000000e+00	3.800000e-05	2.500000e-05	2.500000e-05	2.600000e-05
-7.250000e+00	1.300000e-05	1.500000e-05	1.320000e-04	1.300000e-05	1.300000e-05	4.700000e-05	6.759000e-03	4.747000e-03	6.540000e-04	0.000000e+00	3.900000e-05	2.600000e-05	2.600000e-05	3.000000e-05
-7.200000e+00	1.400000e-05	1.500000e-05	2.810000e-04	1.300000e-05	1.300000e-05	4.800000e-05	6.899000e-03	5.355000e-03	7.260000e-04	0.000000e+00	4.000000e-05	2.700000e-05	2.700000e-05	3.500000e-05
-7.150000e+00	1.500000e-05	1.600000e-05	6.450000e-04	1.400000e-05	1.300000e-05	4.900000e-05	7.011000e-03	5.983000e-03	8.030000e-04	0.000000e+00	4.100000e-05	2.800000e-05	2.800000e-05	4.300000e-05
-7.100000e+00	1.500000e-05	1.700000e-05	1.565000e-03	1.400000e-05	1.400000e-05	5.000000e-05	7.139000e-03	6.480000e-03	9.040000e-04	0.000000e+00	4.200000e-05	2.900000e-05	2.900000e-05	5.100000e-05
-7.050000e+00	1.800000e-05	1.800000e-05	3.933000e-03	1.400000e-05	1.400000e-05	5.000000e-05	7.241000e-03	6.686000e-03	1.038000e-03	0.000000e+00	4.400000e-05	3.000000e-05	3.000000e-05	5.800000e-05
-7.000000e+00	1.800000e-05	1.900000e-05	8.399000e-03	1.500000e-05	1.400000e-05	4.900000e-05	7.301000e-03	6.878000e-03	1.169000e-03	0.000000e+00	4.600000e-05	3.000000e-05	3.000000e-05	6.400000e-05
-6.950000e+00	1.700000e-05	1.800000e-05	1.311500e-02	1.600000e-05	1.400000e-05	4.900000e-05	7.369000e-03	6.943000e-03	1.319000e-03	0.000000e+00	4.700000e-05	3.100000e-05	3.100000e-05	6.900000e-05
-6.900000e+00	1.700000e-05	1.800000e-05	1.734100e-02	1.600000e-05	1.500000e-05	4.900000e-05	7.393000e-03	7.005000e-03	1.484000e-03	0.000000e+00	4.800000e-05	3.100000e-05	3.100000e-05	7.400000e-05
-6.850000e+00	1.800000e-05	1.900000e-05	2.103900e-02	1.600000e-05	1.500000e-05	5.000000e-05	7.391000e-03	7.068000e-03	1.674000e-03	0.000000e+00	4.700000e-05	3.200000e-05	3.200000e-05	7.900000e-05
-6.800000e+00	2.000000e-05	2.000000e-05	2.435800e-02	1.500000e-05	1.500000e-05	5.100000e-05	7.397000e-03	7.105000e-03	1.897000e-03	0.000000e+00	4.700000e-05	3.200000e-05	3.200000e-05	8.400000e-05
-6.750000e+00	2.000000e-05	2.100000e-05	2.756200e-02	1.600000e-05	1.500000e-05	5.200000e-05	7.397000e-03	7.151000e-03	2.131000e-03	0.000000e+00	4.800000e-05	3.300000e-05	3.300000e-05	8.900000e-05
-6.700000e+00	2.100000e-05	2.300000e-05	3.036000e-02	1.600000e-05	1.600000e-05	5.300000e-05	7.556000e-03	7.208000e-03	2.334000e-03	1.000000e-06	5.100000e-05	3.300000e-05	3.300000e-05	9.300000e-05
-6.650000e+00	2.200000e-05	2.300000e-05	3.313600e-02	1.600000e-05	1.600000e-05	5.300000e-05	7.619000e-03	7.243000e-03	2.499000e-03	2.000000e-06	5.500000e-05	3.400000e-05	3.400000e-05	9.700000e-05
-6.600000e+00	2.200000e-05	2.500000e-05	3.582300e-02	1.700000e-05	1.700000e-05	5.400000e-05	7.656000e-03	7.292000e-03	2.645000e-03	1.000000e-06	5.900000e-05	3.400000e-05	3.400000e-05	1.020000e-04
-6.550000e+00	2.100000e-05	2.900000e-05	3.843700e-02	1.700000e-05	1.800000e-05	5.400000e-05	7.654000e-03	7.350000e-03	2.779000e-03	0.000000e+00	6.100000e-05	3.500000e-05	3.500000e-05	1.060000e-04
-6.500000e+00	2.200000e-05	3.100000e-05	4.103300e-02	1.800000e-05	1.900000e-05	5.400000e-05	7.610000e-03	7.386000e-03	2.913000e-03	0.000000e+00	6.300000e-05	3.500000e-05	3.500000e-05	1.100000e-04
-6.450000e+00	2.300000e-05	3.200000e-05	4.362700e-02	1.700000e-05	1.900000e-05	5.400000e-05	7.633000e-03	7.372000e-03	3.105000e-03	1.000000e-06	6.500000e-05	3.500000e-05	3.500000e-05	1.140000e-04
-6.400000e+00	2.500000e-05	3.700000e-05	4.624500e-02	1.800000e-05	1.900000e-05	5.500000e-05	7.580000e-03	7.376000e-03	3.270000e-03	2.000000e-06	6.900000e-05	3.600000e-05	3.600000e-05	1.190000e-04
-6.350000e+00	2.600000e-05	4.200000e-05	4.857100e-02	1.900000e-05	2.100000e-05	5.600000e-05	7.555000e-03	7.393000e-03	3.445000e-03	2.000000e-06	6.900000e-05	3.600000e-05	3.600000e-05	1.230000e-04
-6.300000e+00	2.800000e-05	4.600000e-05	5.107600e-02	2.100000e-05	2.400000e-05	5.700000e-05	7.549000e-03	7.418000e-03	3.609000e-03	3.000000e-06	7.000000e-05	3.700000e-05	3.700000e-05	1.270000e-04
-6.250000e+00	3.000000e-05	5.000000e-05	5.363100e-02	2.400000e-05	2.700000e-05	5.900000e-05	7.580000e-03	7.466000e-03	3.769000e-03	4.000000e-06	7.300000e-05	3.700000e-05	3.700000e-05	1.310000e-04
-6.200000e+00	3.400000e-05	6.000000e-05	5.600700e-02	2.800000e-05	2.800000e-05	6.300000e-05	7.656000e-03	7.541000e-03	3.938000e-03	6.000000e-06	7.700000e-05	3.700000e-05	3.700000e-05	1.350000e-04
-6.150000e+00	4.800000e-05	7.100000e-05	5.854600e-02	3.400000e-05	2.900000e-05	6.500000e-05	7.738000e-03	7.615000e-03	4.102000e-03	9.000000e-06	8.300000e-05	3.800000e-05	3.800000e-05	1.380000e-04
-6.100000e+00	7.900000e-05	1.090000e-04	6.099700e-02	4.300000e-05	3.600000e-05	6.800000e-05	7.767000e-03	7.668000e-03	4.242000e-03	1.500000e-05	9.100000e-05	3.800000e-05	3.800000e-05	1.420000e-04
-6.050000e+00	1.510000e-04	2.000000e-04	6.343800e-02	5.500000e-05	4.600000e-05	7.500000e-05	7.878000e-03	7.742000e-03	4.454000e-03	2.200000e-05	9.300000e-05	3.900000e-05	3.900000e-05	1.460000e-04
-6.000000e+00	3.230000e-04	4.200000e-04	6.578200e-02	6.900000e-05	5.400000e-05	8.700000e-05	7.967000e-03	7.871000e-03	4.652000e-03	3.400000e-05	9.700000e-05	4.000000e-05	4.000000e-05	1.500000e-04
-5.950000e+00	7.440000e-04	9.700000e-04	6.795000e-02	8.300000e-05	6.600000e-05	1.030000e-04	8.031000e-03	8.030000e-03	4.841000e-03	5.200000e-05	1.040000e-04	4.100000e-05	4.200000e-05	1.540000e-04
-5.900000e+00	1.755000e-03	2.264000e-03	7.002800e-02	1.020000e-04	9.300000e-05	1.250000e-04	8.115000e-03	8.178000e-03	5.050000e-03	8.000000e-05	1.130000e-04	4.400000e-05	4.600000e-05	1.580000e-04
-5.850000e+00	3.691000e-03	4.450000e-03	7.245000e-02	1.380000e-04	1.300000e-04	1.630000e-04	8.274000e-03	8.310000e-03	5.238000e-03	1.190000e-04	1.220000e-04	4.800000e-05	5.100000e-05	1.620000e-04
-5.800000e+00	5.795000e-03	6.681000e-03	7.494700e-02	1.850000e-04	1.780000e-04	2.110000e-04	8.611000e-03	8.498000e-03	5.510000e-03	1.570000e-04	1.340000e-04	5.300000e-05	5.600000e-05	1.670000e-04
-5.750000e+00	8.168000e-03	9.207000e-03	7.738700e-02	2.520000e-04	2.360000e-04	2.750000e-04	8.973000e-03	8.744000e-03	5.803000e-03	2.130000e-04	1.460000e-04	5.800000e-05	6.200000e-05	1.710000e-04
-5.700000e+00	1.064400e-02	1.190900e-02	7.979900e-02	3.350000e-04	3.080000e-04	3.640000e-04	9.449000e-03	9.084000e-03	6.135000e-03	2.930000e-04	1.530000e-04	6.500000e-05	6.900000e-05	1.760000e-04
-5.650000e+00	1.313300e-02	1.463800e-02	8.218500e-02	4.370000e-04	4.060000e-04	4.940000e-04	1.001800e-02	9.475000e-03	6.488000e-03	4.050000e-04	1.590000e-04	7.100000e-05	7.600000e-05	1.800000e-04
-5.600000e+00	1.562700e-02	1.727300e-02	8.453800e-02	5.760000e-04	5.490000e-04	6.840000e-04	1.066900e-02	9.883000e-03	6.867000e-03	5.490000e-04	1.690000e-04	7.900000e-05	8.400000e-05	1.860000e-04
-5.550000e+00	1.818800e-02	1.988800e-02	8.686000e-02	7.680000e-04	7.610000e-04	9.420000e-04	1.158000e-02	1.039000e-02	7.389000e-03	7.310000e-04	1.780000e-04	8.700000e-05	9.300000e-05	1.910000e-04
-5.500000e+00	2.058500e-02	2.250400e-02	8.892300e-02	1.020000e-03	1.003000e-03	1.353000e-03	1.270100e-02	1.094600e-02	8.023000e-03	9.750000e-04	1.970000e-04	9.600000e-05	1.030000e-04	1.980000e-04
-5.450000e+00	2.305300e-02	2.524700e-02	9.086500e-02	1.365000e-03	1.319000e-03	1.939000e-03	1.403900e-02	1.171100e-02	8.820000e-03	1.314000e-03	2.160000e-04	1.050000e-04	1.130000e-04	2.040000e-04
-5.400000e+00	2.556600e-02	2.800800e-02	9.275700e-02	1.819000e-03	1.771000e-03	2.725000e-03	1.557100e-02	1.257800e-02	9.743000e-03	1.751000e-03	2.300000e-04	1.160000e-04	1.250000e-04	2.120000e-04
-5.350000e+00	2.807800e-02	3.081000e-02	9.474000e-02	2.415000e-03	2.373000e-03	3.753000e-03	1.737300e-02	1.358300e-02	1.081200e-02	2.319000e-03	2.450000e-04	1.270000e-04	1.380000e-04	2.200000e-04
-5.300000e+00	3.055800e-02	3.375500e-02	9.674000e-02	3.193000e-03	3.111000e-03	5.073000e-03	1.959300e-02	1.483600e-02	1.209300e-02	3.097000e-03	2.700000e-04	1.400000e-04	1.530000e-04	2.300000e-04
-5.250000e+00	3.302400e-02	3.691700e-02	9.814900e-02	4.176000e-03	4.119000e-03	6.684000e-03	2.240100e-02	1.641400e-02	1.370300e-02	4.150000e-03	3.090000e-04	1.540000e-04	1.700000e-04	2.400000e-04
-5.200000e+00	3.535400e-02	3.993800e-02	9.918900e-02	5.519000e-03	5.470000e-03	8.725000e-03	2.592700e-02	1.847100e-02	1.564300e-02	5.503000e-03	3.360000e-04	1.700000e-04	1.900000e-04	2.530000e-04
-5.150000e+00	3.781000e-02	4.307100e-02	1.004270e-01	7.330000e-03	7.272000e-03	1.125900e-02	3.039700e-02	2.093300e-02	1.809900e-02	7.257000e-03	3.700000e-04	1.880000e-04	2.140000e-04	2.670000e-04
-5.100000e+00	4.030600e-02	4.628500e-02	1.014830e-01	9.716000e-03	9.637000e-03	1.451800e-02	3.577100e-02	2.390900e-02	2.119500e-02	9.587000e-03	4.160000e-04	2.080000e-04	2.450000e-04	2.850000e-04
-5.050000e+00	4.285100e-02	4.960800e-02	1.024130e-01	1.280000e-02	1.268600e-02	1.870700e-02	4.227900e-02	2.750900e-02	2.507700e-02	1.268000e-02	4.710000e-04	2.320000e-04	2.860000e-04	3.050000e-04
-5.000000e+00	4.543900e-02	5.317200e-02	1.032750e-01	1.675400e-02	1.660500e-02	2.399700e-02	5.026700e-02	3.185700e-02	2.986800e-02	1.671900e-02	5.250000e-04	2.610000e-04	3.380000e-04	3.300000e-04
-4.950000e+00	4.790300e-02	5.729000e-02	1.036690e-01	2.188400e-02	2.180000e-02	3.065200e-02	5.973500e-02	3.711600e-02	3.559700e-02	2.190700e-02	5.800000e-04	2.940000e-04	3.990000e-04	3.600000e-04
-4.900000e+00	5.041400e-02	6.198100e-02	1.039510e-01	2.858600e-02	2.848100e-02	3.902100e-02	7.165200e-02	4.380700e-02	4.281900e-02	2.852200e-02	6.560000e-04	3.360000e-04	4.570000e-04	3.980000e-04
-4.850000e+00	5.287400e-02	6.774100e-02	1.043430e-01	3.711800e-02	3.698500e-02	4.948200e-02	8.623900e-02	5.201800e-02	5.182800e-02	3.699000e-02	7.270000e-04	3.860000e-04	5.170000e-04	4.450000e-04
-4.800000e+00	5.533100e-02	7.523000e-02	1.049640e-01	4.804200e-02	4.791400e-02	6.250300e-02	1.038050e-01	6.208700e-02	6.309000e-02	4.781200e-02	8.160000e-04	4.490000e-04	5.830000e-04	5.040000e-04
-4.750000e+00	5.784600e-02	8.596600e-02	1.056120e-01	6.209400e-02	6.197500e-02	7.885600e-02	1.252070e-01	7.435400e-02	7.702400e-02	6.168000e-02	9.280000e-04	5.250000e-04	6.600000e-04	5.770000e-04
-4.700000e+00	6.042600e-02	1.023550e-01	1.060500e-01	8.009000e-02	7.993200e-02	9.952800e-02	1.516180e-01	8.919100e-02	9.406900e-02	7.942800e-02	1.058000e-03	6.210000e-04	7.540000e-04	6.700000e-04
-4.650000e+00	6.294900e-02	1.277330e-01	1.063080e-01	1.025750e-01	1.025300e-01	1.252170e-01	1.836560e-01	1.070990e-01	1.149140e-01	1.017820e-01	1.191000e-03	7.420000e-04	8.730000e-04	7.870000e-04
-4.600000e+00	6.521300e-02	1.442420e-01	1.066970e-01	1.309000e-01	1.308700e-01	1.571850e-01	2.233660e-01	1.285140e-01	1.401180e-01	1.299610e-01	1.365000e-03	8.930000e-04	1.021000e-03	9.350000e-04
-4.550000e+00	6.790400e-02	1.533750e-01	1.070240e-01	1.661160e-01	1.665260e-01	1.966710e-01	2.724200e-01	1.547610e-01	1.711270e-01	1.652150e-01	1.568000e-03	1.079000e-03	1.205000e-03	1.118000e-03
-4.500000e+00	7.044400e-02	1.579950e-01	1.071350e-01	2.101980e-01	2.106350e-01	2.454520e-01	3.325280e-01	1.864730e-01	2.087180e-01	2.093250e-01	1.792000e-03	1.309000e-03	1.431000e-03	1.344000e-03
-4.450000e+00	7.295700e-02	1.604530e-01	1.072250e-01	2.651780e-01	2.650910e-01	3.054460e-01	4.056230e-01	2.246770e-01	2.542560e-01	2.640570e-01	2.059000e-03	1.592000e-03	1.711000e-03	1.624000e-03
-4.400000e+00	7.574500e-02	1.621000e-01	1.074920e-01	3.330560e-01	3.325280e-01	3.788490e-01	4.940420e-01	2.706760e-01	3.094010e-01	3.314450e-01	2.402000e-03	1.939000e-03	2.054000e-03	1.968000e-03
-4.350000e+00	7.862700e-02	1.634150e-01	1.077960e-01	4.159080e-01	4.155450e-01	4.685940e-01	6.009120e-01	3.255500e-01	3.750310e-01	4.148050e-01	2.821000e-03	2.362000e-03	2.472000e-03	2.387000e-03
-4.300000e+00	8.129200e-02	1.643170e-01	1.082760e-01	5.165610e-01	5.160100e-01	5.760220e-01	7.290600e-01	3.904350e-01	4.532900e-01	5.155440e-01	3.300000e-03	2.871000e-03	2.978000e-03	2.894000e-03
-4.250000e+00	8.388300e-02	1.650030e-01	1.087680e-01	6.383930e-01	6.374840e-01	7.050980e-01	8.819460e-01	4.669880e-01	5.456310e-01	6.365670e-01	3.899000e-03	3.483000e-03	3.586000e-03	3.503000e-03
-4.200000e+00	8.647200e-02	1.654540e-01	1.094780e-01	7.841030e-01	7.832250e-01	8.595640e-01	1.064217e+00	5.571160e-01	6.549650e-01	7.815900e-01	4.625000e-03	4.213000e-03	4.313000e-03	4.230000e-03
-4.150000e+00	8.920300e-02	1.659640e-01	1.102790e-01	9.571710e-01	9.569120e-01	1.043511e+00	1.280295e+00	6.627700e-01	7.833440e-01	9.548420e-01	5.473000e-03	5.080000e-03	5.176000e-03	5.094000e-03
-4.100000e+00	9.214900e-02	1.668450e-01	1.110170e-01	1.161935e+00	1.162451e+00	1.260822e+00	1.534617e+00	7.858650e-01	9.323190e-01	1.160638e+00	6.436000e-03	6.102000e-03	6.194000e-03	6.114000e-03
-4.050000e+00	9.515400e-02	1.681310e-01	1.118380e-01	1.403187e+00	1.403441e+00	1.513994e+00	1.832684e+00	9.282210e-01	1.104511e+00	1.402441e+00	7.540000e-03	7.302000e-03	7.390000e-03	7.311000e-03
-4.000000e+00	9.791600e-02	1.685160e-01	1.128120e-01	1.682819e+00	1.682914e+00	1.807872e+00	2.176504e+00	1.090711e+00	1.301392e+00	1.681351e+00	8.872000e-03	8.687000e-03	8.772000e-03	8.694000e-03
-3.950000e+00	1.009070e-01	1.689600e-01	1.140670e-01	2.006637e+00	2.006159e+00	2.146782e+00	2.571599e+00	1.276500e+00	1.527107e+00	2.003761e+00	1.039600e-02	1.028500e-02	1.036600e-02	1.029000e-02
-3.900000e+00	1.040800e-01	1.695770e-01	1.155810e-01	2.377590e+00	2.377238e+00	2.534813e+00	3.024199e+00	1.487969e+00	1.784275e+00	2.374061e+00	1.213600e-02	1.211700e-02	1.219400e-02	1.212000e-02
-3.850000e+00	1.073810e-01	1.704160e-01	1.172600e-01	2.800400e+00	2.800699e+00	2.976999e+00	3.539708e+00	1.727070e+00	2.075352e+00	2.796436e+00	1.410900e-02	1.420300e-02	1.427600e-02	1.420500e-02
-3.800000e+00	1.108160e-01	1.714240e-01	1.190850e-01	3.280024e+00	3.280744e+00	3.478070e+00	4.122070e+00	1.995854e+00	2.402665e+00	3.274871e+00	1.633400e-02	1.656200e-02	1.663200e-02	1.656300e-02
-3.750000e+00	1.145290e-01	1.724070e-01	1.212900e-01	3.817500e+00	3.819345e+00	4.039542e+00	4.773193e+00	2.297701e+00	2.768586e+00	3.813339e+00	1.887000e-02	1.920700e-02	1.927200e-02	1.920700e-02
-3.700000e+00	1.181090e-01	1.737330e-01	1.233320e-01	4.410325e+00	4.412355e+00	4.659149e+00	5.493895e+00	2.629966e+00	3.173713e+00	4.403627e+00	2.168700e-02	2.212200e-02	2.218400e-02	2.212100e-02
-3.650000e+00	1.218530e-01	1.750540e-01	1.257470e-01	5.064349e+00	5.066468e+00	5.343335e+00	6.289972e+00	2.997314e+00	3.620303e+00	5.055222e+00	2.478000e-02	2.533700e-02	2.539500e-02	2.533500e-02
-3.600000e+00	1.258260e-01	1.764280e-01	1.285510e-01	5.780468e+00	5.781918e+00	6.093304e+00	7.164968e+00	3.401693e+00	4.110765e+00	5.769540e+00	2.814300e-02	2.885400e-02	2.890800e-02	2.885200e-02
-3.550000e+00	1.299120e-01	1.779230e-01	1.316300e-01	6.557512e+00	6.558996e+00	6.909220e+00	8.117627e+00	3.844474e+00	4.646682e+00	6.545337e+00	3.179200e-02	3.267300e-02	3.272300e-02	3.267200e-02
-3.500000e+00	1.340140e-01	1.796010e-01	1.348580e-01	7.392862e+00	7.396312e+00	7.789531e+00	9.144234e+00	4.325999e+00	5.228628e+00	7.379268e+00	3.573700e-02	3.678800e-02	3.683400e-02	3.678900e-02
-3.450000e+00	1.382910e-01	1.815110e-01	1.382260e-01	8.283992e+00	8.287503e+00	8.729923e+00	1.024413e+01	4.844960e+00	5.856111e+00	8.267556e+00	3.992500e-02	4.118700e-02	4.122900e-02	4.118900e-02
-3.400000e+00	1.428020e-01	1.833190e-01	1.420220e-01	9.212102e+00	9.214522e+00	9.708010e+00	1.139826e+01	5.395394e+00	6.521301e+00	9.192908e+00	4.431200e-02	4.578000e-02	4.581800e-02	4.578500e-02
-3.350000e+00	1.469170e-01	1.849370e-01	1.461640e-01	1.018367e+01	1.018274e+01	1.073464e+01	1.261183e+01	5.981766e+00	7.228450e+00	1.015987e+01	4.893100e-02	5.059500e-02	5.063000e-02	5.060400e-02
-3.300000e+00	1.513230e-01	1.868560e-01	1.507450e-01	1.118875e+01	1.118701e+01	1.180554e+01	1.387817e+01	6.600966e+00	7.975727e+00	1.116105e+01	5.369800e-02	5.559500e-02	5.562700e-02	5.560800e-02
-3.250000e+00	1.559310e-01	1.890490e-01	1.556380e-01	1.221687e+01	1.221697e+01	1.290905e+01	1.518884e+01	7.250623e+00	8.759163e+00	1.218721e+01	5.859300e-02	6.073400e-02	6.076400e-02	6.075300e-02
-3.200000e+00	1.604260e-01	1.912710e-01	1.607720e-01	1.325804e+01	1.326023e+01	1.403241e+01	1.653450e+01	7.928943e+00	9.573109e+00	1.322788e+01	6.362200e-02	6.596500e-02	6.599100e-02	6.599100e-02
-3.150000e+00	1.649320e-01	1.933750e-01	1.664700e-01	1.430412e+01	1.430806e+01	1.517244e+01	1.790624e+01	8.634173e+00	1.041126e+01	1.427250e+01	6.876700e-02	7.123800e-02	7.126000e-02	7.127100e-02
-3.100000e+00	1.696320e-01	1.951770e-01	1.725120e-01	1.532287e+01	1.532310e+01	1.628955e+01	1.926524e+01	9.348152e+00	1.125182e+01	1.528600e+01	7.374500e-02	7.637300e-02	7.639100e-02	7.641500e-02
-3.050000e+00	1.741780e-01	1.971520e-01	1.790090e-01	1.631155e+01	1.631534e+01	1.739526e+01	2.061889e+01	1.007503e+01	1.210470e+01	1.627632e+01	7.874100e-02	8.140700e-02	8.142100e-02	8.146000e-02
-3.000000e+00	1.785290e-01	1.992320e-01	1.859910e-01	1.726267e+01	1.726981e+01	1.847382e+01	2.195438e+01	1.080912e+01	1.296040e+01	1.722645e+01	8.360000e-02	8.627200e-02	8.628200e-02	8.633800e-02
-2.950000e+00	1.825420e-01	2.012580e-01	1.936250e-01	1.816593e+01	1.817316e+01	1.951335e+01	2.326054e+01	1.154252e+01	1.380956e+01	1.812455e+01	8.830900e-02	9.089900e-02	9.090400e-02	9.097900e-02
-2.900000e+00	1.862860e-01	2.031590e-01	2.019450e-01	1.900756e+01	1.901226e+01	2.050409e+01	2.452472e+01	1.226708e+01	1.464388e+01	1.896005e+01	9.284600e-02	9.521900e-02	9.522000e-02	9.531600e-02
-2.850000e+00	1.903940e-01	2.051490e-01	2.105110e-01	1.976980e+01	1.977210e+01	2.143564e+01	2.572835e+01	1.297733e+01	1.545727e+01	1.971805e+01	9.696000e-02	9.916900e-02	9.916700e-02	9.928600e-02
-2.800000e+00	1.940780e-01	2.063560e-01	2.193910e-01	2.041615e+01	2.041076e+01	2.226794e+01	2.683965e+01	1.364753e+01	1.622140e+01	2.036605e+01	1.007320e-01	1.025370e-01	1.025300e-01	1.026760e-01
-2.750000e+00	1.980720e-01	2.077580e-01	2.292830e-01	2.096390e+01	2.096007e+01	2.302067e+01	2.786860e+01	1.428155e+01	1.693672e+01	2.091322e+01	1.041160e-01	1.054020e-01	1.053920e-01	1.055680e-01
-2.700000e+00	2.015860e-01	2.088620e-01	2.401890e-01	2.140937e+01	2.140807e+01	2.368669e+01	2.880424e+01	1.487285e+01	1.759055e+01	2.135468e+01	1.070780e-01	1.077180e-01	1.077040e-01	1.079130e-01
-2.650000e+00	2.046400e-01	2.095450e-01	2.521810e-01	2.175022e+01	2.174714e+01	2.426320e+01	2.963541e+01	1.541186e+01	1.817684e+01	2.168942e+01	1.096290e-01	1.094450e-01	1.094260e-01	1.096730e-01
-2.600000e+00	2.076080e-01	2.098550e-01	2.653490e-01	2.198362e+01	2.197428e+01	2.475052e+01	3.034861e+01	1.588913e+01	1.869021e+01	2.191685e+01	1.117850e-01	1.105540e-01	1.105310e-01	1.108200e-01
-2.550000e+00	2.107100e-01	2.098150e-01	2.797260e-01	2.210445e+01	2.209105e+01	2.515065e+01	3.092556e+01	1.629925e+01	1.911841e+01	2.203304e+01	1.134990e-01	1.110350e-01	1.110080e-01	1.113430e-01
-2.500000e+00	2.131470e-01	2.095620e-01	2.952780e-01	2.209688e+01	2.208045e+01	2.543215e+01	3.128235e+01	1.661435e+01	1.943023e+01	2.201748e+01	1.147050e-01	1.107350e-01	1.107050e-01	1.110920e-01
-2.450000e+00	2.153930e-01	2.091960e-01	3.122530e-01	2.199031e+01	2.197160e+01	2.563331e+01	3.145963e+01	1.685216e+01	1.964724e+01	2.191082e+01	1.155710e-01	1.098300e-01	1.097960e-01	1.102400e-01
-2.400000e+00	2.173080e-01	2.087360e-01	3.315930e-01	2.179249e+01	2.177100e+01	2.575902e+01	3.146107e+01	1.700818e+01	1.976166e+01	2.171083e+01	1.159890e-01	1.083380e-01	1.083000e-01	1.088060e-01
-2.350000e+00	2.189780e-01	2.079420e-01	3.533750e-01	2.150987e+01	2.148521e+01	2.580861e+01	3.128577e+01	1.708131e+01	1.977485e+01	2.142581e+01	1.161270e-01	1.062930e-01	1.062500e-01	1.068120e-01
-2.300000e+00	2.205320e-01	2.066990e-01	3.772140e-01	2.114925e+01	2.112152e+01	2.578289e+01	3.092959e+01	1.707089e+01	1.968907e+01	2.106654e+01	1.161570e-01	1.037380e-01	1.036910e-01	1.042990e-01
-2.250000e+00	2.219590e-01	2.054070e-01	4.028620e-01	2.071937e+01	2.068869e+01	2.569143e+01	3.038686e+01	1.697366e+01	1.949916e+01	2.063869e+01	1.159740e-01	1.007200e-01	1.006700e-01	1.013540e-01
-2.200000e+00	2.226120e-01	2.038580e-01	4.314660e-01	2.021182e+01	2.017369e+01	2.551018e+01	2.961058e+01	1.676883e+01	1.918299e+01	2.013100e+01	1.150910e-01	9.716600e-02	9.711200e-02	9.788000e-02
-2.150000e+00	2.232250e-01	2.021650e-01	4.640820e-01	1.965473e+01	1.961128e+01	2.523997e+01	2.865561e+01	1.648266e+01	1.876734e+01	1.956905e+01	1.140270e-01	9.326600e-02	9.320800e-02	9.406500e-02
-2.100000e+00	2.237000e-01	2.005430e-01	5.001920e-01	1.905160e+01	1.900363e+01	2.487125e+01	2.756753e+01	1.612105e+01	1.825692e+01	1.896184e+01	1.128760e-01	8.906400e-02	8.901000e-02	8.996200e-02
-2.050000e+00	2.240280e-01	1.987010e-01	5.397170e-01	1.840768e+01	1.835624e+01	2.438792e+01	2.639842e+01	1.568956e+01	1.766196e+01	1.831599e+01	1.116840e-01	8.462500e-02	8.457200e-02	8.562700e-02
-2.000000e+00	2.243270e-01	1.964360e-01	5.828750e-01	1.772943e+01	1.767512e+01	2.376642e+01	2.518896e+01	1.519401e+01	1.699334e+01	1.763672e+01	1.104540e-01	8.001400e-02	7.994900e-02	8.111700e-02
-1.950000e+00	2.248830e-01	1.942020e-01	6.299380e-01	1.702392e+01	1.696444e+01	2.297588e+01	2.395531e+01	1.464108e+01	1.625857e+01	1.692873e+01	1.091410e-01	7.527500e-02	7.520700e-02	7.648100e-02
-1.900000e+00	2.250540e-01	1.923280e-01	6.800290e-01	1.628682e+01	1.622170e+01	2.192483e+01	2.262806e+01	1.402701e+01	1.546079e+01	1.619142e+01	1.074020e-01	7.035800e-02	7.028500e-02	7.167500e-02
-1.850000e+00	2.251890e-01	1.901480e-01	7.331250e-01	1.553187e+01	1.546326e+01	2.074376e+01	2.123857e+01	1.337298e+01	1.463802e+01	1.543603e+01	1.055750e-01	6.541000e-02	6.533300e-02	6.690500e-02
-1.800000e+00	2.252110e-01	1.878080e-01	7.901180e-01	1.476988e+01	1.469694e+01	1.957667e+01	1.980266e+01	1.268993e+01	1.379444e+01	1.466963e+01	1.036490e-01	6.047200e-02	6.039200e-02	6.211600e-02
-1.750000e+00	2.252490e-01	1.854880e-01	8.512210e-01	1.400271e+01	1.392636e+01	1.846745e+01	1.833474e+01	1.198451e+01	1.293690e+01	1.389851e+01	1.017000e-01	5.558800e-02	5.550500e-02	5.735400e-02
-1.700000e+00	2.253810e-01	1.832760e-01	9.159400e-01	1.323207e+01	1.315494e+01	1.739436e+01	1.685040e+01	1.126162e+01	1.207150e+01	1.312772e+01	9.972000e-02	5.079900e-02	5.071300e-02	5.268600e-02
-1.650000e+00	2.253730e-01	1.810530e-01	9.831140e-01	1.246603e+01	1.238889e+01	1.629887e+01	1.536783e+01	1.052646e+01	1.120113e+01	1.236092e+01	9.747800e-02	4.614500e-02	4.605600e-02	4.814800e-02
-1.600000e+00	2.253340e-01	1.786120e-01	1.053242e+00	1.169636e+01	1.161662e+01	1.514757e+01	1.386804e+01	9.780709e+00	1.032185e+01	1.159409e+01	9.461100e-02	4.158100e-02	4.148900e-02	4.370400e-02
-1.550000e+00	2.252590e-01	1.763270e-01	1.126345e+00	1.093214e+01	1.085902e+01	1.398093e+01	1.240591e+01	9.042511e+00	9.457144e+00	1.083838e+01	9.183500e-02	3.722400e-02	3.712900e-02	3.946100e-02
-1.500000e+00	2.250890e-01	1.741720e-01	1.200455e+00	1.018267e+01	1.011684e+01	1.281049e+01	1.099508e+01	8.313794e+00	8.613124e+00	1.009867e+01	8.905000e-02	3.309400e-02	3.299500e-02	3.543600e-02
-1.450000e+00	2.250220e-01	1.719510e-01	1.275194e+00	9.450889e+00	9.392798e+00	1.164622e+01	9.648987e+00	7.601123e+00	7.796012e+00	9.376688e+00	8.591600e-02	2.920900e-02	2.910900e-02	3.164500e-02
-1.400000e+00	2.250270e-01	1.696040e-01	1.350510e+00	8.738080e+00	8.688946e+00	1.049911e+01	8.379657e+00	6.910801e+00	7.011416e+00	8.674915e+00	8.233200e-02	2.558600e-02	2.548300e-02	2.809900e-02
-1.350000e+00	2.243620e-01	1.674960e-01	1.424780e+00	8.047000e+00	8.004978e+00	9.382443e+00	7.196947e+00	6.245868e+00	6.263880e+00	7.998949e+00	7.881200e-02	2.223400e-02	2.212800e-02	2.480600e-02
-1.300000e+00	2.243900e-01	1.653000e-01	1.497184e+00	7.367001e+00	7.341181e+00	8.284292e+00	6.093232e+00	5.599582e+00	5.550001e+00	7.334566e+00	7.529500e-02	1.911800e-02	1.901000e-02	2.174000e-02
-1.250000e+00	2.240200e-01	1.630030e-01	1.566259e+00	6.712730e+00	6.702487e+00	7.238189e+00	5.097755e+00	4.989824e+00	4.881588e+00	6.697979e+00	7.149000e-02	1.629000e-02	1.618000e-02	1.893800e-02
-1.200000e+00	2.236120e-01	1.606530e-01	1.630511e+00	6.085685e+00	6.090457e+00	6.251024e+00	4.212259e+00	4.413670e+00	4.259819e+00	6.089068e+00	6.749200e-02	1.375000e-02	1.363900e-02	1.639600e-02
-1.150000e+00	2.231550e-01	1.582180e-01	1.688982e+00	5.485360e+00	5.507611e+00	5.330780e+00	3.436078e+00	3.874184e+00	3.687099e+00	5.507805e+00	6.337100e-02	1.149100e-02	1.137900e-02	1.410500e-02
-1.100000e+00	2.225740e-01	1.556990e-01	1.740741e+00	4.913000e+00	4.955404e+00	4.484824e+00	2.765624e+00	3.374147e+00	3.164666e+00	4.954661e+00	5.915400e-02	9.504000e-03	9.391000e-03	1.205500e-02
-1.050000e+00	2.220310e-01	1.532350e-01	1.784246e+00	4.373373e+00	4.433206e+00	3.718796e+00	2.194675e+00	2.912996e+00	2.691631e+00	4.430769e+00	5.481000e-02	7.775000e-03	7.662000e-03	1.023100e-02
-1.000000e+00	2.206470e-01	1.510540e-01	1.813923e+00	3.857935e+00	3.932498e+00	3.023379e+00	1.712776e+00	2.486160e+00	2.261300e+00	3.930905e+00	5.076400e-02	6.270000e-03	6.156000e-03	8.602000e-03
-9.500000e-01	2.191230e-01	1.486900e-01	1.830199e+00	3.373638e+00	3.462744e+00	2.418211e+00	1.316814e+00	2.099727e+00	1.880119e+00	3.463259e+00	4.668400e-02	4.996000e-03	4.882000e-03	7.172000e-03
-9.000000e-01	2.176160e-01	1.461410e-01	1.831738e+00	2.922937e+00	3.026340e+00	1.901387e+00	9.967240e-01	1.753550e+00	1.546074e+00	3.027411e+00	4.269000e-02	3.931000e-03	3.818000e-03	5.921000e-03
-8.500000e-01	2.157700e-01	1.433970e-01	1.817048e+00	2.506729e+00	2.621998e+00	1.468505e+00	7.417580e-01	1.447172e+00	1.256259e+00	2.622872e+00	3.863300e-02	3.056000e-03	2.944000e-03	4.835000e-03
-8.000000e-01	2.132720e-01	1.404010e-01	1.784639e+00	2.125918e+00	2.249017e+00	1.113384e+00	5.421070e-01	1.179303e+00	1.007494e+00	2.249383e+00	3.456400e-02	2.348000e-03	2.238000e-03	3.897000e-03
-7.500000e-01	2.104020e-01	1.370150e-01	1.733239e+00	1.781928e+00	1.909029e+00	8.284990e-01	3.890820e-01	9.477630e-01	7.965780e-01	1.907016e+00	3.096800e-02	1.784000e-03	1.677000e-03	3.095000e-03
-7.000000e-01	2.072580e-01	1.334390e-01	1.658207e+00	1.467434e+00	1.592941e+00	6.014060e-01	2.727600e-01	7.461580e-01	6.174850e-01	1.592296e+00	2.697800e-02	1.339000e-03	1.235000e-03	2.397000e-03
-6.500000e-01	2.037420e-01	1.298760e-01	1.561955e+00	1.188602e+00	1.308697e+00	4.280070e-01	1.866100e-01	5.770650e-01	4.703130e-01	1.309653e+00	2.371000e-02	1.000000e-03	8.990000e-04	1.811000e-03
-6.000000e-01	1.996440e-01	1.261750e-01	1.447265e+00	9.452530e-01	1.057741e+00	2.984320e-01	1.243490e-01	4.374990e-01	3.516540e-01	1.058332e+00	2.053200e-02	7.460000e-04	6.490000e-04	1.325000e-03
-5.500000e-01	1.948000e-01	1.221070e-01	1.316299e+00	7.365230e-01	8.385560e-01	2.036140e-01	8.055800e-02	3.247630e-01	2.575810e-01	8.389930e-01	1.764800e-02	5.590000e-04	4.660000e-04	9.130000e-04
-5.000000e-01	1.891790e-01	1.175560e-01	1.172418e+00	5.606970e-01	6.495990e-01	1.356730e-01	5.071900e-02	2.358440e-01	1.843850e-01	6.508540e-01	1.510300e-02	4.240000e-04	3.350000e-04	5.880000e-04
-4.500000e-01	1.829570e-01	1.126740e-01	1.021130e+00	4.153890e-01	4.900850e-01	8.804400e-02	3.110800e-02	1.673830e-01	1.287270e-01	4.913710e-01	1.239900e-02	3.270000e-04	2.430000e-04	3.740000e-04
-4.000000e-01	1.761430e-01	1.077660e-01	8.561790e-01	2.966730e-01	3.555760e-01	5.550600e-02	1.824000e-02	1.236000e-01	8.672800e-02	3.565550e-01	1.025200e-02	2.590000e-04	1.790000e-04	2.280000e-04
-3.500000e-01	1.689300e-01	1.024010e-01	6.933520e-01	2.048920e-01	2.478410e-01	3.409800e-02	1.020300e-02	9.000100e-02	5.671000e-02	2.487570e-01	8.281000e-03	1.790000e-04	1.190000e-04	1.320000e-04
-3.000000e-01	1.610270e-01	9.703000e-02	5.390040e-01	1.359350e-01	1.651670e-01	2.061900e-02	5.342000e-03	6.488700e-02	3.586700e-02	1.655920e-01	6.466000e-03	8.900000e-05	6.000000e-05	5.900000e-05
-2.500000e-01	1.528970e-01	9.174200e-02	4.020350e-01	8.681300e-02	1.050710e-01	1.238500e-02	2.603000e-03	4.511000e-02	2.208000e-02	1.051960e-01	4.894000e-03	2.600000e-05	2.000000e-05	1.800000e-05
-2.000000e-01	1.448850e-01	8.650200e-02	2.801740e-01	5.229600e-02	6.195700e-02	7.645000e-03	1.130000e-03	2.979200e-02	1.304400e-02	6.202800e-02	3.707000e-03	5.000000e-06	5.000000e-06	5.000000e-06
-1.500000e-01	1.366880e-01	8.103500e-02	1.838280e-01	3.019800e-02	3.378400e-02	5.066000e-03	4.370000e-04	2.066900e-02	7.354000e-03	3.391300e-02	4.139000e-03	2.000000e-06	2.000000e-06	2.000000e-06
-1.000000e-01	1.281620e-01	7.540400e-02	1.135950e-01	1.709800e-02	1.709800e-02	3.585000e-03	1.650000e-04	6.719000e-03	3.764000e-03	1.712500e-02	5.137600e-02	0.000000e+00	0.000000e+00	0.000000e+00
-5.000000e-02	1.198740e-01	6.929000e-02	7.101200e-02	9.985000e-03	8.653000e-03	2.573000e-03	6.600000e-05	2.463000e-03	1.729000e-03	8.712000e-03	2.808279e+00	0.000000e+00	0.000000e+00	0.000000e+00
0.000000e+00	1.147620e-01	6.562100e-02	5.423100e-02	7.270000e-03	5.688000e-03	2.105000e-03	3.700000e-05	1.406000e-03	9.700000e-04	5.760000e-03	7.038769e+01	0.000000e+00	0.000000e+00	0.000000e+00
