-8.900000e+00	0.000000e+00	0.000000e+00	0.000000e+00	0.000000e+00	0.000000e+00	0.000000e+00	0.000000e+00	0.000000e+00	0.000000e+00	0.000000e+00	0.000000e+00	0.000000e+00	0.000000e+00	0.000000e+00
-8.850000e+00	0.000000e+00	0.000000e+00	0.000000e+00	0.000000e+00	0.000000e+00	0.000000e+00	0.000000e+00	0.000000e+00	0.000000e+00	0.000000e+00	0.000000e+00	0.000000e+00	0.000000e+00	0.000000e+00
-8.800000e+00	0.000000e+00	0.000000e+00	0.000000e+00	0.000000e+00	0.000000e+00	0.000000e+00	0.000000e+00	0.000000e+00	0.000000e+00	0.000000e+00	0.000000e+00	0.000000e+00	0.000000e+00	0.000000e+00
-8.750000e+00	0.000000e+00	0.000000e+00	0.000000e+00	0.000000e+00	0.000000e+00	0.000000e+00	0.000000e+00	0.000000e+00	0.000000e+00	0.000000e+00	0.000000e+00	0.000000e+00	0.000000e+00	0.000000e+00
-8.700000e+00	0.000000e+00	0.000000e+00	0.000000e+00	0.000000e+00	0.000000e+00	0.000000e+00	1.000000e-06	2.000000e-06	0.000000e+00	0.000000e+00	0.000000e+00	0.000000e+00	0.000000e+00	0.000000e+00
-8.650000e+00	0.000000e+00	0.000000e+00	0.000000e+00	0.000000e+00	0.000000e+00	0.000000e+00	2.000000e-06	4.000000e-06	0.000000e+00	0.000000e+00	0.000000e+00	0.000000e+00	0.000000e+00	0.000000e+00
-8.600000e+00	0.000000e+00	0.000000e+00	0.000000e+00	0.000000e+00	0.000000e+00	0.000000e+00	4.000000e-06	9.000000e-06	0.000000e+00	0.000000e+00	0.000000e+00	0.000000e+00	0.000000e+00	0.000000e+00
-8.550000e+00	0.000000e+00	0.000000e+00	0.000000e+00	0.000000e+00	0.000000e+00	0.000000e+00	6.000000e-06	2.000000e-05	0.000000e+00	0.000000e+00	0.000000e+00	0.000000e+00	0.000000e+00	0.000000e+00
-8.500000e+00	0.000000e+00	0.000000e+00	0.000000e+00	0.000000e+00	0.000000e+00	0.000000e+00	8.000000e-06	3.700000e-05	0.000000e+00	0.000000e+00	0.000000e+00	0.000000e+00	0.000000e+00	0.000000e+00
-8.450000e+00	0.000000e+00	0.000000e+00	0.000000e+00	0.000000e+00	0.000000e+00	0.000000e+00	1.500000e-05	5.800000e-05	0.000000e+00	0.000000e+00	0.000000e+00	0.000000e+00	0.000000e+00	0.000000e+00
-8.400000e+00	0.000000e+00	0.000000e+00	0.000000e+00	0.000000e+00	0.000000e+00	0.000000e+00	2.600000e-05	8.600000e-05	0.000000e+00	0.000000e+00	0.000000e+00	0.000000e+00	0.000000e+00	0.000000e+00
-8.350000e+00	0.000000e+00	0.000000e+00	0.000000e+00	0.000000e+00	0.000000e+00	0.000000e+00	4.300000e-05	1.260000e-04	2.000000e-06	0.000000e+00	0.000000e+00	0.000000e+00	0.000000e+00	0.000000e+00
-8.300000e+00	0.000000e+00	0.000000e+00	0.000000e+00	0.000000e+00	0.000000e+00	0.000000e+00	7.600000e-05	1.800000e-04	3.000000e-06	0.000000e+00	0.000000e+00	0.000000e+00	0.000000e+00	0.000000e+00
-8.250000e+00	0.000000e+00	0.000000e+00	0.000000e+00	0.000000e+00	0.000000e+00	1.000000e-06	1.260000e-04	2.390000e-04	6.000000e-06	0.000000e+00	0.000000e+00	0.000000e+00	0.000000e+00	0.000000e+00
-8.200000e+00	0.000000e+00	0.000000e+00	0.000000e+00	0.000000e+00	0.000000e+00	2.000000e-06	2.040000e-04	2.980000e-04	1.000000e-05	0.000000e+00	1.000000e-06	0.000000e+00	0.000000e+00	0.000000e+00
-8.150000e+00	0.000000e+00	0.000000e+00	0.000000e+00	0.000000e+00	0.000000e+00	3.000000e-06	2.980000e-04	3.750000e-04	1.600000e-05	0.000000e+00	2.000000e-06	1.000000e-06	1.000000e-06	1.000000e-06
-8.100000e+00	1.000000e-06	1.000000e-06	0.000000e+00	0.000000e+00	0.000000e+00	5.000000e-06	4.150000e-04	4.590000e-04	2.400000e-05	0.000000e+00	3.000000e-06	2.000000e-06	2.000000e-06	2.000000e-06
-8.050000e+00	2.000000e-06	2.000000e-06	1.000000e-06	1.000000e-06	1.000000e-06	7.000000e-06	5.650000e-04	5.450000e-04	3.600000e-05	0.000000e+00	5.000000e-06	3.000000e-06	3.000000e-06	3.000000e-06
-8.000000e+00	3.000000e-06	2.000000e-06	2.000000e-06	2.000000e-06	2.000000e-06	1.000000e-05	7.590000e-04	6.380000e-04	5.400000e-05	0.000000e+00	7.000000e-06	4.000000e-06	4.000000e-06	4.000000e-06
-7.950000e+00	3.000000e-06	3.000000e-06	3.000000e-06	2.000000e-06	2.000000e-06	1.300000e-05	1.004000e-03	7.510000e-04	7.600000e-05	0.000000e+00	8.000000e-06	5.000000e-06	5.000000e-06	5.000000e-06
-7.900000e+00	3.000000e-06	3.000000e-06	5.000000e-06	3.000000e-06	3.000000e-06	1.700000e-05	1.293000e-03	8.830000e-04	1.040000e-04	0.000000e+00	1.100000e-05	6.000000e-06	6.000000e-06	6.000000e-06
-7.850000e+00	4.000000e-06	4.000000e-06	5.000000e-06	4.000000e-06	4.000000e-06	2.100000e-05	1.647000e-03	1.049000e-03	1.370000e-04	0.000000e+00	1.400000e-05	8.000000e-06	8.000000e-06	8.000000e-06
-7.800000e+00	5.000000e-06	5.000000e-06	6.000000e-06	5.000000e-06	5.000000e-06	2.600000e-05	2.061000e-03	1.230000e-03	1.740000e-04	0.000000e+00	1.700000e-05	9.000000e-06	9.000000e-06	9.000000e-06
-7.750000e+00	6.000000e-06	6.000000e-06	7.000000e-06	6.000000e-06	6.000000e-06	3.000000e-05	2.514000e-03	1.418000e-03	2.160000e-04	0.000000e+00	2.000000e-05	1.100000e-05	1.100000e-05	1.100000e-05
-7.700000e+00	7.000000e-06	7.000000e-06	8.000000e-06	7.000000e-06	7.000000e-06	3.500000e-05	2.976000e-03	1.624000e-03	2.620000e-04	0.000000e+00	2.400000e-05	1.400000e-05	1.400000e-05	1.400000e-05
-7.650000e+00	8.000000e-06	8.000000e-06	9.000000e-06	8.000000e-06	8.000000e-06	4.000000e-05	3.399000e-03	1.868000e-03	3.110000e-04	0.000000e+00	2.800000e-05	1.600000e-05	1.600000e-05	1.600000e-05
-7.600000e+00	9.000000e-06	9.000000e-06	1.100000e-05	9.000000e-06	9.000000e-06	4.400000e-05	3.853000e-03	2.105000e-03	3.540000e-04	0.000000e+00	3.200000e-05	1.800000e-05	1.800000e-05	1.800000e-05
-7.550000e+00	1.000000e-05	1.000000e-05	1.300000e-05	1.000000e-05	1.000000e-05	4.700000e-05	4.334000e-03	2.391000e-03	4.000000e-04	0.000000e+00	3.600000e-05	2.100000e-05	2.100000e-05	2.100000e-05
-7.500000e+00	1.200000e-05	1.200000e-05	1.600000e-05	1.200000e-05	1.200000e-05	5.000000e-05	4.797000e-03	2.689000e-03	4.460000e-04	0.000000e+00	4.100000e-05	2.300000e-05	2.300000e-05	2.300000e-05
-7.450000e+00	1.300000e-05	1.400000e-05	2.100000e-05	1.300000e-05	1.300000e-05	5.300000e-05	5.255000e-03	3.022000e-03	5.010000e-04	0.000000e+00	4.500000e-05	2.600000e-05	2.600000e-05	2.600000e-05
-7.400000e+00	1.500000e-05	1.600000e-05	3.100000e-05	1.400000e-05	1.400000e-05	5.500000e-05	5.729000e-03	3.423000e-03	5.690000e-04	0.000000e+00	4.900000e-05	2.800000e-05	2.800000e-05	2.900000e-05
-7.350000e+00	1.700000e-05	1.600000e-05	4.700000e-05	1.500000e-05	1.500000e-05	5.700000e-05	6.171000e-03	3.832000e-03	6.210000e-04	0.000000e+00	5.200000e-05	3.000000e-05	3.000000e-05	3.200000e-05
-7.300000e+00	1.700000e-05	1.700000e-05	9.100000e-05	1.700000e-05	1.600000e-05	5.900000e-05	6.465000e-03	4.343000e-03	6.820000e-04	0.000000e+00	5.400000e-05	3.200000e-05	3.200000e-05	3.600000e-05
-7.250000e+00	1.800000e-05	1.700000e-05	1.920000e-04	1.800000e-05	1.700000e-05	6.100000e-05	6.724000e-03	4.860000e-03	7.640000e-04	0.000000e+00	5.600000e-05	3.400000e-05	3.400000e-05	4.300000e-05
-7.200000e+00	1.800000e-05	1.800000e-05	4.320000e-04	1.900000e-05	1.700000e-05	6.200000e-05	6.938000e-03	5.401000e-03	8.500000e-04	0.000000e+00	5.600000e-05	3.500000e-05	3.500000e-05	5.400000e-05
-7.150000e+00	2.000000e-05	1.800000e-05	1.024000e-03	2.000000e-05	1.800000e-05	6.300000e-05	7.083000e-03	5.897000e-03	9.390000e-04	0.000000e+00	5.700000e-05	3.700000e-05	3.700000e-05	6.700000e-05
-7.100000e+00	2.100000e-05	1.900000e-05	2.521000e-03	1.900000e-05	1.800000e-05	6.300000e-05	7.158000e-03	6.276000e-03	1.035000e-03	0.000000e+00	5.800000e-05	3.800000e-05	3.800000e-05	8.000000e-05
-7.050000e+00	2.200000e-05	2.100000e-05	6.328000e-03	1.900000e-05	1.900000e-05	6.300000e-05	7.237000e-03	6.608000e-03	1.123000e-03	0.000000e+00	6.100000e-05	3.800000e-05	3.800000e-05	9.200000e-05
-7.000000e+00	2.100000e-05	2.200000e-05	1.100700e-02	2.000000e-05	1.900000e-05	6.300000e-05	7.310000e-03	6.796000e-03	1.249000e-03	0.000000e+00	6.200000e-05	3.900000e-05	3.900000e-05	1.010000e-04
-6.950000e+00	2.200000e-05	2.300000e-05	1.549200e-02	2.000000e-05	1.900000e-05	6.400000e-05	7.363000e-03	6.910000e-03	1.404000e-03	0.000000e+00	6.200000e-05	4.000000e-05	4.000000e-05	1.100000e-04
-6.900000e+00	2.300000e-05	2.200000e-05	1.942600e-02	2.100000e-05	1.900000e-05	6.500000e-05	7.353000e-03	7.059000e-03	1.564000e-03	0.000000e+00	6.300000e-05	4.100000e-05	4.100000e-05	1.190000e-04
-6.850000e+00	2.300000e-05	2.200000e-05	2.291300e-02	2.200000e-05	1.900000e-05	6.500000e-05	7.396000e-03	7.151000e-03	1.728000e-03	0.000000e+00	6.500000e-05	4.200000e-05	4.200000e-05	1.280000e-04
-6.800000e+00	2.500000e-05	2.400000e-05	2.608200e-02	2.100000e-05	2.000000e-05	6.600000e-05	7.541000e-03	7.106000e-03	1.914000e-03	0.000000e+00	6.700000e-05	4.200000e-05	4.200000e-05	1.360000e-04
-6.750000e+00	2.700000e-05	2.400000e-05	2.896800e-02	2.200000e-05	2.000000e-05	6.700000e-05	7.544000e-03	7.082000e-03	2.144000e-03	1.000000e-06	6.800000e-05	4.300000e-05	4.300000e-05	1.440000e-04
-6.700000e+00	2.700000e-05	2.600000e-05	3.180100e-02	2.200000e-05	2.100000e-05	6.800000e-05	7.526000e-03	7.215000e-03	2.396000e-03	0.000000e+00	7.000000e-05	4.300000e-05	4.300000e-05	1.510000e-04
-6.650000e+00	2.600000e-05	2.800000e-05	3.441100e-02	2.200000e-05	2.200000e-05	6.800000e-05	7.553000e-03	7.335000e-03	2.615000e-03	1.000000e-06	7.400000e-05	4.400000e-05	4.400000e-05	1.580000e-04
-6.600000e+00	2.600000e-05	2.900000e-05	3.706600e-02	2.300000e-05	2.300000e-05	6.900000e-05	7.569000e-03	7.402000e-03	2.777000e-03	2.000000e-06	7.900000e-05	4.500000e-05	4.500000e-05	1.660000e-04
-6.550000e+00	2.700000e-05	3.100000e-05	3.973400e-02	2.400000e-05	2.400000e-05	6.900000e-05	7.561000e-03	7.417000e-03	2.919000e-03	2.000000e-06	8.100000e-05	4.500000e-05	4.500000e-05	1.730000e-04
-6.500000e+00	2.900000e-05	3.300000e-05	4.232000e-02	2.400000e-05	2.500000e-05	6.900000e-05	7.542000e-03	7.412000e-03	3.092000e-03	2.000000e-06	7.800000e-05	4.600000e-05	4.600000e-05	1.800000e-04
-6.450000e+00	3.000000e-05	3.300000e-05	4.504700e-02	2.400000e-05	2.500000e-05	6.900000e-05	7.530000e-03	7.429000e-03	3.306000e-03	2.000000e-06	7.800000e-05	4.600000e-05	4.600000e-05	1.880000e-04
-6.400000e+00	3.100000e-05	3.700000e-05	4.780000e-02	2.600000e-05	2.500000e-05	6.900000e-05	7.590000e-03	7.414000e-03	3.392000e-03	2.000000e-06	8.000000e-05	4.700000e-05	4.700000e-05	1.950000e-04
-6.350000e+00	3.200000e-05	4.500000e-05	5.033200e-02	2.900000e-05	2.600000e-05	7.000000e-05	7.640000e-03	7.464000e-03	3.523000e-03	3.000000e-06	8.200000e-05	4.700000e-05	4.700000e-05	2.020000e-04
-6.300000e+00	3.500000e-05	5.100000e-05	5.278400e-02	3.200000e-05	2.600000e-05	7.300000e-05	7.681000e-03	7.525000e-03	3.675000e-03	5.000000e-06	8.400000e-05	4.800000e-05	4.800000e-05	2.090000e-04
-6.250000e+00	4.200000e-05	5.800000e-05	5.518100e-02	3.700000e-05	2.800000e-05	7.600000e-05	7.715000e-03	7.581000e-03	3.854000e-03	7.000000e-06	8.800000e-05	4.800000e-05	4.800000e-05	2.150000e-04
-6.200000e+00	5.400000e-05	7.500000e-05	5.751200e-02	4.300000e-05	3.400000e-05	8.000000e-05	7.740000e-03	7.635000e-03	4.049000e-03	1.200000e-05	9.300000e-05	4.900000e-05	4.900000e-05	2.220000e-04
-6.150000e+00	7.700000e-05	1.100000e-04	5.985200e-02	4.700000e-05	4.100000e-05	8.700000e-05	7.744000e-03	7.688000e-03	4.171000e-03	2.000000e-05	1.010000e-04	4.900000e-05	5.000000e-05	2.290000e-04
-6.100000e+00	1.360000e-04	1.860000e-04	6.218500e-02	5.700000e-05	5.000000e-05	9.900000e-05	7.828000e-03	7.806000e-03	4.350000e-03	3.000000e-05	1.070000e-04	5.000000e-05	5.100000e-05	2.360000e-04
-6.050000e+00	2.780000e-04	3.680000e-04	6.478500e-02	6.800000e-05	6.400000e-05	1.160000e-04	7.906000e-03	7.884000e-03	4.513000e-03	4.000000e-05	1.100000e-04	5.200000e-05	5.200000e-05	2.420000e-04
-6.000000e+00	6.320000e-04	8.270000e-04	6.735700e-02	8.100000e-05	8.100000e-05	1.370000e-04	8.021000e-03	8.028000e-03	4.682000e-03	5.800000e-05	1.170000e-04	5.400000e-05	5.500000e-05	2.490000e-04
-5.950000e+00	1.478000e-03	1.895000e-03	6.977400e-02	1.010000e-04	1.020000e-04	1.640000e-04	8.195000e-03	8.205000e-03	4.899000e-03	8.600000e-05	1.250000e-04	5.800000e-05	6.000000e-05	2.560000e-04
-5.900000e+00	3.194000e-03	3.878000e-03	7.208200e-02	1.340000e-04	1.320000e-04	2.010000e-04	8.420000e-03	8.355000e-03	5.161000e-03	1.210000e-04	1.320000e-04	6.300000e-05	6.700000e-05	2.630000e-04
-5.850000e+00	5.421000e-03	6.315000e-03	7.449200e-02	1.860000e-04	1.760000e-04	2.400000e-04	8.655000e-03	8.508000e-03	5.348000e-03	1.670000e-04	1.390000e-04	7.100000e-05	7.600000e-05	2.710000e-04
-5.800000e+00	7.741000e-03	8.763000e-03	7.685600e-02	2.490000e-04	2.310000e-04	3.110000e-04	9.050000e-03	8.693000e-03	5.674000e-03	2.210000e-04	1.510000e-04	8.000000e-05	8.600000e-05	2.780000e-04
-5.750000e+00	1.017700e-02	1.135500e-02	7.918200e-02	3.320000e-04	3.120000e-04	4.100000e-04	9.492000e-03	8.973000e-03	6.019000e-03	2.960000e-04	1.550000e-04	8.900000e-05	9.600000e-05	2.850000e-04
-5.700000e+00	1.265500e-02	1.402900e-02	8.153100e-02	4.430000e-04	4.200000e-04	5.510000e-04	1.001500e-02	9.300000e-03	6.385000e-03	4.010000e-04	1.640000e-04	1.000000e-04	1.070000e-04	2.920000e-04
-5.650000e+00	1.518100e-02	1.673700e-02	8.391700e-02	5.930000e-04	5.590000e-04	7.590000e-04	1.065600e-02	9.685000e-03	6.774000e-03	5.480000e-04	1.750000e-04	1.110000e-04	1.190000e-04	3.000000e-04
-5.600000e+00	1.776000e-02	1.944700e-02	8.620700e-02	7.910000e-04	7.430000e-04	1.060000e-03	1.144200e-02	1.016400e-02	7.210000e-03	7.460000e-04	1.880000e-04	1.230000e-04	1.320000e-04	3.080000e-04
-5.550000e+00	2.025600e-02	2.219700e-02	8.801200e-02	1.041000e-03	9.820000e-04	1.493000e-03	1.234300e-02	1.077300e-02	7.774000e-03	9.970000e-04	2.110000e-04	1.350000e-04	1.460000e-04	3.170000e-04
-5.500000e+00	2.259200e-02	2.474600e-02	9.001000e-02	1.345000e-03	1.321000e-03	2.095000e-03	1.362000e-02	1.147500e-02	8.536000e-03	1.335000e-03	2.250000e-04	1.490000e-04	1.610000e-04	3.270000e-04
-5.450000e+00	2.496800e-02	2.749200e-02	9.205600e-02	1.773000e-03	1.775000e-03	2.839000e-03	1.508900e-02	1.228000e-02	9.452000e-03	1.786000e-03	2.450000e-04	1.640000e-04	1.780000e-04	3.370000e-04
-5.400000e+00	2.737900e-02	3.026800e-02	9.398900e-02	2.376000e-03	2.350000e-03	3.799000e-03	1.694800e-02	1.324100e-02	1.051100e-02	2.376000e-03	2.660000e-04	1.800000e-04	1.960000e-04	3.480000e-04
-5.350000e+00	2.986000e-02	3.302200e-02	9.580000e-02	3.181000e-03	3.118000e-03	5.060000e-03	1.922900e-02	1.444700e-02	1.179400e-02	3.150000e-03	2.880000e-04	1.970000e-04	2.170000e-04	3.600000e-04
-5.300000e+00	3.244200e-02	3.584200e-02	9.755100e-02	4.201000e-03	4.193000e-03	6.685000e-03	2.192800e-02	1.598900e-02	1.341000e-02	4.179000e-03	3.130000e-04	2.170000e-04	2.410000e-04	3.740000e-04
-5.250000e+00	3.507400e-02	3.897500e-02	9.929200e-02	5.557000e-03	5.585000e-03	8.671000e-03	2.525700e-02	1.790100e-02	1.538100e-02	5.558000e-03	3.530000e-04	2.390000e-04	2.680000e-04	3.900000e-04
-5.200000e+00	3.755100e-02	4.198100e-02	1.005240e-01	7.396000e-03	7.482000e-03	1.123600e-02	2.950100e-02	2.028900e-02	1.768000e-02	7.266000e-03	3.910000e-04	2.630000e-04	3.000000e-04	4.090000e-04
-5.150000e+00	4.010800e-02	4.512700e-02	1.017020e-01	9.783000e-03	9.869000e-03	1.443700e-02	3.475500e-02	2.320300e-02	2.063400e-02	9.550000e-03	4.230000e-04	2.910000e-04	3.400000e-04	4.310000e-04
-5.100000e+00	4.260300e-02	4.835200e-02	1.028760e-01	1.285300e-02	1.290600e-02	1.855700e-02	4.119500e-02	2.672400e-02	2.429000e-02	1.260200e-02	4.660000e-04	3.230000e-04	3.930000e-04	4.580000e-04
-5.050000e+00	4.498800e-02	5.176300e-02	1.039470e-01	1.678000e-02	1.681700e-02	2.375500e-02	4.893500e-02	3.095500e-02	2.881600e-02	1.659000e-02	5.270000e-04	3.610000e-04	4.600000e-04	4.890000e-04
-5.000000e+00	4.733100e-02	5.550200e-02	1.048550e-01	2.182400e-02	2.189500e-02	3.013100e-02	5.816800e-02	3.608200e-02	3.449200e-02	2.165700e-02	6.030000e-04	4.060000e-04	5.410000e-04	5.280000e-04
-4.950000e+00	4.982500e-02	5.953400e-02	1.057850e-01	2.841600e-02	2.852300e-02	3.815200e-02	6.955000e-02	4.251900e-02	4.161900e-02	2.802400e-02	6.930000e-04	4.590000e-04	6.340000e-04	5.750000e-04
-4.900000e+00	5.221400e-02	6.431600e-02	1.061650e-01	3.691800e-02	3.701000e-02	4.842200e-02	8.329800e-02	5.031800e-02	5.045800e-02	3.648000e-02	7.830000e-04	5.250000e-04	7.300000e-04	6.350000e-04
-4.850000e+00	5.484200e-02	6.995700e-02	1.066510e-01	4.768400e-02	4.796800e-02	6.143200e-02	1.003210e-01	6.002400e-02	6.116900e-02	4.740500e-02	8.840000e-04	6.060000e-04	8.300000e-04	7.090000e-04
-4.800000e+00	5.733600e-02	7.735100e-02	1.072610e-01	6.147800e-02	6.177100e-02	7.741900e-02	1.211490e-01	7.188400e-02	7.446400e-02	6.131000e-02	9.990000e-04	7.040000e-04	9.380000e-04	8.010000e-04
-4.750000e+00	5.969600e-02	8.803900e-02	1.077140e-01	7.908600e-02	7.911800e-02	9.723200e-02	1.466570e-01	8.619200e-02	9.085100e-02	7.882700e-02	1.145000e-03	8.250000e-04	1.061000e-03	9.160000e-04
-4.700000e+00	6.208200e-02	1.043530e-01	1.078530e-01	1.013310e-01	1.011110e-01	1.222860e-01	1.779540e-01	1.033690e-01	1.107470e-01	1.007930e-01	1.343000e-03	9.760000e-04	1.209000e-03	1.061000e-03
-4.650000e+00	6.452600e-02	1.296880e-01	1.080910e-01	1.293170e-01	1.290740e-01	1.537470e-01	2.159500e-01	1.241260e-01	1.349510e-01	1.283820e-01	1.578000e-03	1.162000e-03	1.391000e-03	1.241000e-03
-4.600000e+00	6.717700e-02	1.458690e-01	1.084720e-01	1.641240e-01	1.642040e-01	1.925290e-01	2.624030e-01	1.492450e-01	1.642440e-01	1.632260e-01	1.815000e-03	1.393000e-03	1.618000e-03	1.466000e-03
-4.550000e+00	7.001500e-02	1.552870e-01	1.088620e-01	2.077940e-01	2.077560e-01	2.401490e-01	3.192900e-01	1.794230e-01	1.999190e-01	2.067360e-01	2.086000e-03	1.677000e-03	1.897000e-03	1.745000e-03
-4.500000e+00	7.289500e-02	1.603510e-01	1.093210e-01	2.620360e-01	2.618260e-01	2.986940e-01	3.889770e-01	2.153390e-01	2.430290e-01	2.608330e-01	2.419000e-03	2.025000e-03	2.240000e-03	2.087000e-03
-4.450000e+00	7.566300e-02	1.630460e-01	1.097230e-01	3.289210e-01	3.285450e-01	3.703530e-01	4.738360e-01	2.583220e-01	2.948070e-01	3.275020e-01	2.833000e-03	2.451000e-03	2.659000e-03	2.507000e-03
-4.400000e+00	7.830600e-02	1.645570e-01	1.099750e-01	4.109180e-01	4.101790e-01	4.576000e-01	5.764450e-01	3.100850e-01	3.565710e-01	4.089220e-01	3.338000e-03	2.967000e-03	3.168000e-03	3.018000e-03
-4.350000e+00	8.113700e-02	1.654040e-01	1.102490e-01	5.108080e-01	5.097330e-01	5.638500e-01	7.002790e-01	3.717710e-01	4.294670e-01	5.080140e-01	3.943000e-03	3.591000e-03	3.785000e-03	3.636000e-03
-4.300000e+00	8.364800e-02	1.665820e-01	1.106590e-01	6.303320e-01	6.299080e-01	6.914580e-01	8.481220e-01	4.441940e-01	5.162860e-01	6.277180e-01	4.664000e-03	4.337000e-03	4.525000e-03	4.377000e-03
-4.250000e+00	8.602400e-02	1.677160e-01	1.115890e-01	7.738310e-01	7.738740e-01	8.437600e-01	1.023846e+00	5.288080e-01	6.186920e-01	7.710580e-01	5.543000e-03	5.227000e-03	5.409000e-03	5.262000e-03
-4.200000e+00	8.883900e-02	1.685770e-01	1.123340e-01	9.455670e-01	9.455000e-01	1.024583e+00	1.231461e+00	6.270700e-01	7.380830e-01	9.417100e-01	6.589000e-03	6.282000e-03	6.457000e-03	6.311000e-03
-4.150000e+00	9.196400e-02	1.692230e-01	1.129970e-01	1.149120e+00	1.148475e+00	1.238238e+00	1.475789e+00	7.413680e-01	8.764800e-01	1.143811e+00	7.812000e-03	7.523000e-03	7.692000e-03	7.548000e-03
-4.100000e+00	9.509500e-02	1.697790e-01	1.139260e-01	1.387908e+00	1.386634e+00	1.489077e+00	1.762220e+00	8.743890e-01	1.036296e+00	1.381878e+00	9.226000e-03	8.978000e-03	9.140000e-03	8.999000e-03
-4.050000e+00	9.838100e-02	1.702070e-01	1.151280e-01	1.667233e+00	1.665153e+00	1.780470e+00	2.095895e+00	1.027377e+00	1.219498e+00	1.660581e+00	1.084600e-02	1.067100e-02	1.082600e-02	1.068700e-02
-4.000000e+00	1.014590e-01	1.709680e-01	1.163430e-01	1.987506e+00	1.987360e+00	2.116006e+00	2.478804e+00	1.201286e+00	1.429417e+00	1.980910e+00	1.273000e-02	1.261200e-02	1.276100e-02	1.262400e-02
-3.950000e+00	1.048990e-01	1.723990e-01	1.179060e-01	2.356273e+00	2.355779e+00	2.500631e+00	2.916400e+00	1.397280e+00	1.668914e+00	2.348696e+00	1.488800e-02	1.483600e-02	1.497800e-02	1.484500e-02
-3.900000e+00	1.083790e-01	1.735750e-01	1.196710e-01	2.777395e+00	2.775878e+00	2.938863e+00	3.414855e+00	1.619338e+00	1.938716e+00	2.768195e+00	1.735400e-02	1.736800e-02	1.750400e-02	1.737400e-02
-3.850000e+00	1.119580e-01	1.744560e-01	1.215180e-01	3.253899e+00	3.252188e+00	3.435050e+00	3.979391e+00	1.869907e+00	2.241712e+00	3.243231e+00	2.015400e-02	2.023300e-02	2.036200e-02	2.023600e-02
-3.800000e+00	1.157550e-01	1.754370e-01	1.234200e-01	3.788690e+00	3.787826e+00	3.992920e+00	4.614135e+00	2.150381e+00	2.581933e+00	3.776831e+00	2.329800e-02	2.344800e-02	2.357000e-02	2.344900e-02
-3.750000e+00	1.195650e-01	1.768730e-01	1.255150e-01	4.386292e+00	4.384299e+00	4.614838e+00	5.322507e+00	2.462855e+00	2.961550e+00	4.370767e+00	2.678800e-02	2.703100e-02	2.714600e-02	2.703000e-02
-3.700000e+00	1.233980e-01	1.785000e-01	1.282250e-01	5.040739e+00	5.035761e+00	5.293658e+00	6.096468e+00	2.807240e+00	3.378402e+00	5.024149e+00	3.058800e-02	3.095500e-02	3.106400e-02	3.095300e-02
-3.650000e+00	1.274940e-01	1.802840e-01	1.312590e-01	5.756142e+00	5.749938e+00	6.041950e+00	6.944699e+00	3.185443e+00	3.837456e+00	5.737952e+00	3.479500e-02	3.525400e-02	3.535600e-02	3.525100e-02
-3.600000e+00	1.318950e-01	1.822740e-01	1.346570e-01	6.534117e+00	6.525469e+00	6.856395e+00	7.870793e+00	3.599553e+00	4.339594e+00	6.513890e+00	3.937800e-02	3.993000e-02	4.002600e-02	3.992800e-02
-3.550000e+00	1.364370e-01	1.845690e-01	1.383770e-01	7.373801e+00	7.362329e+00	7.733578e+00	8.873192e+00	4.051590e+00	4.885458e+00	7.350270e+00	4.433500e-02	4.498100e-02	4.507000e-02	4.498000e-02
-3.500000e+00	1.410160e-01	1.871140e-01	1.422570e-01	8.271282e+00	8.259516e+00	8.671171e+00	9.947859e+00	4.541550e+00	5.475327e+00	8.242970e+00	4.964700e-02	5.039200e-02	5.047400e-02	5.039400e-02
-3.450000e+00	1.459150e-01	1.894840e-01	1.459880e-01	9.219294e+00	9.210366e+00	9.669378e+00	1.109435e+01	5.064126e+00	6.108886e+00	9.188078e+00	5.519300e-02	5.613900e-02	5.621400e-02	5.614500e-02
-3.400000e+00	1.507780e-01	1.918430e-01	1.502350e-01	1.019783e+01	1.019143e+01	1.070428e+01	1.228758e+01	5.620149e+00	6.777534e+00	1.016570e+01	6.102100e-02	6.211100e-02	6.217900e-02	6.212000e-02
-3.350000e+00	1.556200e-01	1.940090e-01	1.549540e-01	1.121331e+01	1.120964e+01	1.178001e+01	1.353235e+01	6.211132e+00	7.485353e+00	1.118022e+01	6.709400e-02	6.833500e-02	6.839700e-02	6.835000e-02
-3.300000e+00	1.605920e-01	1.965300e-01	1.600800e-01	1.225708e+01	1.225373e+01	1.289005e+01	1.482184e+01	6.835730e+00	8.230444e+00	1.222257e+01	7.335500e-02	7.475900e-02	7.481500e-02	7.478300e-02
-3.250000e+00	1.655990e-01	1.992990e-01	1.656310e-01	1.331824e+01	1.331442e+01	1.402492e+01	1.614737e+01	7.490420e+00	9.009296e+00	1.328149e+01	7.977200e-02	8.132900e-02	8.137800e-02	8.136100e-02
-3.200000e+00	1.706010e-01	2.020030e-01	1.716370e-01	1.438573e+01	1.438193e+01	1.517468e+01	1.749823e+01	8.170797e+00	9.816817e+00	1.434511e+01	8.630900e-02	8.798000e-02	8.802300e-02	8.802300e-02
-3.150000e+00	1.759750e-01	2.046090e-01	1.780450e-01	1.545146e+01	1.544169e+01	1.633280e+01	1.886177e+01	8.873886e+00	1.064658e+01	1.540330e+01	9.289500e-02	9.463800e-02	9.467400e-02	9.469500e-02
-3.100000e+00	1.810350e-01	2.071530e-01	1.845240e-01	1.647031e+01	1.646200e+01	1.745458e+01	2.020447e+01	9.587445e+00	1.148095e+01	1.641768e+01	9.925300e-02	1.010880e-01	1.011170e-01	1.011600e-01
-3.050000e+00	1.862270e-01	2.095780e-01	1.911580e-01	1.745487e+01	1.744463e+01	1.855420e+01	2.153268e+01	1.030983e+01	1.232389e+01	1.739900e+01	1.054870e-01	1.073700e-01	1.073930e-01	1.074600e-01
-3.000000e+00	1.912840e-01	2.120530e-01	1.984150e-01	1.839179e+01	1.838024e+01	1.962026e+01	2.283334e+01	1.103909e+01	1.316918e+01	1.832992e+01	1.115310e-01	1.134000e-01	1.134150e-01	1.135120e-01
-2.950000e+00	1.960850e-01	2.144510e-01	2.064260e-01	1.926844e+01	1.925578e+01	2.064125e+01	2.409342e+01	1.176637e+01	1.400814e+01	1.920031e+01	1.172780e-01	1.190920e-01	1.191010e-01	1.192300e-01
-2.900000e+00	2.006170e-01	2.166070e-01	2.150750e-01	2.007214e+01	2.005663e+01	2.160452e+01	2.530034e+01	1.248097e+01	1.483052e+01	2.000093e+01	1.226410e-01	1.243650e-01	1.243680e-01	1.245310e-01
-2.850000e+00	2.049250e-01	2.185860e-01	2.241120e-01	2.078890e+01	2.076955e+01	2.249487e+01	2.644240e+01	1.317803e+01	1.562609e+01	2.071496e+01	1.276290e-01	1.291410e-01	1.291370e-01	1.293400e-01
-2.800000e+00	2.091920e-01	2.200940e-01	2.333490e-01	2.138269e+01	2.136237e+01	2.327518e+01	2.747821e+01	1.383655e+01	1.637202e+01	2.130752e+01	1.320200e-01	1.331550e-01	1.331440e-01	1.333920e-01
-2.750000e+00	2.132070e-01	2.213780e-01	2.439890e-01	2.187310e+01	2.185418e+01	2.396968e+01	2.841850e+01	1.446107e+01	1.706858e+01	2.179601e+01	1.358680e-01	1.365180e-01	1.365000e-01	1.367990e-01
-2.700000e+00	2.167000e-01	2.224440e-01	2.551550e-01	2.225715e+01	2.223907e+01	2.457022e+01	2.924917e+01	1.503935e+01	1.770709e+01	2.217798e+01	1.391610e-01	1.391730e-01	1.391490e-01	1.395040e-01
-2.650000e+00	2.197720e-01	2.232760e-01	2.670400e-01	2.253035e+01	2.251346e+01	2.507733e+01	2.995371e+01	1.556231e+01	1.827558e+01	2.244844e+01	1.419360e-01	1.410800e-01	1.410490e-01	1.414670e-01
-2.600000e+00	2.226220e-01	2.238580e-01	2.801280e-01	2.269140e+01	2.267677e+01	2.549462e+01	3.051698e+01	1.602352e+01	1.876403e+01	2.260583e+01	1.441780e-01	1.422140e-01	1.421770e-01	1.426640e-01
-2.550000e+00	2.252380e-01	2.241950e-01	2.941470e-01	2.274709e+01	2.273212e+01	2.582227e+01	3.092940e+01	1.641833e+01	1.917061e+01	2.265845e+01	1.457090e-01	1.425640e-01	1.425200e-01	1.430840e-01
-2.500000e+00	2.271390e-01	2.242550e-01	3.098860e-01	2.267797e+01	2.265947e+01	2.603670e+01	3.115948e+01	1.672198e+01	1.947022e+01	2.258298e+01	1.466640e-01	1.419430e-01	1.418920e-01	1.425440e-01
-2.450000e+00	2.291250e-01	2.237650e-01	3.270980e-01	2.251515e+01	2.248850e+01	2.617970e+01	3.123883e+01	1.694630e+01	1.967258e+01	2.241199e+01	1.470410e-01	1.405660e-01	1.405090e-01	1.412570e-01
-2.400000e+00	2.308840e-01	2.230570e-01	3.463060e-01	2.226431e+01	2.223203e+01	2.625043e+01	3.116545e+01	1.709117e+01	1.977748e+01	2.215622e+01	1.468520e-01	1.384650e-01	1.384010e-01	1.392530e-01
-2.350000e+00	2.321840e-01	2.222380e-01	3.675160e-01	2.193142e+01	2.189643e+01	2.625104e+01	3.093713e+01	1.715348e+01	1.978334e+01	2.182251e+01	1.461910e-01	1.356810e-01	1.356100e-01	1.365760e-01
-2.300000e+00	2.329850e-01	2.211090e-01	3.905930e-01	2.152359e+01	2.148708e+01	2.618190e+01	3.054876e+01	1.713084e+01	1.968793e+01	2.141706e+01	1.451410e-01	1.322660e-01	1.321880e-01	1.332790e-01
-2.250000e+00	2.335690e-01	2.191010e-01	4.158040e-01	2.104973e+01	2.101354e+01	2.603702e+01	2.999001e+01	1.702557e+01	1.948936e+01	2.094848e+01	1.436700e-01	1.282730e-01	1.281890e-01	1.294130e-01
-2.200000e+00	2.343310e-01	2.167290e-01	4.446670e-01	2.050444e+01	2.046131e+01	2.580300e+01	2.921605e+01	1.681501e+01	1.916697e+01	2.040508e+01	1.418370e-01	1.236140e-01	1.235240e-01	1.248960e-01
-2.150000e+00	2.347860e-01	2.143660e-01	4.769810e-01	1.991176e+01	1.986538e+01	2.549183e+01	2.828313e+01	1.652366e+01	1.874593e+01	1.980667e+01	1.397220e-01	1.185270e-01	1.184300e-01	1.199600e-01
-2.100000e+00	2.351310e-01	2.119060e-01	5.123730e-01	1.927486e+01	1.922446e+01	2.508612e+01	2.720516e+01	1.615256e+01	1.823398e+01	1.916530e+01	1.372850e-01	1.130840e-01	1.129810e-01	1.146780e-01
-2.050000e+00	2.351020e-01	2.095000e-01	5.510160e-01	1.860008e+01	1.854547e+01	2.456798e+01	2.602184e+01	1.571265e+01	1.763721e+01	1.848943e+01	1.345910e-01	1.073580e-01	1.072490e-01	1.091210e-01
-2.000000e+00	2.346230e-01	2.072060e-01	5.933170e-01	1.789428e+01	1.783685e+01	2.391450e+01	2.478124e+01	1.521425e+01	1.696515e+01	1.778480e+01	1.317680e-01	1.014180e-01	1.013030e-01	1.033570e-01
-1.950000e+00	2.344510e-01	2.046540e-01	6.394260e-01	1.716266e+01	1.710301e+01	2.309465e+01	2.352523e+01	1.465805e+01	1.623484e+01	1.705543e+01	1.289830e-01	9.532900e-02	9.520700e-02	9.744900e-02
-1.900000e+00	2.342810e-01	2.014980e-01	6.889840e-01	1.639983e+01	1.633613e+01	2.201720e+01	2.221447e+01	1.403946e+01	1.543436e+01	1.628745e+01	1.257950e-01	8.903700e-02	8.890900e-02	9.135200e-02
-1.850000e+00	2.339180e-01	1.987710e-01	7.423990e-01	1.562556e+01	1.555422e+01	2.080777e+01	2.084825e+01	1.338007e+01	1.460942e+01	1.550935e+01	1.227940e-01	8.271500e-02	8.258100e-02	8.522900e-02
-1.800000e+00	2.332760e-01	1.960930e-01	7.994320e-01	1.484557e+01	1.476708e+01	1.961835e+01	1.944162e+01	1.269099e+01	1.376598e+01	1.472758e+01	1.195250e-01	7.642000e-02	7.628000e-02	7.913600e-02
-1.750000e+00	2.327880e-01	1.934580e-01	8.598670e-01	1.406237e+01	1.397884e+01	1.848800e+01	1.800815e+01	1.198126e+01	1.290999e+01	1.394404e+01	1.161920e-01	7.020900e-02	7.006300e-02	7.312700e-02
-1.700000e+00	2.326210e-01	1.908710e-01	9.236170e-01	1.327792e+01	1.319237e+01	1.739345e+01	1.656180e+01	1.125818e+01	1.204648e+01	1.316009e+01	1.129430e-01	6.413300e-02	6.398200e-02	6.724900e-02
-1.650000e+00	2.318960e-01	1.880130e-01	9.908650e-01	1.249568e+01	1.241239e+01	1.628884e+01	1.511815e+01	1.052754e+01	1.117899e+01	1.237946e+01	1.092650e-01	5.823100e-02	5.807700e-02	6.153800e-02
-1.600000e+00	2.315690e-01	1.850690e-01	1.060239e+00	1.171053e+01	1.163242e+01	1.512925e+01	1.365869e+01	9.781562e+00	1.030532e+01	1.160111e+01	1.054430e-01	5.246800e-02	5.230600e-02	5.597300e-02
-1.550000e+00	2.311260e-01	1.824540e-01	1.131947e+00	1.093976e+01	1.086530e+01	1.395398e+01	1.223705e+01	9.041699e+00	9.444112e+00	1.083949e+01	1.015450e-01	4.696700e-02	4.680000e-02	5.066100e-02
-1.500000e+00	2.304960e-01	1.798920e-01	1.205241e+00	1.018311e+01	1.011227e+01	1.277608e+01	1.086819e+01	8.311348e+00	8.602874e+00	1.009298e+01	9.748400e-02	4.175900e-02	4.158700e-02	4.562500e-02
-1.450000e+00	2.297530e-01	1.771690e-01	1.279656e+00	9.443662e+00	9.379310e+00	1.160748e+01	9.562943e+00	7.597431e+00	7.788762e+00	9.365631e+00	9.330400e-02	3.686800e-02	3.669100e-02	4.088500e-02
-1.400000e+00	2.290740e-01	1.742940e-01	1.354586e+00	8.724726e+00	8.670807e+00	1.045890e+01	8.330782e+00	6.907024e+00	7.007969e+00	8.660922e+00	8.899800e-02	3.231200e-02	3.213000e-02	3.645500e-02
-1.350000e+00	2.286890e-01	1.716640e-01	1.428669e+00	8.027724e+00	7.985458e+00	9.339960e+00	7.181067e+00	6.245186e+00	6.265363e+00	7.977831e+00	8.436300e-02	2.810100e-02	2.791600e-02	3.234200e-02
-1.300000e+00	2.283870e-01	1.691690e-01	1.499730e+00	7.345974e+00	7.318101e+00	8.238030e+00	6.106248e+00	5.600830e+00	5.550128e+00	7.314122e+00	7.977600e-02	2.419500e-02	2.400600e-02	2.851300e-02
-1.250000e+00	2.279140e-01	1.666350e-01	1.567858e+00	6.688317e+00	6.679517e+00	7.191146e+00	5.131646e+00	4.989647e+00	4.881969e+00	6.673765e+00	7.538900e-02	2.065200e-02	2.045900e-02	2.500700e-02
-1.200000e+00	2.272860e-01	1.642520e-01	1.632187e+00	6.057602e+00	6.067991e+00	6.206519e+00	4.260814e+00	4.415135e+00	4.262533e+00	6.061202e+00	7.092300e-02	1.746900e-02	1.727400e-02	2.181700e-02
-1.150000e+00	2.265550e-01	1.618420e-01	1.691072e+00	5.455754e+00	5.484393e+00	5.290554e+00	3.493890e+00	3.877068e+00	3.692072e+00	5.478205e+00	6.645500e-02	1.463900e-02	1.444200e-02	1.893100e-02
-1.100000e+00	2.257490e-01	1.591930e-01	1.742752e+00	4.884198e+00	4.929992e+00	4.448566e+00	2.828668e+00	3.375884e+00	3.170705e+00	4.925594e+00	6.199400e-02	1.214900e-02	1.195000e-02	1.633400e-02
-1.050000e+00	2.248220e-01	1.563720e-01	1.786191e+00	4.344141e+00	4.405167e+00	3.684590e+00	2.261066e+00	2.914571e+00	2.698886e+00	4.404307e+00	5.718500e-02	9.981000e-03	9.782000e-03	1.400800e-02
-1.000000e+00	2.235270e-01	1.537380e-01	1.816774e+00	3.827940e+00	3.908192e+00	2.993904e+00	1.774462e+00	2.488304e+00	2.269272e+00	3.906926e+00	5.247700e-02	8.094000e-03	7.895000e-03	1.191300e-02
-9.500000e-01	2.220220e-01	1.511110e-01	1.833378e+00	3.346129e+00	3.442220e+00	2.394354e+00	1.373168e+00	2.103615e+00	1.888416e+00	3.441201e+00	4.774100e-02	6.492000e-03	6.293000e-03	1.005000e-02
-9.000000e-01	2.201810e-01	1.480940e-01	1.834244e+00	2.898900e+00	3.006498e+00	1.881773e+00	1.046896e+00	1.758833e+00	1.554114e+00	3.006483e+00	4.346900e-02	5.152000e-03	4.953000e-03	8.399000e-03
-8.500000e-01	2.180070e-01	1.449430e-01	1.818743e+00	2.485896e+00	2.601821e+00	1.452458e+00	7.860550e-01	1.452745e+00	1.263728e+00	2.602708e+00	3.937400e-02	4.047000e-03	3.850000e-03	6.945000e-03
-8.000000e-01	2.154860e-01	1.419410e-01	1.786160e+00	2.107454e+00	2.229406e+00	1.100603e+00	5.807730e-01	1.184325e+00	1.014418e+00	2.230792e+00	3.521300e-02	3.148000e-03	2.956000e-03	5.671000e-03
-7.500000e-01	2.124410e-01	1.388260e-01	1.734565e+00	1.764872e+00	1.890195e+00	8.180640e-01	4.212520e-01	9.524290e-01	8.032010e-01	1.892480e+00	3.124400e-02	2.428000e-03	2.242000e-03	4.560000e-03
-7.000000e-01	2.095160e-01	1.350050e-01	1.655578e+00	1.451166e+00	1.576954e+00	5.934920e-01	2.982030e-01	7.503910e-01	6.238160e-01	1.578688e+00	2.739900e-02	1.859000e-03	1.676000e-03	3.577000e-03
-6.500000e-01	2.057000e-01	1.313830e-01	1.559744e+00	1.174268e+00	1.295681e+00	4.221110e-01	2.064500e-01	5.805630e-01	4.758250e-01	1.296767e+00	2.398400e-02	1.421000e-03	1.243000e-03	2.736000e-03
-6.000000e-01	2.012610e-01	1.276640e-01	1.446382e+00	9.333640e-01	1.046716e+00	2.939320e-01	1.398050e-01	4.406430e-01	3.563700e-01	1.047403e+00	2.085000e-02	1.089000e-03	9.180000e-04	2.028000e-03
-5.500000e-01	1.962430e-01	1.235140e-01	1.316383e+00	7.268670e-01	8.291910e-01	2.001960e-01	9.225300e-02	3.276780e-01	2.616580e-01	8.300460e-01	1.780900e-02	8.410000e-04	6.770000e-04	1.450000e-03
-5.000000e-01	1.906150e-01	1.188980e-01	1.172649e+00	5.529930e-01	6.420720e-01	1.332630e-01	5.907800e-02	2.391770e-01	1.878550e-01	6.432860e-01	1.480800e-02	6.580000e-04	5.020000e-04	9.940000e-04
-4.500000e-01	1.844000e-01	1.143400e-01	1.020092e+00	4.098220e-01	4.843930e-01	8.663000e-02	3.669800e-02	1.727910e-01	1.314490e-01	4.852720e-01	1.197900e-02	5.250000e-04	3.770000e-04	6.480000e-04
-4.000000e-01	1.773590e-01	1.096350e-01	8.570710e-01	2.927540e-01	3.510950e-01	5.463600e-02	2.192000e-02	1.291610e-01	8.904500e-02	3.516940e-01	1.019500e-02	4.010000e-04	2.740000e-04	4.080000e-04
-3.500000e-01	1.695870e-01	1.045030e-01	6.947000e-01	2.020440e-01	2.448420e-01	3.367200e-02	1.261700e-02	9.449300e-02	5.840300e-02	2.451340e-01	8.404000e-03	2.680000e-04	1.780000e-04	2.170000e-04
-3.000000e-01	1.617430e-01	9.917000e-02	5.400230e-01	1.339400e-01	1.628720e-01	2.041000e-02	6.886000e-03	6.908200e-02	3.710200e-02	1.632630e-01	6.605000e-03	1.550000e-04	1.010000e-04	1.040000e-04
-2.500000e-01	1.538690e-01	9.359200e-02	4.025880e-01	8.548100e-02	1.033840e-01	1.227800e-02	3.537000e-03	5.029900e-02	2.288900e-02	1.037750e-01	4.976000e-03	7.400000e-05	4.900000e-05	4.500000e-05
-2.000000e-01	1.454270e-01	8.788200e-02	2.807890e-01	5.163400e-02	6.070400e-02	7.562000e-03	1.651000e-03	3.262300e-02	1.358000e-02	6.117700e-02	3.795000e-03	1.200000e-05	1.000000e-05	1.000000e-05
-1.500000e-01	1.370640e-01	8.216200e-02	1.840410e-01	2.992500e-02	3.303900e-02	4.993000e-03	6.860000e-04	2.188200e-02	7.704000e-03	3.326800e-02	4.167000e-03	3.000000e-06	3.000000e-06	3.000000e-06
-1.000000e-01	1.292300e-01	7.649700e-02	1.143010e-01	1.698500e-02	1.686900e-02	3.540000e-03	2.600000e-04	8.484000e-03	4.019000e-03	1.687100e-02	5.126600e-02	0.000000e+00	0.000000e+00	0.000000e+00
-5.000000e-02	1.208880e-01	7.009500e-02	7.162200e-02	9.946000e-03	8.634000e-03	2.602000e-03	1.050000e-04	2.556000e-03	1.878000e-03	8.591000e-03	2.806189e+00	0.000000e+00	0.000000e+00	0.000000e+00
0.000000e+00	1.154100e-01	6.606500e-02	5.493600e-02	7.210000e-03	5.671000e-03	2.166000e-03	5.800000e-05	1.472000e-03	1.061000e-03	5.649000e-03	7.033761e+01	0.000000e+00	0.000000e+00	0.000000e+00
