-8.900000e+00	0.000000e+00	0.000000e+00	0.000000e+00	0.000000e+00	0.000000e+00	0.000000e+00	1.000000e-06	1.000000e-06	0.000000e+00	0.000000e+00	0.000000e+00	0.000000e+00	0.000000e+00	0.000000e+00
-8.850000e+00	0.000000e+00	0.000000e+00	0.000000e+00	0.000000e+00	0.000000e+00	0.000000e+00	0.000000e+00	3.000000e-06	0.000000e+00	0.000000e+00	0.000000e+00	0.000000e+00	0.000000e+00	0.000000e+00
-8.800000e+00	0.000000e+00	0.000000e+00	0.000000e+00	0.000000e+00	0.000000e+00	0.000000e+00	1.000000e-06	6.000000e-06	0.000000e+00	0.000000e+00	0.000000e+00	0.000000e+00	0.000000e+00	0.000000e+00
-8.750000e+00	0.000000e+00	0.000000e+00	0.000000e+00	0.000000e+00	0.000000e+00	0.000000e+00	2.000000e-06	1.300000e-05	0.000000e+00	0.000000e+00	0.000000e+00	0.000000e+00	0.000000e+00	0.000000e+00
-8.700000e+00	0.000000e+00	0.000000e+00	0.000000e+00	0.000000e+00	0.000000e+00	0.000000e+00	5.000000e-06	2.500000e-05	0.000000e+00	0.000000e+00	0.000000e+00	0.000000e+00	0.000000e+00	0.000000e+00
-8.650000e+00	0.000000e+00	0.000000e+00	0.000000e+00	0.000000e+00	0.000000e+00	0.000000e+00	9.000000e-06	4.100000e-05	0.000000e+00	0.000000e+00	0.000000e+00	0.000000e+00	0.000000e+00	0.000000e+00
-8.600000e+00	0.000000e+00	0.000000e+00	0.000000e+00	0.000000e+00	0.000000e+00	0.000000e+00	2.100000e-05	5.900000e-05	0.000000e+00	0.000000e+00	0.000000e+00	0.000000e+00	0.000000e+00	0.000000e+00
-8.550000e+00	0.000000e+00	0.000000e+00	0.000000e+00	0.000000e+00	0.000000e+00	0.000000e+00	3.900000e-05	8.700000e-05	0.000000e+00	0.000000e+00	0.000000e+00	0.000000e+00	0.000000e+00	0.000000e+00
-8.500000e+00	0.000000e+00	0.000000e+00	0.000000e+00	0.000000e+00	0.000000e+00	0.000000e+00	5.400000e-05	1.160000e-04	2.000000e-06	0.000000e+00	0.000000e+00	0.000000e+00	0.000000e+00	0.000000e+00
-8.450000e+00	0.000000e+00	0.000000e+00	0.000000e+00	0.000000e+00	0.000000e+00	0.000000e+00	8.300000e-05	1.470000e-04	3.000000e-06	0.000000e+00	0.000000e+00	0.000000e+00	0.000000e+00	0.000000e+00
-8.400000e+00	0.000000e+00	0.000000e+00	0.000000e+00	0.000000e+00	0.000000e+00	2.000000e-06	1.250000e-04	1.830000e-04	6.000000e-06	0.000000e+00	1.000000e-06	0.000000e+00	0.000000e+00	0.000000e+00
-8.350000e+00	0.000000e+00	0.000000e+00	0.000000e+00	0.000000e+00	0.000000e+00	2.000000e-06	1.770000e-04	2.310000e-04	1.000000e-05	0.000000e+00	2.000000e-06	1.000000e-06	1.000000e-06	1.000000e-06
-8.300000e+00	0.000000e+00	0.000000e+00	1.000000e-06	0.000000e+00	0.000000e+00	4.000000e-06	2.430000e-04	2.930000e-04	1.700000e-05	0.000000e+00	3.000000e-06	2.000000e-06	2.000000e-06	2.000000e-06
-8.250000e+00	1.000000e-06	1.000000e-06	2.000000e-06	1.000000e-06	1.000000e-06	5.000000e-06	3.320000e-04	3.390000e-04	2.600000e-05	0.000000e+00	4.000000e-06	3.000000e-06	3.000000e-06	3.000000e-06
-8.200000e+00	2.000000e-06	2.000000e-06	3.000000e-06	2.000000e-06	2.000000e-06	8.000000e-06	4.470000e-04	3.930000e-04	3.800000e-05	0.000000e+00	6.000000e-06	3.000000e-06	3.000000e-06	3.000000e-06
-8.150000e+00	2.000000e-06	2.000000e-06	3.000000e-06	2.000000e-06	2.000000e-06	1.000000e-05	5.860000e-04	4.530000e-04	5.500000e-05	0.000000e+00	8.000000e-06	5.000000e-06	5.000000e-06	5.000000e-06
-8.100000e+00	3.000000e-06	3.000000e-06	4.000000e-06	3.000000e-06	3.000000e-06	1.400000e-05	7.490000e-04	5.350000e-04	7.700000e-05	0.000000e+00	1.100000e-05	6.000000e-06	6.000000e-06	6.000000e-06
-8.050000e+00	4.000000e-06	4.000000e-06	5.000000e-06	4.000000e-06	4.000000e-06	1.900000e-05	9.420000e-04	6.370000e-04	1.050000e-04	0.000000e+00	1.300000e-05	8.000000e-06	8.000000e-06	8.000000e-06
-8.000000e+00	5.000000e-06	5.000000e-06	6.000000e-06	5.000000e-06	5.000000e-06	2.400000e-05	1.181000e-03	7.480000e-04	1.400000e-04	0.000000e+00	1.700000e-05	9.000000e-06	9.000000e-06	9.000000e-06
-7.950000e+00	7.000000e-06	7.000000e-06	7.000000e-06	6.000000e-06	6.000000e-06	3.000000e-05	1.483000e-03	8.660000e-04	1.760000e-04	0.000000e+00	2.100000e-05	1.200000e-05	1.200000e-05	1.200000e-05
-7.900000e+00	8.000000e-06	8.000000e-06	8.000000e-06	7.000000e-06	7.000000e-06	3.600000e-05	1.771000e-03	1.006000e-03	2.220000e-04	0.000000e+00	2.500000e-05	1.400000e-05	1.400000e-05	1.400000e-05
-7.850000e+00	1.000000e-05	9.000000e-06	1.000000e-05	8.000000e-06	8.000000e-06	4.300000e-05	2.081000e-03	1.144000e-03	2.700000e-04	0.000000e+00	3.000000e-05	1.700000e-05	1.700000e-05	1.700000e-05
-7.800000e+00	1.100000e-05	1.000000e-05	1.200000e-05	1.000000e-05	1.000000e-05	4.900000e-05	2.414000e-03	1.299000e-03	3.170000e-04	0.000000e+00	3.500000e-05	2.000000e-05	2.000000e-05	2.000000e-05
-7.750000e+00	1.200000e-05	1.100000e-05	1.400000e-05	1.100000e-05	1.100000e-05	5.600000e-05	2.798000e-03	1.478000e-03	3.620000e-04	0.000000e+00	4.000000e-05	2.300000e-05	2.300000e-05	2.300000e-05
-7.700000e+00	1.400000e-05	1.300000e-05	1.500000e-05	1.300000e-05	1.300000e-05	6.200000e-05	3.251000e-03	1.675000e-03	4.060000e-04	0.000000e+00	4.600000e-05	2.600000e-05	2.600000e-05	2.600000e-05
-7.650000e+00	1.600000e-05	1.500000e-05	1.800000e-05	1.500000e-05	1.500000e-05	6.800000e-05	3.692000e-03	1.869000e-03	4.560000e-04	0.000000e+00	5.200000e-05	3.000000e-05	3.000000e-05	3.000000e-05
-7.600000e+00	1.700000e-05	1.700000e-05	2.300000e-05	1.700000e-05	1.700000e-05	7.400000e-05	4.095000e-03	2.158000e-03	5.180000e-04	0.000000e+00	5.800000e-05	3.400000e-05	3.400000e-05	3.400000e-05
-7.550000e+00	1.900000e-05	1.900000e-05	2.700000e-05	1.900000e-05	1.900000e-05	7.800000e-05	4.502000e-03	2.459000e-03	5.620000e-04	0.000000e+00	6.400000e-05	3.800000e-05	3.800000e-05	3.800000e-05
-7.500000e+00	2.100000e-05	2.100000e-05	3.300000e-05	2.100000e-05	2.000000e-05	8.200000e-05	4.920000e-03	2.769000e-03	6.180000e-04	1.000000e-06	7.000000e-05	4.200000e-05	4.200000e-05	4.200000e-05
-7.450000e+00	2.300000e-05	2.200000e-05	4.300000e-05	2.300000e-05	2.200000e-05	8.600000e-05	5.333000e-03	3.093000e-03	6.840000e-04	0.000000e+00	7.600000e-05	4.500000e-05	4.500000e-05	4.700000e-05
-7.400000e+00	2.500000e-05	2.400000e-05	6.200000e-05	2.400000e-05	2.400000e-05	9.000000e-05	5.734000e-03	3.446000e-03	7.470000e-04	0.000000e+00	8.200000e-05	4.900000e-05	4.900000e-05	5.400000e-05
-7.350000e+00	2.700000e-05	2.600000e-05	1.050000e-04	2.600000e-05	2.600000e-05	9.300000e-05	6.170000e-03	3.884000e-03	8.120000e-04	0.000000e+00	8.600000e-05	5.300000e-05	5.300000e-05	6.400000e-05
-7.300000e+00	2.900000e-05	2.700000e-05	2.060000e-04	2.800000e-05	2.700000e-05	9.600000e-05	6.403000e-03	4.247000e-03	8.670000e-04	0.000000e+00	8.900000e-05	5.600000e-05	5.600000e-05	8.000000e-05
-7.250000e+00	3.000000e-05	2.900000e-05	4.460000e-04	2.900000e-05	2.800000e-05	9.900000e-05	6.707000e-03	4.772000e-03	9.400000e-04	0.000000e+00	9.200000e-05	5.800000e-05	5.800000e-05	1.030000e-04
-7.200000e+00	3.100000e-05	3.000000e-05	1.039000e-03	3.000000e-05	2.900000e-05	1.000000e-04	6.964000e-03	5.380000e-03	1.030000e-03	0.000000e+00	9.500000e-05	6.000000e-05	6.000000e-05	1.300000e-04
-7.150000e+00	3.200000e-05	3.200000e-05	2.543000e-03	3.100000e-05	3.000000e-05	1.020000e-04	7.122000e-03	5.963000e-03	1.127000e-03	0.000000e+00	9.600000e-05	6.200000e-05	6.200000e-05	1.570000e-04
-7.100000e+00	3.400000e-05	3.300000e-05	6.031000e-03	3.200000e-05	3.000000e-05	1.020000e-04	7.220000e-03	6.411000e-03	1.227000e-03	0.000000e+00	9.600000e-05	6.400000e-05	6.400000e-05	1.810000e-04
-7.050000e+00	3.600000e-05	3.400000e-05	1.141400e-02	3.400000e-05	3.100000e-05	1.040000e-04	7.407000e-03	6.652000e-03	1.345000e-03	0.000000e+00	9.800000e-05	6.500000e-05	6.500000e-05	2.020000e-04
-7.000000e+00	3.600000e-05	3.700000e-05	1.564100e-02	3.400000e-05	3.100000e-05	1.060000e-04	7.410000e-03	6.813000e-03	1.485000e-03	0.000000e+00	1.010000e-04	6.700000e-05	6.700000e-05	2.220000e-04
-6.950000e+00	3.700000e-05	3.900000e-05	1.943100e-02	3.600000e-05	3.200000e-05	1.060000e-04	7.426000e-03	6.905000e-03	1.644000e-03	0.000000e+00	1.030000e-04	6.800000e-05	6.800000e-05	2.410000e-04
-6.900000e+00	3.700000e-05	3.900000e-05	2.273300e-02	3.600000e-05	3.300000e-05	1.070000e-04	7.460000e-03	7.010000e-03	1.803000e-03	0.000000e+00	1.040000e-04	6.900000e-05	6.900000e-05	2.580000e-04
-6.850000e+00	3.800000e-05	3.900000e-05	2.579400e-02	3.600000e-05	3.300000e-05	1.080000e-04	7.482000e-03	7.103000e-03	1.972000e-03	1.000000e-06	1.050000e-04	7.000000e-05	7.000000e-05	2.750000e-04
-6.800000e+00	3.900000e-05	4.100000e-05	2.883500e-02	3.600000e-05	3.400000e-05	1.090000e-04	7.478000e-03	7.149000e-03	2.167000e-03	2.000000e-06	1.080000e-04	7.100000e-05	7.100000e-05	2.920000e-04
-6.750000e+00	3.900000e-05	4.300000e-05	3.166500e-02	3.600000e-05	3.500000e-05	1.100000e-04	7.493000e-03	7.210000e-03	2.375000e-03	2.000000e-06	1.120000e-04	7.200000e-05	7.200000e-05	3.080000e-04
-6.700000e+00	4.100000e-05	4.400000e-05	3.427700e-02	3.600000e-05	3.500000e-05	1.110000e-04	7.583000e-03	7.288000e-03	2.587000e-03	2.000000e-06	1.130000e-04	7.300000e-05	7.300000e-05	3.240000e-04
-6.650000e+00	4.100000e-05	4.900000e-05	3.687600e-02	3.700000e-05	3.700000e-05	1.120000e-04	7.630000e-03	7.344000e-03	2.765000e-03	2.000000e-06	1.130000e-04	7.500000e-05	7.500000e-05	3.400000e-04
-6.600000e+00	4.100000e-05	5.400000e-05	3.948000e-02	3.900000e-05	3.900000e-05	1.120000e-04	7.681000e-03	7.390000e-03	2.946000e-03	2.000000e-06	1.130000e-04	7.500000e-05	7.600000e-05	3.550000e-04
-6.550000e+00	4.200000e-05	5.400000e-05	4.208500e-02	4.100000e-05	4.000000e-05	1.120000e-04	7.723000e-03	7.416000e-03	3.136000e-03	3.000000e-06	1.140000e-04	7.600000e-05	7.600000e-05	3.700000e-04
-6.500000e+00	4.500000e-05	5.000000e-05	4.470000e-02	4.300000e-05	4.100000e-05	1.130000e-04	7.717000e-03	7.421000e-03	3.330000e-03	3.000000e-06	1.180000e-04	7.700000e-05	7.700000e-05	3.860000e-04
-6.450000e+00	4.900000e-05	5.200000e-05	4.740300e-02	4.400000e-05	4.200000e-05	1.150000e-04	7.645000e-03	7.439000e-03	3.518000e-03	6.000000e-06	1.230000e-04	7.800000e-05	7.800000e-05	4.010000e-04
-6.400000e+00	5.000000e-05	5.700000e-05	4.978800e-02	4.800000e-05	4.800000e-05	1.180000e-04	7.662000e-03	7.555000e-03	3.662000e-03	1.000000e-05	1.250000e-04	7.900000e-05	7.900000e-05	4.160000e-04
-6.350000e+00	5.600000e-05	6.700000e-05	5.230900e-02	5.000000e-05	5.200000e-05	1.210000e-04	7.697000e-03	7.599000e-03	3.823000e-03	1.500000e-05	1.260000e-04	8.000000e-05	8.000000e-05	4.320000e-04
-6.300000e+00	7.000000e-05	8.300000e-05	5.487000e-02	5.600000e-05	5.500000e-05	1.250000e-04	7.720000e-03	7.661000e-03	3.981000e-03	2.100000e-05	1.270000e-04	8.100000e-05	8.100000e-05	4.470000e-04
-6.250000e+00	9.900000e-05	1.140000e-04	5.739800e-02	6.500000e-05	6.000000e-05	1.320000e-04	7.772000e-03	7.728000e-03	4.144000e-03	2.700000e-05	1.310000e-04	8.200000e-05	8.300000e-05	4.620000e-04
-6.200000e+00	1.590000e-04	1.900000e-04	5.986700e-02	7.600000e-05	6.800000e-05	1.440000e-04	7.878000e-03	7.792000e-03	4.316000e-03	3.600000e-05	1.390000e-04	8.400000e-05	8.500000e-05	4.770000e-04
-6.150000e+00	3.140000e-04	3.730000e-04	6.233100e-02	9.300000e-05	8.500000e-05	1.610000e-04	7.974000e-03	7.955000e-03	4.450000e-03	5.900000e-05	1.490000e-04	8.700000e-05	8.800000e-05	4.920000e-04
-6.100000e+00	7.030000e-04	8.460000e-04	6.461100e-02	1.080000e-04	1.110000e-04	1.910000e-04	8.096000e-03	8.055000e-03	4.703000e-03	7.100000e-05	1.550000e-04	9.100000e-05	9.300000e-05	5.070000e-04
-6.050000e+00	1.645000e-03	1.955000e-03	6.701500e-02	1.350000e-04	1.420000e-04	2.260000e-04	8.285000e-03	8.244000e-03	4.947000e-03	9.400000e-05	1.610000e-04	9.900000e-05	1.040000e-04	5.220000e-04
-6.000000e+00	3.296000e-03	3.842000e-03	6.944100e-02	1.720000e-04	1.800000e-04	2.670000e-04	8.510000e-03	8.441000e-03	5.153000e-03	1.340000e-04	1.660000e-04	1.110000e-04	1.180000e-04	5.370000e-04
-5.950000e+00	5.476000e-03	6.231000e-03	7.192900e-02	2.240000e-04	2.330000e-04	3.330000e-04	8.753000e-03	8.600000e-03	5.367000e-03	1.930000e-04	1.720000e-04	1.270000e-04	1.360000e-04	5.540000e-04
-5.900000e+00	7.924000e-03	8.792000e-03	7.451700e-02	2.990000e-04	3.130000e-04	4.430000e-04	9.027000e-03	8.757000e-03	5.642000e-03	2.690000e-04	1.800000e-04	1.450000e-04	1.550000e-04	5.700000e-04
-5.850000e+00	1.053000e-02	1.146100e-02	7.706100e-02	3.920000e-04	4.210000e-04	5.750000e-04	9.395000e-03	9.063000e-03	5.948000e-03	3.590000e-04	1.870000e-04	1.640000e-04	1.760000e-04	5.850000e-04
-5.800000e+00	1.301600e-02	1.400000e-02	7.962300e-02	5.150000e-04	5.510000e-04	7.490000e-04	9.943000e-03	9.325000e-03	6.389000e-03	5.030000e-04	1.960000e-04	1.840000e-04	1.970000e-04	6.000000e-04
-5.750000e+00	1.547300e-02	1.655800e-02	8.189900e-02	7.040000e-04	7.080000e-04	1.027000e-03	1.057900e-02	9.723000e-03	6.825000e-03	6.650000e-04	2.120000e-04	2.050000e-04	2.200000e-04	6.170000e-04
-5.700000e+00	1.797400e-02	1.917000e-02	8.421400e-02	9.440000e-04	9.060000e-04	1.432000e-03	1.138900e-02	1.014900e-02	7.327000e-03	8.680000e-04	2.310000e-04	2.270000e-04	2.440000e-04	6.340000e-04
-5.650000e+00	2.049700e-02	2.183900e-02	8.656500e-02	1.245000e-03	1.183000e-03	1.971000e-03	1.237000e-02	1.065000e-02	7.924000e-03	1.143000e-03	2.510000e-04	2.510000e-04	2.700000e-04	6.520000e-04
-5.600000e+00	2.297300e-02	2.451200e-02	8.881200e-02	1.651000e-03	1.586000e-03	2.627000e-03	1.351500e-02	1.131400e-02	8.635000e-03	1.527000e-03	2.690000e-04	2.770000e-04	2.990000e-04	6.710000e-04
-5.550000e+00	2.543200e-02	2.705800e-02	9.089400e-02	2.196000e-03	2.123000e-03	3.405000e-03	1.495600e-02	1.212000e-02	9.509000e-03	2.022000e-03	2.930000e-04	3.050000e-04	3.290000e-04	6.910000e-04
-5.500000e+00	2.787200e-02	2.966400e-02	9.302200e-02	2.852000e-03	2.823000e-03	4.439000e-03	1.681900e-02	1.314400e-02	1.057600e-02	2.695000e-03	3.210000e-04	3.340000e-04	3.620000e-04	7.110000e-04
-5.450000e+00	3.030200e-02	3.239500e-02	9.506000e-02	3.723000e-03	3.731000e-03	5.741000e-03	1.899700e-02	1.448700e-02	1.192700e-02	3.584000e-03	3.510000e-04	3.650000e-04	3.990000e-04	7.340000e-04
-5.400000e+00	3.271600e-02	3.524500e-02	9.720500e-02	4.932000e-03	4.931000e-03	7.414000e-03	2.175100e-02	1.601200e-02	1.358700e-02	4.753000e-03	3.840000e-04	4.010000e-04	4.410000e-04	7.600000e-04
-5.350000e+00	3.518200e-02	3.813200e-02	9.935000e-02	6.561000e-03	6.511000e-03	9.556000e-03	2.518700e-02	1.779900e-02	1.562600e-02	6.312000e-03	4.210000e-04	4.400000e-04	4.880000e-04	7.890000e-04
-5.300000e+00	3.774200e-02	4.096200e-02	1.012530e-01	8.640000e-03	8.565000e-03	1.227300e-02	2.937000e-02	2.006000e-02	1.814200e-02	8.385000e-03	4.620000e-04	4.850000e-04	5.430000e-04	8.230000e-04
-5.250000e+00	4.025400e-02	4.374500e-02	1.027290e-01	1.125000e-02	1.121800e-02	1.573700e-02	3.458900e-02	2.298200e-02	2.120600e-02	1.098800e-02	5.080000e-04	5.360000e-04	6.090000e-04	8.620000e-04
-5.200000e+00	4.267100e-02	4.684600e-02	1.043450e-01	1.467800e-02	1.462400e-02	2.002200e-02	4.167800e-02	2.656800e-02	2.501400e-02	1.433700e-02	5.750000e-04	5.950000e-04	6.930000e-04	9.090000e-04
-5.150000e+00	4.521300e-02	5.003600e-02	1.058420e-01	1.910600e-02	1.897800e-02	2.553500e-02	5.012400e-02	3.093400e-02	2.974100e-02	1.873800e-02	6.600000e-04	6.630000e-04	7.980000e-04	9.650000e-04
-5.100000e+00	4.776100e-02	5.336000e-02	1.073660e-01	2.485100e-02	2.466100e-02	3.241600e-02	6.019400e-02	3.628200e-02	3.557000e-02	2.436700e-02	7.610000e-04	7.440000e-04	9.250000e-04	1.033000e-03
-5.050000e+00	5.034400e-02	5.683600e-02	1.087000e-01	3.222200e-02	3.203200e-02	4.101300e-02	7.213400e-02	4.285400e-02	4.274600e-02	3.162200e-02	8.780000e-04	8.400000e-04	1.074000e-03	1.117000e-03
-5.000000e+00	5.294500e-02	6.053900e-02	1.096130e-01	4.158600e-02	4.145400e-02	5.184800e-02	8.640500e-02	5.088500e-02	5.161000e-02	4.109300e-02	1.015000e-03	9.560000e-04	1.248000e-03	1.219000e-03
-4.950000e+00	5.525100e-02	6.471500e-02	1.102440e-01	5.363100e-02	5.352500e-02	6.527000e-02	1.042710e-01	6.049600e-02	6.265000e-02	5.320300e-02	1.155000e-03	1.096000e-03	1.452000e-03	1.345000e-03
-4.900000e+00	5.751400e-02	6.951400e-02	1.109900e-01	6.866900e-02	6.886000e-02	8.246200e-02	1.260600e-01	7.220900e-02	7.583300e-02	6.837500e-02	1.344000e-03	1.267000e-03	1.682000e-03	1.504000e-03
-4.850000e+00	6.012700e-02	7.519800e-02	1.113610e-01	8.796700e-02	8.806800e-02	1.041630e-01	1.530290e-01	8.650700e-02	9.196500e-02	8.752300e-02	1.568000e-03	1.477000e-03	1.940000e-03	1.701000e-03
-4.800000e+00	6.284200e-02	8.279200e-02	1.118400e-01	1.124240e-01	1.122990e-01	1.311030e-01	1.862510e-01	1.037770e-01	1.115640e-01	1.116450e-01	1.836000e-03	1.733000e-03	2.225000e-03	1.943000e-03
-4.750000e+00	6.544600e-02	9.379400e-02	1.124950e-01	1.430850e-01	1.427450e-01	1.643290e-01	2.268080e-01	1.245180e-01	1.352280e-01	1.420190e-01	2.159000e-03	2.045000e-03	2.548000e-03	2.242000e-03
-4.700000e+00	6.784900e-02	1.102680e-01	1.131540e-01	1.812650e-01	1.807190e-01	2.054030e-01	2.761160e-01	1.492600e-01	1.636820e-01	1.801720e-01	2.547000e-03	2.425000e-03	2.927000e-03	2.608000e-03
-4.650000e+00	7.018100e-02	1.349330e-01	1.135810e-01	2.288540e-01	2.280860e-01	2.565950e-01	3.367630e-01	1.783370e-01	1.978880e-01	2.276770e-01	3.025000e-03	2.888000e-03	3.381000e-03	3.056000e-03
-4.600000e+00	7.275000e-02	1.496980e-01	1.142160e-01	2.870180e-01	2.865870e-01	3.188820e-01	4.105690e-01	2.131160e-01	2.388620e-01	2.859800e-01	3.581000e-03	3.453000e-03	3.938000e-03	3.611000e-03
-4.550000e+00	7.570600e-02	1.577770e-01	1.145630e-01	3.590270e-01	3.584920e-01	3.954570e-01	4.998160e-01	2.541940e-01	2.872300e-01	3.573210e-01	4.265000e-03	4.137000e-03	4.612000e-03	4.283000e-03
-4.500000e+00	7.866700e-02	1.623980e-01	1.149020e-01	4.468240e-01	4.462960e-01	4.886260e-01	6.079270e-01	3.027440e-01	3.445820e-01	4.443100e-01	5.082000e-03	4.961000e-03	5.424000e-03	5.094000e-03
-4.450000e+00	8.154600e-02	1.655360e-01	1.154650e-01	5.531560e-01	5.529970e-01	6.009770e-01	7.382500e-01	3.598830e-01	4.125120e-01	5.500710e-01	6.041000e-03	5.949000e-03	6.397000e-03	6.068000e-03
-4.400000e+00	8.448500e-02	1.679960e-01	1.163390e-01	6.815850e-01	6.818820e-01	7.356120e-01	8.943240e-01	4.268330e-01	4.924060e-01	6.780860e-01	7.172000e-03	7.127000e-03	7.561000e-03	7.234000e-03
-4.350000e+00	8.776300e-02	1.700390e-01	1.173640e-01	8.358140e-01	8.358400e-01	8.966080e-01	1.080884e+00	5.053980e-01	5.851420e-01	8.316700e-01	8.574000e-03	8.523000e-03	8.942000e-03	8.618000e-03
-4.300000e+00	9.094200e-02	1.712680e-01	1.182610e-01	1.018705e+00	1.018326e+00	1.087015e+00	1.300562e+00	5.964290e-01	6.927710e-01	1.013100e+00	1.018200e-02	1.016300e-02	1.057000e-02	1.024800e-02
-4.250000e+00	9.394200e-02	1.728020e-01	1.194510e-01	1.234822e+00	1.233041e+00	1.311143e+00	1.558603e+00	7.012280e-01	8.175170e-01	1.227293e+00	1.204500e-02	1.208600e-02	1.247800e-02	1.216000e-02
-4.200000e+00	9.713900e-02	1.744080e-01	1.206960e-01	1.488127e+00	1.484973e+00	1.573594e+00	1.859818e+00	8.215400e-01	9.619470e-01	1.479047e+00	1.424100e-02	1.432400e-02	1.470300e-02	1.438900e-02
-4.150000e+00	1.005350e-01	1.759730e-01	1.220900e-01	1.782506e+00	1.779072e+00	1.879001e+00	2.208923e+00	9.590300e-01	1.127927e+00	1.772791e+00	1.679900e-02	1.691500e-02	1.727900e-02	1.697000e-02
-4.100000e+00	1.040700e-01	1.775750e-01	1.236850e-01	2.122232e+00	2.119953e+00	2.231926e+00	2.611205e+00	1.115566e+00	1.316681e+00	2.112596e+00	1.972000e-02	1.989700e-02	2.024600e-02	1.994200e-02
-4.050000e+00	1.079980e-01	1.795700e-01	1.250990e-01	2.513091e+00	2.511641e+00	2.636854e+00	3.074136e+00	1.293871e+00	1.529376e+00	2.502733e+00	2.307200e-02	2.330900e-02	2.364300e-02	2.334500e-02
-4.000000e+00	1.121180e-01	1.816700e-01	1.269430e-01	2.954817e+00	2.954161e+00	3.094253e+00	3.596416e+00	1.493739e+00	1.767899e+00	2.942897e+00	2.688100e-02	2.715700e-02	2.747800e-02	2.718500e-02
-3.950000e+00	1.164920e-01	1.837880e-01	1.292590e-01	3.455812e+00	3.455236e+00	3.611956e+00	4.187168e+00	1.718485e+00	2.036475e+00	3.440316e+00	3.114300e-02	3.149500e-02	3.180300e-02	3.151600e-02
-3.900000e+00	1.209190e-01	1.857120e-01	1.320920e-01	4.018426e+00	4.017646e+00	4.191593e+00	4.850674e+00	1.970768e+00	2.337974e+00	3.998459e+00	3.592500e-02	3.635400e-02	3.665000e-02	3.636900e-02
-3.850000e+00	1.254590e-01	1.876530e-01	1.352210e-01	4.644163e+00	4.643346e+00	4.836804e+00	5.590120e+00	2.251759e+00	2.674201e+00	4.620421e+00	4.125000e-02	4.176300e-02	4.204500e-02	4.177200e-02
-3.800000e+00	1.302770e-01	1.899580e-01	1.384000e-01	5.334778e+00	5.333914e+00	5.551782e+00	6.407648e+00	2.562142e+00	3.046178e+00	5.308422e+00	4.712000e-02	4.774400e-02	4.800700e-02	4.774800e-02
-3.750000e+00	1.354360e-01	1.928140e-01	1.416380e-01	6.094402e+00	6.091516e+00	6.337389e+00	7.304786e+00	2.904517e+00	3.455099e+00	6.062943e+00	5.357500e-02	5.430900e-02	5.454500e-02	5.430900e-02
-3.700000e+00	1.408470e-01	1.955340e-01	1.455350e-01	6.910642e+00	6.907045e+00	7.183118e+00	8.270534e+00	3.277291e+00	3.900310e+00	6.873374e+00	6.059100e-02	6.137900e-02	6.161200e-02	6.137700e-02
-3.650000e+00	1.465120e-01	1.987230e-01	1.498000e-01	7.787658e+00	7.786544e+00	8.095758e+00	9.312223e+00	3.683275e+00	4.384029e+00	7.746867e+00	6.814000e-02	6.903200e-02	6.925300e-02	6.903000e-02
-3.600000e+00	1.520670e-01	2.021040e-01	1.544240e-01	8.722226e+00	8.723604e+00	9.069967e+00	1.042885e+01	4.123587e+00	4.907751e+00	8.679255e+00	7.622600e-02	7.724200e-02	7.744900e-02	7.724200e-02
-3.550000e+00	1.577880e-01	2.056410e-01	1.594730e-01	9.712036e+00	9.713078e+00	1.010100e+01	1.161668e+01	4.598972e+00	5.473369e+00	9.665397e+00	8.483800e-02	8.598300e-02	8.617500e-02	8.598700e-02
-3.500000e+00	1.640050e-01	2.094490e-01	1.648860e-01	1.075300e+01	1.075121e+01	1.118456e+01	1.286943e+01	5.109926e+00	6.081857e+00	1.069993e+01	9.393300e-02	9.522100e-02	9.539800e-02	9.522900e-02
-3.450000e+00	1.703820e-01	2.136940e-01	1.702310e-01	1.183440e+01	1.183496e+01	1.231589e+01	1.417923e+01	5.656973e+00	6.730997e+00	1.177832e+01	1.034220e-01	1.049080e-01	1.050710e-01	1.049250e-01
-3.400000e+00	1.766440e-01	2.176120e-01	1.759850e-01	1.292939e+01	1.293102e+01	1.346929e+01	1.551686e+01	6.229551e+00	7.407820e+00	1.287081e+01	1.131920e-01	1.148270e-01	1.149770e-01	1.148550e-01
-3.350000e+00	1.830790e-01	2.216360e-01	1.819790e-01	1.404359e+01	1.404597e+01	1.464724e+01	1.688471e+01	6.833560e+00	8.119397e+00	1.397943e+01	1.232430e-01	1.250250e-01	1.251600e-01	1.250670e-01
-3.300000e+00	1.895250e-01	2.258320e-01	1.884710e-01	1.516597e+01	1.516757e+01	1.583976e+01	1.827767e+01	7.467161e+00	8.863360e+00	1.509657e+01	1.335140e-01	1.354140e-01	1.355330e-01	1.354720e-01
-3.250000e+00	1.960500e-01	2.299640e-01	1.954870e-01	1.628197e+01	1.628378e+01	1.703658e+01	1.968328e+01	8.127765e+00	9.636843e+00	1.621004e+01	1.438720e-01	1.458940e-01	1.459980e-01	1.459730e-01
-3.200000e+00	2.027770e-01	2.338820e-01	2.029430e-01	1.737829e+01	1.738241e+01	1.822586e+01	2.108690e+01	8.812087e+00	1.043536e+01	1.730577e+01	1.541820e-01	1.563610e-01	1.564520e-01	1.564650e-01
-3.150000e+00	2.096660e-01	2.379510e-01	2.107940e-01	1.844959e+01	1.845044e+01	1.939241e+01	2.248017e+01	9.516278e+00	1.125115e+01	1.837205e+01	1.644130e-01	1.667020e-01	1.667790e-01	1.668370e-01
-3.100000e+00	2.159600e-01	2.419130e-01	2.188600e-01	1.944826e+01	1.944545e+01	2.049617e+01	2.380838e+01	1.022495e+01	1.206937e+01	1.936138e+01	1.741920e-01	1.765600e-01	1.766220e-01	1.767300e-01
-3.050000e+00	2.222610e-01	2.455880e-01	2.272300e-01	2.038216e+01	2.038017e+01	2.155023e+01	2.508922e+01	1.093998e+01	1.289179e+01	2.029035e+01	1.836550e-01	1.860030e-01	1.860500e-01	1.862150e-01
-3.000000e+00	2.284120e-01	2.493190e-01	2.358920e-01	2.124331e+01	2.124163e+01	2.254520e+01	2.630606e+01	1.165709e+01	1.371338e+01	2.114655e+01	1.926630e-01	1.949130e-01	1.949460e-01	1.951730e-01
-2.950000e+00	2.341640e-01	2.528850e-01	2.447790e-01	2.201978e+01	2.201760e+01	2.346985e+01	2.744387e+01	1.236936e+01	1.452540e+01	2.191587e+01	2.010460e-01	2.031740e-01	2.031930e-01	2.034900e-01
-2.900000e+00	2.394140e-01	2.558960e-01	2.538840e-01	2.269999e+01	2.269673e+01	2.431283e+01	2.848825e+01	1.306856e+01	1.531751e+01	2.258768e+01	2.086730e-01	2.106690e-01	2.106720e-01	2.110490e-01
-2.850000e+00	2.444730e-01	2.582290e-01	2.633920e-01	2.327815e+01	2.326876e+01	2.506486e+01	2.942403e+01	1.374719e+01	1.608081e+01	2.316112e+01	2.155310e-01	2.172750e-01	2.172640e-01	2.177300e-01
-2.800000e+00	2.492240e-01	2.605950e-01	2.737440e-01	2.371818e+01	2.370645e+01	2.569123e+01	3.020642e+01	1.437719e+01	1.678668e+01	2.359652e+01	2.213460e-01	2.225980e-01	2.225740e-01	2.231390e-01
-2.750000e+00	2.534340e-01	2.624060e-01	2.842960e-01	2.404769e+01	2.403415e+01	2.622211e+01	3.086024e+01	1.496776e+01	1.744138e+01	2.392003e+01	2.262230e-01	2.268450e-01	2.268060e-01	2.274830e-01
-2.700000e+00	2.570160e-01	2.635680e-01	2.956820e-01	2.426587e+01	2.424845e+01	2.665892e+01	3.138787e+01	1.551186e+01	1.803528e+01	2.413017e+01	2.300410e-01	2.299590e-01	2.299060e-01	2.307070e-01
-2.650000e+00	2.601360e-01	2.643840e-01	3.078920e-01	2.437355e+01	2.435358e+01	2.700381e+01	3.178542e+01	1.600274e+01	1.856066e+01	2.423163e+01	2.329140e-01	2.318970e-01	2.318290e-01	2.327700e-01
-2.600000e+00	2.629400e-01	2.649420e-01	3.207080e-01	2.437439e+01	2.435501e+01	2.725953e+01	3.204822e+01	1.643374e+01	1.901199e+01	2.423031e+01	2.349280e-01	2.326350e-01	2.325530e-01	2.336530e-01
-2.550000e+00	2.652760e-01	2.644980e-01	3.342740e-01	2.427601e+01	2.425278e+01	2.742932e+01	3.217689e+01	1.679798e+01	1.938622e+01	2.412817e+01	2.358540e-01	2.321710e-01	2.320740e-01	2.333720e-01
-2.500000e+00	2.668170e-01	2.638620e-01	3.494280e-01	2.405894e+01	2.403446e+01	2.749999e+01	3.214810e+01	1.707436e+01	1.964961e+01	2.390985e+01	2.354020e-01	2.302260e-01	2.301140e-01	2.316080e-01
-2.450000e+00	2.680900e-01	2.626710e-01	3.658730e-01	2.375589e+01	2.373146e+01	2.749677e+01	3.198845e+01	1.727202e+01	1.982299e+01	2.361227e+01	2.340090e-01	2.271490e-01	2.270210e-01	2.287300e-01
-2.400000e+00	2.688220e-01	2.610350e-01	3.840190e-01	2.337818e+01	2.334831e+01	2.743115e+01	3.169628e+01	1.739151e+01	1.990014e+01	2.323512e+01	2.318040e-01	2.229790e-01	2.228370e-01	2.247810e-01
-2.350000e+00	2.692540e-01	2.590890e-01	4.043860e-01	2.293028e+01	2.289369e+01	2.730575e+01	3.126678e+01	1.742729e+01	1.988042e+01	2.278548e+01	2.287430e-01	2.177850e-01	2.176300e-01	2.198280e-01
-2.300000e+00	2.695190e-01	2.568880e-01	4.271070e-01	2.241527e+01	2.237579e+01	2.711748e+01	3.069793e+01	1.737570e+01	1.976377e+01	2.227211e+01	2.248820e-01	2.116530e-01	2.114820e-01	2.139530e-01
-2.250000e+00	2.690040e-01	2.543040e-01	4.512670e-01	2.183985e+01	2.179831e+01	2.686085e+01	2.999607e+01	1.724297e+01	1.954576e+01	2.170023e+01	2.206140e-01	2.046810e-01	2.044770e-01	2.072420e-01
-2.200000e+00	2.682730e-01	2.507770e-01	4.792020e-01	2.119826e+01	2.115229e+01	2.651886e+01	2.911804e+01	1.700643e+01	1.920685e+01	2.106240e+01	2.153830e-01	1.966840e-01	1.964830e-01	1.995740e-01
-2.150000e+00	2.675340e-01	2.472700e-01	5.095240e-01	2.051936e+01	2.046471e+01	2.610421e+01	2.810111e+01	1.669045e+01	1.877177e+01	2.038466e+01	2.097430e-01	1.880870e-01	1.878770e-01	1.913140e-01
-2.100000e+00	2.664250e-01	2.435560e-01	5.426900e-01	1.980214e+01	1.974382e+01	2.560093e+01	2.695385e+01	1.629940e+01	1.824640e+01	1.966887e+01	2.036640e-01	1.789950e-01	1.787700e-01	1.825370e-01
-2.050000e+00	2.649640e-01	2.395930e-01	5.794380e-01	1.905374e+01	1.899330e+01	2.498973e+01	2.570293e+01	1.583954e+01	1.764045e+01	1.892184e+01	1.974240e-01	1.695180e-01	1.692790e-01	1.733890e-01
-2.000000e+00	2.632740e-01	2.354200e-01	6.203860e-01	1.828218e+01	1.821739e+01	2.424685e+01	2.438674e+01	1.531847e+01	1.696399e+01	1.815057e+01	1.911090e-01	1.597630e-01	1.595110e-01	1.640100e-01
-1.950000e+00	2.613180e-01	2.310560e-01	6.654460e-01	1.749044e+01	1.742502e+01	2.334387e+01	2.304909e+01	1.474459e+01	1.622450e+01	1.735845e+01	1.841910e-01	1.498310e-01	1.495650e-01	1.544680e-01
-1.900000e+00	2.594920e-01	2.267040e-01	7.138440e-01	1.667453e+01	1.660487e+01	2.219870e+01	2.168972e+01	1.411263e+01	1.542603e+01	1.654340e+01	1.773510e-01	1.396350e-01	1.393560e-01	1.447770e-01
-1.850000e+00	2.575320e-01	2.225030e-01	7.658560e-01	1.584791e+01	1.577637e+01	2.094410e+01	2.030673e+01	1.344314e+01	1.459931e+01	1.571974e+01	1.701880e-01	1.294630e-01	1.291700e-01	1.350540e-01
-1.800000e+00	2.557130e-01	2.180580e-01	8.213410e-01	1.501671e+01	1.494437e+01	1.971560e+01	1.890386e+01	1.274420e+01	1.375477e+01	1.489277e+01	1.630710e-01	1.193900e-01	1.190850e-01	1.254240e-01
-1.750000e+00	2.537890e-01	2.136060e-01	8.803680e-01	1.418929e+01	1.411423e+01	1.854623e+01	1.748988e+01	1.202580e+01	1.289816e+01	1.406860e+01	1.560780e-01	1.095040e-01	1.091880e-01	1.159790e-01
-1.700000e+00	2.515730e-01	2.094280e-01	9.429140e-01	1.337103e+01	1.329043e+01	1.741160e+01	1.607536e+01	1.129576e+01	1.203400e+01	1.325183e+01	1.491090e-01	9.988400e-02	9.955600e-02	1.067880e-01
-1.650000e+00	2.494970e-01	2.053170e-01	1.008440e+00	1.256085e+01	1.247555e+01	1.626535e+01	1.467030e+01	1.055697e+01	1.116807e+01	1.244402e+01	1.419830e-01	9.058700e-02	9.024600e-02	9.790400e-02
-1.600000e+00	2.474560e-01	2.012000e-01	1.076291e+00	1.174882e+01	1.166657e+01	1.508124e+01	1.326785e+01	9.804113e+00	1.029485e+01	1.163931e+01	1.349180e-01	8.153800e-02	8.118600e-02	8.928200e-02
-1.550000e+00	2.455600e-01	1.972860e-01	1.147031e+00	1.095137e+01	1.087612e+01	1.388617e+01	1.190557e+01	9.058734e+00	9.437227e+00	1.085343e+01	1.277400e-01	7.293600e-02	7.257100e-02	8.108300e-02
-1.500000e+00	2.437630e-01	1.932710e-01	1.219680e+00	1.017321e+01	1.010633e+01	1.269091e+01	1.059653e+01	8.325850e+00	8.598408e+00	1.008874e+01	1.205100e-01	6.482300e-02	6.444700e-02	7.333700e-02
-1.450000e+00	2.422990e-01	1.894330e-01	1.292882e+00	9.417686e+00	9.358875e+00	1.150787e+01	9.350888e+00	7.610964e+00	7.787093e+00	9.346230e+00	1.133620e-01	5.723200e-02	5.684600e-02	6.606500e-02
-1.400000e+00	2.412040e-01	1.859230e-01	1.365463e+00	8.686136e+00	8.635630e+00	1.034938e+01	8.176407e+00	6.918139e+00	7.010688e+00	8.627498e+00	1.064680e-01	5.018200e-02	4.978800e-02	5.927900e-02
-1.350000e+00	2.398580e-01	1.821150e-01	1.437186e+00	7.977556e+00	7.938968e+00	9.226638e+00	7.078957e+00	6.248996e+00	6.271465e+00	7.935923e+00	1.000140e-01	4.368400e-02	4.328300e-02	5.297800e-02
-1.300000e+00	2.384330e-01	1.787760e-01	1.507498e+00	7.288586e+00	7.260153e+00	8.127167e+00	6.049668e+00	5.603560e+00	5.562397e+00	7.262548e+00	9.294000e-02	3.767200e-02	3.726400e-02	4.711700e-02
-1.250000e+00	2.367610e-01	1.755790e-01	1.575471e+00	6.627618e+00	6.614308e+00	7.084443e+00	5.113463e+00	4.992495e+00	4.895862e+00	6.616550e+00	8.652000e-02	3.223100e-02	3.181500e-02	4.174100e-02
-1.200000e+00	2.353980e-01	1.725880e-01	1.639361e+00	5.995374e+00	5.999781e+00	6.105364e+00	4.271878e+00	4.417074e+00	4.276279e+00	6.000868e+00	8.017200e-02	2.734800e-02	2.692400e-02	3.682500e-02
-1.150000e+00	2.342300e-01	1.696530e-01	1.697619e+00	5.392294e+00	5.415631e+00	5.194657e+00	3.526880e+00	3.879377e+00	3.706458e+00	5.416944e+00	7.390800e-02	2.300800e-02	2.258000e-02	3.235000e-02
-1.100000e+00	2.330030e-01	1.665740e-01	1.748598e+00	4.819815e+00	4.862065e+00	4.358530e+00	2.877125e+00	3.380400e+00	3.186808e+00	4.864957e+00	6.792200e-02	1.919200e-02	1.876200e-02	2.829400e-02
-1.050000e+00	2.318220e-01	1.632500e-01	1.790194e+00	4.280868e+00	4.340521e+00	3.605150e+00	2.317200e+00	2.919311e+00	2.715413e+00	4.344137e+00	6.231000e-02	1.586600e-02	1.543700e-02	2.462200e-02
-1.000000e+00	2.298850e-01	1.598370e-01	1.818498e+00	3.767041e+00	3.843885e+00	2.926228e+00	1.835821e+00	2.491709e+00	2.286789e+00	3.850332e+00	5.684700e-02	1.297300e-02	1.254200e-02	2.127200e-02
-9.500000e-01	2.277400e-01	1.569820e-01	1.833749e+00	3.287337e+00	3.379244e+00	2.334246e+00	1.434901e+00	2.106692e+00	1.905529e+00	3.386350e+00	5.150900e-02	1.051100e-02	1.008100e-02	1.824700e-02
-9.000000e-01	2.253220e-01	1.541310e-01	1.834913e+00	2.842543e+00	2.947157e+00	1.831543e+00	1.105328e+00	1.762138e+00	1.570344e+00	2.954188e+00	4.646100e-02	8.444000e-03	8.018000e-03	1.552100e-02
-8.500000e-01	2.226230e-01	1.509460e-01	1.820079e+00	2.433567e+00	2.547748e+00	1.412412e+00	8.388830e-01	1.456696e+00	1.279155e+00	2.554038e+00	4.150100e-02	6.730000e-03	6.309000e-03	1.306900e-02
-8.000000e-01	2.197290e-01	1.473690e-01	1.787059e+00	2.060810e+00	2.180887e+00	1.069133e+00	6.271430e-01	1.188982e+00	1.028744e+00	2.185972e+00	3.664800e-02	5.327000e-03	4.914000e-03	1.087000e-02
-7.500000e-01	2.168520e-01	1.436600e-01	1.734082e+00	1.723962e+00	1.846312e+00	7.940330e-01	4.615190e-01	9.572070e-01	8.150460e-01	1.850659e+00	3.241600e-02	4.191000e-03	3.789000e-03	8.912000e-03
-7.000000e-01	2.134770e-01	1.396670e-01	1.656085e+00	1.415686e+00	1.538028e+00	5.753490e-01	3.316820e-01	7.556600e-01	6.347660e-01	1.541083e+00	2.840500e-02	3.287000e-03	2.894000e-03	7.143000e-03
-6.500000e-01	2.095350e-01	1.356280e-01	1.559627e+00	1.143956e+00	1.261931e+00	4.091380e-01	2.343780e-01	5.862300e-01	4.854860e-01	1.264284e+00	2.447800e-02	2.581000e-03	2.200000e-03	5.600000e-03
-6.000000e-01	2.047580e-01	1.314860e-01	1.445687e+00	9.073740e-01	1.017889e+00	2.847080e-01	1.621400e-01	4.462190e-01	3.644120e-01	1.019660e+00	2.107000e-02	2.037000e-03	1.669000e-03	4.277000e-03
-5.500000e-01	1.994450e-01	1.273180e-01	1.315602e+00	7.049820e-01	8.048440e-01	1.939810e-01	1.096560e-01	3.375360e-01	2.681830e-01	8.061690e-01	1.807600e-02	1.617000e-03	1.268000e-03	3.166000e-03
-5.000000e-01	1.938300e-01	1.230450e-01	1.172157e+00	5.354770e-01	6.218560e-01	1.294510e-01	7.246300e-02	2.553090e-01	1.931610e-01	6.229380e-01	1.529600e-02	1.287000e-03	9.630000e-04	2.262000e-03
-4.500000e-01	1.875470e-01	1.181990e-01	1.020102e+00	3.968670e-01	4.681860e-01	8.432400e-02	4.671300e-02	1.889700e-01	1.357560e-01	4.691830e-01	1.265200e-02	1.021000e-03	7.300000e-04	1.566000e-03
-4.000000e-01	1.806930e-01	1.125110e-01	8.569710e-01	2.835290e-01	3.387580e-01	5.326500e-02	2.909300e-02	1.392360e-01	9.232300e-02	3.399920e-01	1.043100e-02	8.010000e-04	5.480000e-04	1.036000e-03
-3.500000e-01	1.731720e-01	1.070960e-01	6.947750e-01	1.954990e-01	2.358010e-01	3.279600e-02	1.755200e-02	1.031640e-01	6.105700e-02	2.365270e-01	8.397000e-03	5.820000e-04	3.850000e-04	5.860000e-04
-3.000000e-01	1.653370e-01	1.013820e-01	5.405230e-01	1.294480e-01	1.566510e-01	1.991800e-02	1.008500e-02	7.774900e-02	3.916400e-02	1.570540e-01	6.513000e-03	4.180000e-04	2.680000e-04	3.360000e-04
-2.500000e-01	1.573680e-01	9.571400e-02	4.038150e-01	8.245300e-02	9.927000e-02	1.210700e-02	5.505000e-03	5.991200e-02	2.441200e-02	9.954200e-02	5.010000e-03	2.640000e-04	1.660000e-04	1.720000e-04
-2.000000e-01	1.488700e-01	9.036600e-02	2.827500e-01	5.000100e-02	5.836000e-02	7.716000e-03	2.742000e-03	4.593000e-02	1.450000e-02	5.838600e-02	3.785000e-03	1.230000e-04	7.800000e-05	7.100000e-05
-1.500000e-01	1.400020e-01	8.481100e-02	1.864460e-01	2.918200e-02	3.194800e-02	5.200000e-03	1.254000e-03	2.547500e-02	8.262000e-03	3.192300e-02	4.001000e-03	8.000000e-06	8.000000e-06	8.000000e-06
-1.000000e-01	1.314620e-01	7.913900e-02	1.167590e-01	1.684900e-02	1.625800e-02	3.774000e-03	5.050000e-04	1.508100e-02	4.346000e-03	1.630900e-02	5.122900e-02	2.000000e-06	2.000000e-06	2.000000e-06
-5.000000e-02	1.223000e-01	7.299800e-02	7.409000e-02	1.002800e-02	8.383000e-03	2.746000e-03	2.030000e-04	2.813000e-03	2.074000e-03	8.400000e-03	2.799817e+00	0.000000e+00	0.000000e+00	0.000000e+00
0.000000e+00	1.166830e-01	6.927100e-02	5.737600e-02	7.355000e-03	5.617000e-03	2.217000e-03	1.130000e-04	1.674000e-03	1.225000e-03	5.620000e-03	7.018049e+01	0.000000e+00	0.000000e+00	0.000000e+00
