-8.900000e+00	2.410000e-04	2.390000e-04	2.390000e-04	2.560000e-04	2.500000e-04	3.570000e-04	7.030000e-04	1.086000e-03	1.417000e-03	1.500000e-05	4.310000e-04	4.990000e-04	4.990000e-04	5.130000e-04
-8.850000e+00	2.570000e-04	2.550000e-04	2.580000e-04	2.770000e-04	2.690000e-04	3.880000e-04	7.640000e-04	1.168000e-03	1.520000e-03	1.700000e-05	4.630000e-04	5.340000e-04	5.340000e-04	5.470000e-04
-8.800000e+00	2.750000e-04	2.740000e-04	2.770000e-04	3.000000e-04	2.930000e-04	4.210000e-04	8.210000e-04	1.258000e-03	1.629000e-03	2.600000e-05	4.980000e-04	5.730000e-04	5.730000e-04	5.900000e-04
-8.750000e+00	2.970000e-04	2.950000e-04	2.990000e-04	3.300000e-04	3.210000e-04	4.610000e-04	9.050000e-04	1.355000e-03	1.745000e-03	3.900000e-05	5.350000e-04	6.160000e-04	6.160000e-04	6.390000e-04
-8.700000e+00	3.160000e-04	3.150000e-04	3.220000e-04	3.600000e-04	3.490000e-04	5.030000e-04	9.990000e-04	1.456000e-03	1.885000e-03	5.400000e-05	5.700000e-04	6.570000e-04	6.570000e-04	6.890000e-04
-8.650000e+00	3.340000e-04	3.330000e-04	3.440000e-04	3.880000e-04	3.800000e-04	5.450000e-04	1.099000e-03	1.565000e-03	2.032000e-03	7.300000e-05	6.030000e-04	6.950000e-04	6.950000e-04	7.380000e-04
-8.600000e+00	3.520000e-04	3.490000e-04	3.680000e-04	4.170000e-04	4.180000e-04	5.930000e-04	1.207000e-03	1.685000e-03	2.164000e-03	9.200000e-05	6.360000e-04	7.330000e-04	7.330000e-04	7.830000e-04
-8.550000e+00	3.700000e-04	3.700000e-04	3.900000e-04	4.500000e-04	4.560000e-04	6.490000e-04	1.315000e-03	1.813000e-03	2.304000e-03	1.110000e-04	6.710000e-04	7.720000e-04	7.730000e-04	8.280000e-04
-8.500000e+00	3.910000e-04	3.920000e-04	4.150000e-04	4.990000e-04	5.160000e-04	7.200000e-04	1.471000e-03	1.946000e-03	2.461000e-03	1.340000e-04	7.090000e-04	8.140000e-04	8.150000e-04	8.770000e-04
-8.450000e+00	4.130000e-04	4.140000e-04	4.390000e-04	5.660000e-04	5.720000e-04	8.170000e-04	1.643000e-03	2.094000e-03	2.627000e-03	1.680000e-04	7.500000e-04	8.590000e-04	8.590000e-04	9.310000e-04
-8.400000e+00	4.370000e-04	4.370000e-04	4.660000e-04	6.400000e-04	6.420000e-04	9.180000e-04	1.835000e-03	2.255000e-03	2.807000e-03	2.080000e-04	7.940000e-04	9.070000e-04	9.070000e-04	9.930000e-04
-8.350000e+00	4.680000e-04	4.650000e-04	4.980000e-04	7.190000e-04	7.300000e-04	1.025000e-03	2.061000e-03	2.432000e-03	3.007000e-03	2.590000e-04	8.430000e-04	9.610000e-04	9.610000e-04	1.064000e-03
-8.300000e+00	5.070000e-04	4.980000e-04	5.390000e-04	8.110000e-04	8.340000e-04	1.151000e-03	2.326000e-03	2.631000e-03	3.227000e-03	3.370000e-04	8.960000e-04	1.021000e-03	1.020000e-03	1.142000e-03
-8.250000e+00	5.620000e-04	5.350000e-04	5.960000e-04	9.410000e-04	9.560000e-04	1.289000e-03	2.597000e-03	2.848000e-03	3.467000e-03	4.670000e-04	9.490000e-04	1.084000e-03	1.080000e-03	1.228000e-03
-8.200000e+00	6.820000e-04	5.970000e-04	6.870000e-04	1.081000e-03	1.115000e-03	1.488000e-03	2.908000e-03	3.084000e-03	3.722000e-03	5.940000e-04	1.003000e-03	1.160000e-03	1.148000e-03	1.337000e-03
-8.150000e+00	9.500000e-04	7.170000e-04	8.520000e-04	1.297000e-03	1.315000e-03	1.732000e-03	3.300000e-03	3.360000e-03	4.016000e-03	7.720000e-04	1.061000e-03	1.263000e-03	1.235000e-03	1.487000e-03
-8.100000e+00	1.576000e-03	9.670000e-04	1.159000e-03	1.558000e-03	1.568000e-03	2.020000e-03	3.754000e-03	3.680000e-03	4.343000e-03	1.003000e-03	1.124000e-03	1.417000e-03	1.360000e-03	1.689000e-03
-8.050000e+00	2.820000e-03	1.440000e-03	1.653000e-03	1.862000e-03	1.887000e-03	2.358000e-03	4.266000e-03	4.056000e-03	4.713000e-03	1.282000e-03	1.191000e-03	1.648000e-03	1.537000e-03	1.951000e-03
-8.000000e+00	4.712000e-03	2.187000e-03	2.319000e-03	2.238000e-03	2.277000e-03	2.764000e-03	4.868000e-03	4.501000e-03	5.142000e-03	1.613000e-03	1.264000e-03	1.975000e-03	1.782000e-03	2.281000e-03
-7.950000e+00	6.784000e-03	3.131000e-03	3.183000e-03	2.746000e-03	2.730000e-03	3.289000e-03	5.670000e-03	5.012000e-03	5.634000e-03	2.067000e-03	1.337000e-03	2.375000e-03	2.120000e-03	2.670000e-03
-7.900000e+00	8.925000e-03	4.280000e-03	4.195000e-03	3.353000e-03	3.370000e-03	3.949000e-03	6.606000e-03	5.612000e-03	6.208000e-03	2.661000e-03	1.421000e-03	2.846000e-03	2.549000e-03	3.150000e-03
-7.850000e+00	1.127700e-02	5.893000e-03	5.616000e-03	4.140000e-03	4.173000e-03	4.787000e-03	7.665000e-03	6.304000e-03	6.862000e-03	3.413000e-03	1.515000e-03	3.343000e-03	3.051000e-03	3.711000e-03
-7.800000e+00	1.364900e-02	7.726000e-03	7.430000e-03	5.135000e-03	5.162000e-03	5.822000e-03	8.979000e-03	7.097000e-03	7.608000e-03	4.351000e-03	1.615000e-03	3.902000e-03	3.600000e-03	4.334000e-03
-7.750000e+00	1.601400e-02	9.687000e-03	9.531000e-03	6.392000e-03	6.382000e-03	7.090000e-03	1.057100e-02	8.006000e-03	8.459000e-03	5.521000e-03	1.720000e-03	4.530000e-03	4.173000e-03	5.005000e-03
-7.700000e+00	1.845200e-02	1.192700e-02	1.179400e-02	7.983000e-03	7.905000e-03	8.642000e-03	1.243400e-02	9.053000e-03	9.436000e-03	7.009000e-03	1.835000e-03	5.206000e-03	4.771000e-03	5.712000e-03
-7.650000e+00	2.087900e-02	1.452700e-02	1.427900e-02	9.965000e-03	9.839000e-03	1.053800e-02	1.475700e-02	1.027100e-02	1.056300e-02	8.969000e-03	1.959000e-03	5.890000e-03	5.446000e-03	6.441000e-03
-7.600000e+00	2.326200e-02	1.751300e-02	1.742500e-02	1.239500e-02	1.225700e-02	1.305900e-02	1.747800e-02	1.173400e-02	1.192000e-02	1.134400e-02	2.105000e-03	6.586000e-03	6.139000e-03	7.290000e-03
-7.550000e+00	2.564300e-02	2.057500e-02	2.083600e-02	1.542700e-02	1.527500e-02	1.610400e-02	2.082500e-02	1.347600e-02	1.352700e-02	1.442300e-02	2.271000e-03	7.286000e-03	6.867000e-03	8.158000e-03
-7.500000e+00	2.793900e-02	2.361400e-02	2.420700e-02	1.925300e-02	1.912100e-02	1.998400e-02	2.499600e-02	1.556100e-02	1.544300e-02	1.827000e-02	2.455000e-03	7.984000e-03	7.607000e-03	9.074000e-03
-7.450000e+00	3.016400e-02	2.648500e-02	2.754600e-02	2.409500e-02	2.396000e-02	2.489500e-02	3.017400e-02	1.805900e-02	1.773200e-02	2.299400e-02	2.660000e-03	8.698000e-03	8.355000e-03	1.006500e-02
-7.400000e+00	3.241500e-02	2.910200e-02	3.099700e-02	3.013400e-02	2.994700e-02	3.094800e-02	3.653800e-02	2.106500e-02	2.048100e-02	2.881100e-02	2.895000e-03	9.453000e-03	9.121000e-03	1.114800e-02
-7.350000e+00	3.482400e-02	3.160500e-02	3.434300e-02	3.733900e-02	3.745100e-02	3.839800e-02	4.429900e-02	2.471500e-02	2.382600e-02	3.612200e-02	3.159000e-03	1.025800e-02	9.925000e-03	1.232400e-02
-7.300000e+00	3.717000e-02	3.409600e-02	3.782700e-02	4.652700e-02	4.673100e-02	4.771600e-02	5.391700e-02	2.915100e-02	2.788200e-02	4.522800e-02	3.462000e-03	1.110800e-02	1.078200e-02	1.361500e-02
-7.250000e+00	3.962300e-02	3.670500e-02	4.164900e-02	5.796400e-02	5.815700e-02	5.922700e-02	6.559200e-02	3.452500e-02	3.277500e-02	5.643800e-02	3.799000e-03	1.202600e-02	1.171600e-02	1.502900e-02
-7.200000e+00	4.205900e-02	3.929500e-02	4.601300e-02	7.225500e-02	7.229000e-02	7.335400e-02	7.992700e-02	4.104200e-02	3.870400e-02	7.054300e-02	4.174000e-03	1.303400e-02	1.271900e-02	1.656400e-02
-7.150000e+00	4.457800e-02	4.192200e-02	5.116800e-02	8.989800e-02	8.971900e-02	9.075600e-02	9.760900e-02	4.894300e-02	4.590400e-02	8.810200e-02	4.584000e-03	1.414100e-02	1.380700e-02	1.818000e-02
-7.100000e+00	4.727700e-02	4.463600e-02	5.683500e-02	1.114390e-01	1.110950e-01	1.123070e-01	1.193610e-01	5.852200e-02	5.464100e-02	1.095910e-01	5.033000e-03	1.535200e-02	1.501600e-02	1.979100e-02
-7.050000e+00	4.993300e-02	4.718600e-02	6.127500e-02	1.380520e-01	1.372730e-01	1.388920e-01	1.458250e-01	7.012400e-02	6.520500e-02	1.361400e-01	5.539000e-03	1.667600e-02	1.638800e-02	2.126400e-02
-7.000000e+00	5.264100e-02	5.001400e-02	6.430100e-02	1.705860e-01	1.700000e-01	1.716560e-01	1.786060e-01	8.425900e-02	7.813000e-02	1.680440e-01	6.131000e-03	1.816100e-02	1.782300e-02	2.277100e-02
-6.950000e+00	5.533900e-02	5.283400e-02	6.721600e-02	2.102260e-01	2.098120e-01	2.114020e-01	2.183950e-01	1.014110e-01	9.378700e-02	2.073240e-01	6.819000e-03	1.981000e-02	1.946800e-02	2.442400e-02
-6.900000e+00	5.804100e-02	5.561700e-02	7.003100e-02	2.584420e-01	2.579540e-01	2.597060e-01	2.667860e-01	1.222320e-01	1.127880e-01	2.554060e-01	7.600000e-03	2.161600e-02	2.132400e-02	2.625200e-02
-6.850000e+00	6.080600e-02	5.846300e-02	7.268400e-02	3.169820e-01	3.163620e-01	3.183980e-01	3.254750e-01	1.474650e-01	1.358310e-01	3.139280e-01	8.500000e-03	2.366100e-02	2.342400e-02	2.826900e-02
-6.800000e+00	6.371800e-02	6.146900e-02	7.526500e-02	3.879530e-01	3.875610e-01	3.895080e-01	3.964160e-01	1.779880e-01	1.637200e-01	3.847030e-01	9.560000e-03	2.603900e-02	2.581000e-02	3.052100e-02
-6.750000e+00	6.685600e-02	6.457200e-02	7.827800e-02	4.739510e-01	4.740170e-01	4.751310e-01	4.822800e-01	2.149030e-01	1.974040e-01	4.696260e-01	1.080100e-02	2.874900e-02	2.850200e-02	3.317100e-02
-6.700000e+00	7.031200e-02	6.770300e-02	8.135200e-02	5.771010e-01	5.772360e-01	5.788750e-01	5.855650e-01	2.592990e-01	2.379490e-01	5.725870e-01	1.225600e-02	3.186900e-02	3.160800e-02	3.623000e-02
-6.650000e+00	7.373100e-02	7.108500e-02	8.469200e-02	7.016950e-01	7.014930e-01	7.026880e-01	7.096280e-01	3.125320e-01	2.865380e-01	6.960970e-01	1.394100e-02	3.541300e-02	3.515900e-02	3.971900e-02
-6.600000e+00	7.738500e-02	7.471400e-02	8.816900e-02	8.510140e-01	8.501300e-01	8.505800e-01	8.577770e-01	3.761490e-01	3.445570e-01	8.442950e-01	1.590400e-02	3.947100e-02	3.923400e-02	4.371700e-02
-6.550000e+00	8.124900e-02	7.869400e-02	9.173600e-02	1.028454e+00	1.026860e+00	1.027150e+00	1.033784e+00	4.518950e-01	4.135920e-01	1.020798e+00	1.817200e-02	4.411200e-02	4.390600e-02	4.829500e-02
-6.500000e+00	8.525100e-02	8.308300e-02	9.549000e-02	1.237908e+00	1.235914e+00	1.236934e+00	1.242134e+00	5.417370e-01	4.954730e-01	1.229107e+00	2.077400e-02	4.940400e-02	4.924400e-02	5.353000e-02
-6.450000e+00	8.960200e-02	8.769100e-02	9.974200e-02	1.484694e+00	1.482319e+00	1.482967e+00	1.488467e+00	6.479040e-01	5.923370e-01	1.474251e+00	2.379800e-02	5.546200e-02	5.532100e-02	5.952500e-02
-6.400000e+00	9.459900e-02	9.253900e-02	1.043130e-01	1.773745e+00	1.772132e+00	1.771420e+00	1.777446e+00	7.723490e-01	7.056970e-01	1.761188e+00	2.727800e-02	6.241600e-02	6.227000e-02	6.642100e-02
-6.350000e+00	9.973300e-02	9.762300e-02	1.092560e-01	2.112211e+00	2.110808e+00	2.109460e+00	2.115103e+00	9.180460e-01	8.383650e-01	2.096897e+00	3.127100e-02	7.030900e-02	7.019100e-02	7.425000e-02
-6.300000e+00	1.052430e-01	1.031350e-01	1.144320e-01	2.506125e+00	2.504800e+00	2.503226e+00	2.507776e+00	1.087660e+00	9.928650e-01	2.489294e+00	3.583400e-02	7.927500e-02	7.919600e-02	8.314500e-02
-6.250000e+00	1.112220e-01	1.091220e-01	1.200220e-01	2.962182e+00	2.961322e+00	2.959888e+00	2.962621e+00	1.284307e+00	1.171987e+00	2.944922e+00	4.103400e-02	8.946400e-02	8.941500e-02	9.326100e-02
-6.200000e+00	1.177380e-01	1.156730e-01	1.263200e-01	3.488118e+00	3.488279e+00	3.486925e+00	3.487197e+00	1.511401e+00	1.378728e+00	3.469505e+00	4.694500e-02	1.010270e-01	1.009910e-01	1.047540e-01
-6.150000e+00	1.250150e-01	1.231560e-01	1.334720e-01	4.093306e+00	4.093985e+00	4.090298e+00	4.088456e+00	1.772196e+00	1.616131e+00	4.070315e+00	5.366000e-02	1.140820e-01	1.140760e-01	1.177350e-01
-6.100000e+00	1.327660e-01	1.309840e-01	1.408490e-01	4.777940e+00	4.779380e+00	4.776523e+00	4.772615e+00	2.068192e+00	1.885616e+00	4.751576e+00	6.122400e-02	1.287620e-01	1.287690e-01	1.323580e-01
-6.050000e+00	1.411870e-01	1.394330e-01	1.491500e-01	5.554577e+00	5.556234e+00	5.552800e+00	5.548611e+00	2.404297e+00	2.191636e+00	5.525314e+00	7.020900e-02	1.452700e-01	1.452900e-01	1.488070e-01
-6.000000e+00	1.505790e-01	1.487360e-01	1.582780e-01	6.432061e+00	6.433428e+00	6.430114e+00	6.424533e+00	2.783973e+00	2.537310e+00	6.399443e+00	7.975600e-02	1.644810e-01	1.645200e-01	1.679390e-01
-5.950000e+00	1.609450e-01	1.589790e-01	1.681350e-01	7.418653e+00	7.419011e+00	7.417026e+00	7.408510e+00	3.210607e+00	2.925696e+00	7.380950e+00	9.014600e-02	1.855150e-01	1.855780e-01	1.888750e-01
-5.900000e+00	1.721360e-01	1.701270e-01	1.787470e-01	8.521870e+00	8.520308e+00	8.519591e+00	8.508561e+00	3.687398e+00	3.359708e+00	8.476793e+00	1.021570e-01	2.074840e-01	2.075730e-01	2.107490e-01
-5.850000e+00	1.840710e-01	1.820840e-01	1.904460e-01	9.748588e+00	9.744636e+00	9.742565e+00	9.732402e+00	4.217219e+00	3.842006e+00	9.695977e+00	1.155270e-01	2.330210e-01	2.331410e-01	2.361910e-01
-5.800000e+00	1.971850e-01	1.954160e-01	2.031850e-01	1.109296e+01	1.108720e+01	1.108061e+01	1.106989e+01	4.797697e+00	4.370429e+00	1.102830e+01	1.302680e-01	2.611360e-01	2.613170e-01	2.642320e-01
-5.750000e+00	2.113110e-01	2.097520e-01	2.170370e-01	1.256738e+01	1.255939e+01	1.255348e+01	1.253717e+01	5.434703e+00	4.950372e+00	1.249191e+01	1.465390e-01	2.920930e-01	2.923140e-01	2.951170e-01
-5.700000e+00	2.265840e-01	2.249420e-01	2.322100e-01	1.417576e+01	1.416622e+01	1.416253e+01	1.413941e+01	6.129758e+00	5.583206e+00	1.408791e+01	1.644650e-01	3.260910e-01	3.263280e-01	3.290480e-01
-5.650000e+00	2.431910e-01	2.413570e-01	2.486910e-01	1.591986e+01	1.591003e+01	1.590707e+01	1.587833e+01	6.883731e+00	6.269773e+00	1.581917e+01	1.841340e-01	3.632830e-01	3.635430e-01	3.661710e-01
-5.600000e+00	2.612240e-01	2.593940e-01	2.664190e-01	1.780002e+01	1.779149e+01	1.778627e+01	1.775419e+01	7.696804e+00	7.010310e+00	1.768861e+01	2.056200e-01	4.038060e-01	4.041230e-01	4.066180e-01
-5.550000e+00	2.804710e-01	2.787920e-01	2.855310e-01	1.981678e+01	1.981203e+01	1.980262e+01	1.977000e+01	8.568496e+00	7.804372e+00	1.969534e+01	2.290300e-01	4.478300e-01	4.482150e-01	4.505840e-01
-5.500000e+00	3.009650e-01	2.994880e-01	3.058320e-01	2.195008e+01	2.194156e+01	2.192846e+01	2.189506e+01	9.487564e+00	8.641589e+00	2.181333e+01	2.543390e-01	4.952060e-01	4.956830e-01	4.978970e-01
-5.450000e+00	3.230760e-01	3.218260e-01	3.277360e-01	2.420741e+01	2.419385e+01	2.418223e+01	2.414912e+01	1.046031e+01	9.527740e+00	2.405574e+01	2.817190e-01	5.462880e-01	5.468520e-01	5.488970e-01
-5.400000e+00	3.466670e-01	3.456270e-01	3.509230e-01	2.658301e+01	2.656752e+01	2.655918e+01	2.652475e+01	1.148324e+01	1.045996e+01	2.641400e+01	3.112360e-01	6.011660e-01	6.018180e-01	6.036880e-01
-5.350000e+00	3.717140e-01	3.708530e-01	3.755520e-01	2.906994e+01	2.905410e+01	2.904781e+01	2.901116e+01	1.255254e+01	1.143476e+01	2.888215e+01	3.429570e-01	6.599050e-01	6.606470e-01	6.623430e-01
-5.300000e+00	3.982710e-01	3.975500e-01	4.018410e-01	3.165823e+01	3.164051e+01	3.163302e+01	3.159682e+01	1.366388e+01	1.244810e+01	3.145423e+01	3.769410e-01	7.225420e-01	7.233780e-01	7.248980e-01
-5.250000e+00	4.264580e-01	4.257860e-01	4.295240e-01	3.433197e+01	3.431391e+01	3.430193e+01	3.427362e+01	1.481194e+01	1.349555e+01	3.411959e+01	4.132400e-01	7.890980e-01	7.900190e-01	7.913490e-01
-5.200000e+00	4.556890e-01	4.551970e-01	4.588140e-01	3.704528e+01	3.703225e+01	3.701531e+01	3.698707e+01	1.597502e+01	1.455682e+01	3.681108e+01	4.516420e-01	8.590460e-01	8.600800e-01	8.612400e-01
-5.150000e+00	4.866640e-01	4.864090e-01	4.896970e-01	3.981950e+01	3.980134e+01	3.978836e+01	3.975997e+01	1.716059e+01	1.563910e+01	3.955935e+01	4.923820e-01	9.328560e-01	9.340120e-01	9.349790e-01
-5.100000e+00	5.190940e-01	5.193120e-01	5.220020e-01	4.263214e+01	4.261315e+01	4.260080e+01	4.257155e+01	1.836148e+01	1.673600e+01	4.235019e+01	5.354210e-01	1.010372e+00	1.011663e+00	1.012410e+00
-5.050000e+00	5.530620e-01	5.537640e-01	5.556630e-01	4.546912e+01	4.545014e+01	4.543571e+01	4.540529e+01	1.957057e+01	1.784108e+01	4.516630e+01	5.807680e-01	1.091510e+00	1.092932e+00	1.093446e+00
-5.000000e+00	5.886220e-01	5.895670e-01	5.906500e-01	4.831653e+01	4.829109e+01	4.827688e+01	4.824842e+01	2.078063e+01	1.894781e+01	4.798912e+01	6.284530e-01	1.176206e+00	1.177737e+00	1.178033e+00
-4.950000e+00	6.252490e-01	6.264200e-01	6.268670e-01	5.114829e+01	5.111997e+01	5.110456e+01	5.109059e+01	2.198419e+01	2.004948e+01	5.080169e+01	6.784760e-01	1.264332e+00	1.265976e+00	1.266076e+00
-4.900000e+00	6.628370e-01	6.644080e-01	6.644000e-01	5.390281e+01	5.387437e+01	5.385685e+01	5.385250e+01	2.315414e+01	2.112177e+01	5.353811e+01	7.304200e-01	1.354859e+00	1.356628e+00	1.356541e+00
-4.850000e+00	7.015300e-01	7.038100e-01	7.031150e-01	5.661363e+01	5.659001e+01	5.656835e+01	5.657688e+01	2.430395e+01	2.217681e+01	5.622352e+01	7.846400e-01	1.448347e+00	1.450244e+00	1.449972e+00
-4.800000e+00	7.412340e-01	7.442580e-01	7.427570e-01	5.926777e+01	5.924199e+01	5.921752e+01	5.924538e+01	2.542717e+01	2.320878e+01	5.884514e+01	8.409990e-01	1.544497e+00	1.546471e+00	1.546050e+00
-4.750000e+00	7.819940e-01	7.854530e-01	7.833170e-01	6.184772e+01	6.181618e+01	6.179161e+01	6.184415e+01	2.651803e+01	2.421251e+01	6.139499e+01	8.994070e-01	1.643064e+00	1.645037e+00	1.644525e+00
-4.700000e+00	8.238250e-01	8.271520e-01	8.248100e-01	6.433527e+01	6.430245e+01	6.428150e+01	6.436051e+01	2.757156e+01	2.518361e+01	6.386203e+01	9.598190e-01	1.743819e+00	1.745715e+00	1.745178e+00
-4.650000e+00	8.664820e-01	8.691560e-01	8.669640e-01	6.671645e+01	6.668564e+01	6.667453e+01	6.677858e+01	2.858374e+01	2.611850e+01	6.622228e+01	1.022235e+00	1.846499e+00	1.848266e+00	1.847768e+00
-4.600000e+00	9.092020e-01	9.114530e-01	9.096330e-01	6.894733e+01	6.891798e+01	6.890934e+01	6.904029e+01	2.953255e+01	2.699668e+01	6.842846e+01	1.086132e+00	1.949735e+00	1.951396e+00	1.950944e+00
-4.550000e+00	9.523110e-01	9.543220e-01	9.527700e-01	7.106221e+01	7.103318e+01	7.102817e+01	7.119129e+01	3.043499e+01	2.783469e+01	7.051557e+01	1.151879e+00	2.054162e+00	2.055716e+00	2.055299e+00
-4.500000e+00	9.958930e-01	9.975540e-01	9.960810e-01	7.304936e+01	7.302294e+01	7.302408e+01	7.322492e+01	3.128872e+01	2.863019e+01	7.247705e+01	1.219408e+00	2.159474e+00	2.160897e+00	2.160521e+00
-4.450000e+00	1.039826e+00	1.040958e+00	1.039624e+00	7.490657e+01	7.487685e+01	7.488488e+01	7.513573e+01	3.209176e+01	2.938142e+01	7.430738e+01	1.288647e+00	2.265348e+00	2.266611e+00	2.266297e+00
-4.400000e+00	1.083912e+00	1.084356e+00	1.083478e+00	7.662990e+01	7.658724e+01	7.660175e+01	7.691897e+01	3.284251e+01	3.008703e+01	7.599956e+01	1.359547e+00	2.371434e+00	2.372521e+00	2.372298e+00
-4.350000e+00	1.128052e+00	1.127571e+00	1.127327e+00	7.820052e+01	7.815474e+01	7.817935e+01	7.856989e+01	3.353984e+01	3.074591e+01	7.754223e+01	1.432120e+00	2.477354e+00	2.478271e+00	2.478138e+00
-4.300000e+00	1.171228e+00	1.170199e+00	1.170494e+00	7.957298e+01	7.952857e+01	7.957154e+01	8.003891e+01	3.416775e+01	3.134425e+01	7.889544e+01	1.505902e+00	2.581370e+00	2.582137e+00	2.582105e+00
-4.250000e+00	1.213828e+00	1.212402e+00	1.212983e+00	8.079593e+01	8.075009e+01	8.082435e+01	8.136996e+01	3.474189e+01	3.189593e+01	8.010001e+01	1.581185e+00	2.684283e+00	2.684919e+00	2.684979e+00
-4.200000e+00	1.255668e+00	1.254015e+00	1.255038e+00	8.186490e+01	8.182061e+01	8.192231e+01	8.255451e+01	3.526215e+01	3.240091e+01	8.114946e+01	1.657993e+00	2.785696e+00	2.786227e+00	2.786393e+00
-4.150000e+00	1.296526e+00	1.294972e+00	1.296484e+00	8.277777e+01	8.273597e+01	8.285560e+01	8.359028e+01	3.572864e+01	3.285929e+01	8.203942e+01	1.736329e+00	2.885214e+00	2.885677e+00	2.885949e+00
-4.100000e+00	1.336299e+00	1.335209e+00	1.336960e+00	8.353110e+01	8.348965e+01	8.362485e+01	8.448013e+01	3.614161e+01	3.327143e+01	8.276751e+01	1.816163e+00	2.982456e+00	2.982882e+00	2.983246e+00
-4.050000e+00	1.375195e+00	1.374548e+00	1.376215e+00	8.411617e+01	8.407615e+01	8.424597e+01	8.523073e+01	3.650138e+01	3.363825e+01	8.333305e+01	1.897409e+00	3.077071e+00	3.077440e+00	3.077923e+00
-4.000000e+00	1.412297e+00	1.411799e+00	1.414082e+00	8.449947e+01	8.445988e+01	8.466844e+01	8.577029e+01	3.679671e+01	3.394976e+01	8.369199e+01	1.979612e+00	3.167091e+00	3.167375e+00	3.168013e+00
-3.950000e+00	1.448054e+00	1.447598e+00	1.450387e+00	8.473056e+01	8.468949e+01	8.493629e+01	8.616592e+01	3.704279e+01	3.421922e+01	8.389798e+01	2.063161e+00	3.253625e+00	3.253818e+00	3.254635e+00
-3.900000e+00	1.482315e+00	1.481690e+00	1.485077e+00	8.479510e+01	8.475740e+01	8.504857e+01	8.641201e+01	3.724135e+01	3.444850e+01	8.394419e+01	2.148269e+00	3.336206e+00	3.336319e+00	3.337346e+00
-3.850000e+00	1.514729e+00	1.514055e+00	1.518189e+00	8.470147e+01	8.466678e+01	8.500723e+01	8.651319e+01	3.739394e+01	3.463918e+01	8.383441e+01	2.234838e+00	3.414365e+00	3.414435e+00	3.415694e+00
-3.800000e+00	1.545002e+00	1.544667e+00	1.549696e+00	8.446215e+01	8.442364e+01	8.481403e+01	8.647241e+01	3.750207e+01	3.479295e+01	8.357370e+01	2.322708e+00	3.487670e+00	3.487736e+00	3.489243e+00
-3.750000e+00	1.573170e+00	1.573223e+00	1.579343e+00	8.407494e+01	8.402897e+01	8.446749e+01	8.627885e+01	3.756744e+01	3.491194e+01	8.315899e+01	2.411979e+00	3.555769e+00	3.555818e+00	3.557583e+00
-3.700000e+00	1.598614e+00	1.598856e+00	1.605590e+00	8.349566e+01	8.344824e+01	8.395040e+01	8.592237e+01	3.758297e+01	3.498956e+01	8.256206e+01	2.502068e+00	3.616567e+00	3.616592e+00	3.618644e+00
-3.650000e+00	1.621700e+00	1.621865e+00	1.629514e+00	8.277095e+01	8.272515e+01	8.330123e+01	8.543404e+01	3.756151e+01	3.503708e+01	8.182857e+01	2.593189e+00	3.671226e+00	3.671216e+00	3.673611e+00
-3.600000e+00	1.642016e+00	1.642308e+00	1.651019e+00	8.191366e+01	8.186643e+01	8.251851e+01	8.482059e+01	3.750472e+01	3.505629e+01	8.095352e+01	2.685298e+00	3.719361e+00	3.719327e+00	3.722115e+00
-3.550000e+00	1.659768e+00	1.660125e+00	1.670124e+00	8.092354e+01	8.087557e+01	8.160445e+01	8.407970e+01	3.741442e+01	3.504892e+01	7.994525e+01	2.778193e+00	3.760708e+00	3.760646e+00	3.763883e+00
-3.500000e+00	1.675073e+00	1.675187e+00	1.686707e+00	7.980190e+01	7.975556e+01	8.056613e+01	8.321036e+01	3.729252e+01	3.501661e+01	7.881438e+01	2.871665e+00	3.795022e+00	3.794914e+00	3.798651e+00
-3.450000e+00	1.687207e+00	1.687345e+00	1.700229e+00	7.856515e+01	7.851136e+01	7.941643e+01	8.222271e+01	3.714087e+01	3.496075e+01	7.756337e+01	2.965677e+00	3.821960e+00	3.821827e+00	3.826084e+00
-3.400000e+00	1.695824e+00	1.695288e+00	1.710405e+00	7.717817e+01	7.713707e+01	7.812895e+01	8.108111e+01	3.695280e+01	3.487743e+01	7.617257e+01	3.058982e+00	3.839240e+00	3.839063e+00	3.843928e+00
-3.350000e+00	1.701079e+00	1.700759e+00	1.717356e+00	7.569097e+01	7.564563e+01	7.673845e+01	7.984112e+01	3.674219e+01	3.477443e+01	7.467631e+01	3.152018e+00	3.848605e+00	3.848447e+00	3.853908e+00
-3.300000e+00	1.703169e+00	1.703092e+00	1.721185e+00	7.410622e+01	7.405575e+01	7.525905e+01	7.850138e+01	3.650494e+01	3.465092e+01	7.307893e+01	3.244091e+00	3.849819e+00	3.849673e+00	3.855788e+00
-3.250000e+00	1.702046e+00	1.702101e+00	1.721914e+00	7.243284e+01	7.237746e+01	7.369823e+01	7.706851e+01	3.624331e+01	3.450867e+01	7.139231e+01	3.334690e+00	3.842582e+00	3.842434e+00	3.849301e+00
-3.200000e+00	1.697540e+00	1.697714e+00	1.719590e+00	7.068021e+01	7.061846e+01	7.206183e+01	7.554915e+01	3.595901e+01	3.434764e+01	6.962876e+01	3.423334e+00	3.826727e+00	3.826574e+00	3.834309e+00
-3.150000e+00	1.689485e+00	1.689597e+00	1.714397e+00	6.885327e+01	6.878979e+01	7.035850e+01	7.394287e+01	3.564647e+01	3.416157e+01	6.779477e+01	3.509384e+00	3.802401e+00	3.802216e+00	3.810963e+00
-3.100000e+00	1.677121e+00	1.677288e+00	1.705301e+00	6.692491e+01	6.686596e+01	6.856447e+01	7.223596e+01	3.530236e+01	3.394921e+01	6.586909e+01	3.590194e+00	3.767010e+00	3.766846e+00	3.776702e+00
-3.050000e+00	1.661417e+00	1.661739e+00	1.692824e+00	6.493952e+01	6.488174e+01	6.672049e+01	7.045299e+01	3.493428e+01	3.371390e+01	6.388148e+01	3.666373e+00	3.722951e+00	3.722783e+00	3.733839e+00
-3.000000e+00	1.642543e+00	1.642917e+00	1.677387e+00	6.289951e+01	6.284548e+01	6.483288e+01	6.860505e+01	3.453671e+01	3.345085e+01	6.184218e+01	3.737085e+00	3.670272e+00	3.670085e+00	3.682489e+00
-2.950000e+00	1.620341e+00	1.620781e+00	1.659291e+00	6.082064e+01	6.077092e+01	6.291107e+01	6.670291e+01	3.410992e+01	3.315903e+01	5.976052e+01	3.801583e+00	3.609147e+00	3.608943e+00	3.622881e+00
-2.900000e+00	1.594599e+00	1.595159e+00	1.638647e+00	5.871640e+01	5.866798e+01	6.096465e+01	6.475302e+01	3.365459e+01	3.283755e+01	5.764858e+01	3.859031e+00	3.539834e+00	3.539620e+00	3.555292e+00
-2.850000e+00	1.565317e+00	1.565633e+00	1.615311e+00	5.658530e+01	5.653531e+01	5.900085e+01	6.275424e+01	3.316670e+01	3.248236e+01	5.552410e+01	3.908310e+00	3.462637e+00	3.462389e+00	3.479988e+00
-2.800000e+00	1.532595e+00	1.533037e+00	1.589395e+00	5.440481e+01	5.436598e+01	5.701026e+01	6.069368e+01	3.263221e+01	3.207949e+01	5.336136e+01	3.946026e+00	3.375590e+00	3.375329e+00	3.395119e+00
-2.750000e+00	1.497100e+00	1.497461e+00	1.561474e+00	5.222253e+01	5.218808e+01	5.501330e+01	5.860939e+01	3.206081e+01	3.163620e+01	5.118207e+01	3.973939e+00	3.281473e+00	3.281186e+00	3.303395e+00
-2.700000e+00	1.458880e+00	1.459087e+00	1.531754e+00	5.004192e+01	5.000638e+01	5.301587e+01	5.649818e+01	3.144984e+01	3.114858e+01	4.900868e+01	3.990965e+00	3.180844e+00	3.180509e+00	3.205402e+00
-2.650000e+00	1.418406e+00	1.418280e+00	1.500763e+00	4.787177e+01	4.782932e+01	5.103060e+01	5.436328e+01	3.079736e+01	3.061436e+01	4.684549e+01	3.996416e+00	3.074268e+00	3.073881e+00	3.101731e+00
-2.600000e+00	1.375920e+00	1.375413e+00	1.468863e+00	4.571852e+01	4.566547e+01	4.906488e+01	5.221196e+01	3.010215e+01	3.003192e+01	4.469440e+01	3.989827e+00	2.962343e+00	2.961927e+00	2.993012e+00
-2.550000e+00	1.330856e+00	1.330713e+00	1.435784e+00	4.358044e+01	4.352074e+01	4.711156e+01	5.005331e+01	2.936369e+01	2.939929e+01	4.256700e+01	3.970756e+00	2.845725e+00	2.845317e+00	2.879925e+00
-2.500000e+00	1.283925e+00	1.283542e+00	1.403098e+00	4.144509e+01	4.138725e+01	4.517597e+01	4.786104e+01	2.856368e+01	2.869786e+01	4.044986e+01	3.935594e+00	2.722912e+00	2.722483e+00	2.761189e+00
-2.450000e+00	1.235399e+00	1.235285e+00	1.370657e+00	3.934093e+01	3.928646e+01	4.326832e+01	4.566286e+01	2.771636e+01	2.794069e+01	3.836501e+01	3.887270e+00	2.596895e+00	2.596469e+00	2.639762e+00
-2.400000e+00	1.186030e+00	1.185838e+00	1.338675e+00	3.727729e+01	3.722281e+01	4.138368e+01	4.346421e+01	2.682298e+01	2.712861e+01	3.632061e+01	3.825833e+00	2.468515e+00	2.468067e+00	2.516184e+00
-2.350000e+00	1.136142e+00	1.135693e+00	1.308082e+00	3.525361e+01	3.520014e+01	3.952758e+01	4.126751e+01	2.588622e+01	2.626398e+01	3.431938e+01	3.751608e+00	2.338621e+00	2.338138e+00	2.391483e+00
-2.300000e+00	1.085844e+00	1.085357e+00	1.279756e+00	3.327150e+01	3.322291e+01	3.770353e+01	3.907456e+01	2.490928e+01	2.535012e+01	3.236497e+01	3.665212e+00	2.208052e+00	2.207545e+00	2.266694e+00
-2.250000e+00	1.035222e+00	1.034867e+00	1.253801e+00	3.134331e+01	3.129685e+01	3.590360e+01	3.688847e+01	2.389523e+01	2.439095e+01	3.046647e+01	3.567545e+00	2.077620e+00	2.077100e+00	2.142485e+00
-2.200000e+00	9.845330e-01	9.842030e-01	1.230788e+00	2.945668e+01	2.940372e+01	3.410432e+01	3.467918e+01	2.284675e+01	2.336873e+01	2.860814e+01	3.455717e+00	1.946368e+00	1.945819e+00	2.018259e+00
-2.150000e+00	9.342490e-01	9.340040e-01	1.211048e+00	2.762358e+01	2.756826e+01	3.231649e+01	3.247993e+01	2.175619e+01	2.230892e+01	2.680964e+01	3.334076e+00	1.816878e+00	1.816289e+00	1.896359e+00
-2.100000e+00	8.849940e-01	8.845320e-01	1.195614e+00	2.585139e+01	2.579260e+01	3.052601e+01	3.030213e+01	2.064091e+01	2.121834e+01	2.507890e+01	3.204279e+00	1.689827e+00	1.689186e+00	1.777449e+00
-2.050000e+00	8.368700e-01	8.361210e-01	1.184430e+00	2.414002e+01	2.407856e+01	2.872620e+01	2.815912e+01	1.951564e+01	2.010386e+01	2.341493e+01	3.067274e+00	1.565888e+00	1.565209e+00	1.662137e+00
-2.000000e+00	7.899350e-01	7.892000e-01	1.177376e+00	2.248887e+01	2.242657e+01	2.691333e+01	2.606630e+01	1.838707e+01	1.897300e+01	2.181570e+01	2.924054e+00	1.445687e+00	1.445003e+00	1.550976e+00
-1.950000e+00	7.445740e-01	7.443050e-01	1.175326e+00	2.090157e+01	2.083516e+01	2.508349e+01	2.404089e+01	1.725048e+01	1.783426e+01	2.028362e+01	2.776255e+00	1.329766e+00	1.329098e+00	1.444462e+00
-1.900000e+00	7.010630e-01	7.007210e-01	1.178787e+00	1.936583e+01	1.930372e+01	2.321940e+01	2.207304e+01	1.610962e+01	1.668189e+01	1.881041e+01	2.623004e+00	1.217496e+00	1.216798e+00	1.342697e+00
-1.850000e+00	6.592480e-01	6.587170e-01	1.187756e+00	1.790689e+01	1.784568e+01	2.140506e+01	2.018435e+01	1.498798e+01	1.554416e+01	1.741080e+01	2.468002e+00	1.110434e+00	1.109702e+00	1.246640e+00
-1.800000e+00	6.193680e-01	6.187390e-01	1.201913e+00	1.652191e+01	1.646059e+01	1.969054e+01	1.837531e+01	1.389114e+01	1.442658e+01	1.608209e+01	2.312913e+00	1.008835e+00	1.008052e+00	1.156328e+00
-1.750000e+00	5.817680e-01	5.809450e-01	1.221113e+00	1.520826e+01	1.514699e+01	1.807172e+01	1.664558e+01	1.282225e+01	1.333367e+01	1.482204e+01	2.158497e+00	9.128950e-01	9.120340e-01	1.071885e+00
-1.700000e+00	5.466310e-01	5.453170e-01	1.245236e+00	1.396329e+01	1.390404e+01	1.652617e+01	1.499728e+01	1.178462e+01	1.226963e+01	1.362933e+01	2.005486e+00	8.227540e-01	8.217960e-01	9.933800e-01
-1.650000e+00	5.137900e-01	5.117530e-01	1.274035e+00	1.278420e+01	1.273245e+01	1.503718e+01	1.343646e+01	1.078330e+01	1.123888e+01	1.250389e+01	1.855182e+00	7.385000e-01	7.374540e-01	9.207330e-01
-1.600000e+00	4.822610e-01	4.806610e-01	1.307692e+00	1.166416e+01	1.161790e+01	1.358112e+01	1.194205e+01	9.810695e+00	1.023454e+01	1.143810e+01	1.706882e+00	6.594220e-01	6.583710e-01	8.541620e-01
-1.550000e+00	4.531440e-01	4.515180e-01	1.344711e+00	1.061154e+01	1.056959e+01	1.218842e+01	1.054132e+01	8.881471e+00	9.271795e+00	1.043658e+01	1.562778e+00	5.864270e-01	5.853380e-01	7.934890e-01
-1.500000e+00	4.262330e-01	4.247160e-01	1.384715e+00	9.621430e+00	9.586181e+00	1.086660e+01	9.237950e+00	8.000360e+00	8.355212e+00	9.497245e+00	1.423703e+00	5.193860e-01	5.182570e-01	7.384270e-01
-1.450000e+00	4.017080e-01	4.002290e-01	1.427787e+00	8.692366e+00	8.665977e+00	9.619053e+00	8.035010e+00	7.169838e+00	7.488377e+00	8.620021e+00	1.290339e+00	4.581520e-01	4.569860e-01	6.887180e-01
-1.400000e+00	3.795240e-01	3.778470e-01	1.473721e+00	7.824591e+00	7.808139e+00	8.447995e+00	6.933175e+00	6.391243e+00	6.673858e+00	7.802746e+00	1.163213e+00	4.025410e-01	4.013340e-01	6.440680e-01
-1.350000e+00	3.589520e-01	3.573490e-01	1.521113e+00	7.018813e+00	7.013148e+00	7.356041e+00	5.930234e+00	5.665481e+00	5.913270e+00	7.039078e+00	1.042699e+00	3.523240e-01	3.510600e-01	6.041070e-01
-1.300000e+00	3.407070e-01	3.386850e-01	1.567558e+00	6.261794e+00	6.270025e+00	6.332838e+00	5.015646e+00	4.986568e+00	5.199150e+00	6.324413e+00	9.283290e-01	3.070350e-01	3.056850e-01	5.687740e-01
-1.250000e+00	3.243390e-01	3.213910e-01	1.613150e+00	5.560018e+00	5.583554e+00	5.396446e+00	4.200828e+00	4.364515e+00	4.541573e+00	5.660537e+00	8.214230e-01	2.666810e-01	2.652140e-01	5.369700e-01
-1.200000e+00	3.096760e-01	3.060160e-01	1.655441e+00	4.912133e+00	4.949820e+00	4.546187e+00	3.482863e+00	3.794666e+00	3.939085e+00	5.044187e+00	7.217430e-01	2.309540e-01	2.294050e-01	5.081910e-01
-1.150000e+00	2.961730e-01	2.924310e-01	1.692879e+00	4.316157e+00	4.366965e+00	3.783251e+00	2.857564e+00	3.277164e+00	3.391223e+00	4.474710e+00	6.296950e-01	1.995200e-01	1.979290e-01	4.819460e-01
-1.100000e+00	2.835980e-01	2.801640e-01	1.724345e+00	3.769947e+00	3.832875e+00	3.108469e+00	2.319331e+00	2.811814e+00	2.897003e+00	3.950738e+00	5.455090e-01	1.720490e-01	1.704190e-01	4.577840e-01
-1.050000e+00	2.725680e-01	2.686560e-01	1.748593e+00	3.271466e+00	3.344119e+00	2.521023e+00	1.861354e+00	2.395810e+00	2.454287e+00	3.468650e+00	4.688720e-01	1.482330e-01	1.465050e-01	4.353180e-01
-1.000000e+00	2.626340e-01	2.584210e-01	1.763467e+00	2.812724e+00	2.894060e+00	2.008013e+00	1.473076e+00	2.023298e+00	2.056313e+00	3.023410e+00	3.986670e-01	1.277380e-01	1.258940e-01	4.140150e-01
-9.500000e-01	2.538670e-01	2.488630e-01	1.767995e+00	2.398107e+00	2.487081e+00	1.574127e+00	1.152279e+00	1.696640e+00	1.706690e+00	2.615465e+00	3.356600e-01	1.102760e-01	1.083120e-01	3.930420e-01
-9.000000e-01	2.459350e-01	2.403210e-01	1.759648e+00	2.027068e+00	2.121109e+00	1.214833e+00	8.912360e-01	1.412377e+00	1.402224e+00	2.243160e+00	2.800510e-01	9.550300e-02	9.345100e-02	3.719740e-01
-8.500000e-01	2.384980e-01	2.325960e-01	1.736790e+00	1.696683e+00	1.793105e+00	9.225590e-01	6.815760e-01	1.167092e+00	1.139515e+00	1.905974e+00	2.314050e-01	8.306000e-02	8.094700e-02	3.504070e-01
-8.000000e-01	2.314440e-01	2.253490e-01	1.698336e+00	1.404500e+00	1.500396e+00	6.890910e-01	5.155370e-01	9.575040e-01	9.150220e-01	1.603127e+00	1.891130e-01	7.262800e-02	7.045800e-02	3.280450e-01
-7.500000e-01	2.250730e-01	2.184240e-01	1.643422e+00	1.149420e+00	1.241139e+00	5.064130e-01	3.862410e-01	7.804430e-01	7.251460e-01	1.333057e+00	1.526110e-01	6.395100e-02	6.169600e-02	3.047700e-01
-7.000000e-01	2.185610e-01	2.108590e-01	1.568000e+00	9.247350e-01	1.010234e+00	3.642360e-01	2.862410e-01	6.317960e-01	5.646530e-01	1.090270e+00	1.212760e-01	5.684900e-02	5.447200e-02	2.798250e-01
-6.500000e-01	2.124530e-01	2.037210e-01	1.475059e+00	7.324710e-01	8.102730e-01	2.579780e-01	2.112280e-01	5.100660e-01	4.327950e-01	8.784200e-01	9.491200e-02	5.097200e-02	4.850000e-02	2.537260e-01
-6.000000e-01	2.060730e-01	1.965190e-01	1.366587e+00	5.700380e-01	6.385780e-01	1.800910e-01	1.555610e-01	4.116880e-01	3.263050e-01	6.951670e-01	7.328200e-02	4.605600e-02	4.352500e-02	2.266840e-01
-5.500000e-01	1.992640e-01	1.892900e-01	1.244576e+00	4.351000e-01	4.933650e-01	1.241450e-01	1.149290e-01	3.336860e-01	2.416880e-01	5.387670e-01	5.573100e-02	4.191700e-02	3.935900e-02	1.991630e-01
-5.000000e-01	1.922780e-01	1.821270e-01	1.111839e+00	3.252920e-01	3.726590e-01	8.476000e-02	8.559600e-02	2.731810e-01	1.756250e-01	4.075870e-01	4.186700e-02	3.853400e-02	3.594800e-02	1.716690e-01
-4.500000e-01	1.856620e-01	1.747910e-01	9.724480e-01	2.380340e-01	2.740740e-01	5.755900e-02	6.434900e-02	2.273780e-01	1.250750e-01	2.998550e-01	3.154300e-02	3.607900e-02	3.339900e-02	1.446550e-01
-4.000000e-01	1.787150e-01	1.668220e-01	8.219170e-01	1.685910e-01	1.941800e-01	3.919500e-02	4.981300e-02	1.960100e-01	8.689500e-02	2.128500e-01	2.284000e-02	3.299600e-02	3.028400e-02	1.184470e-01
-3.500000e-01	1.711730e-01	1.586870e-01	6.740320e-01	1.169070e-01	1.325000e-01	2.723900e-02	3.961200e-02	1.757120e-01	5.881900e-02	1.456430e-01	1.617000e-02	3.036300e-02	2.767500e-02	9.342800e-02
-3.000000e-01	1.632530e-01	1.504510e-01	5.343120e-01	7.950100e-02	8.705500e-02	1.949400e-02	3.231600e-02	1.658660e-01	3.904500e-02	9.570600e-02	1.125500e-02	2.801900e-02	2.536900e-02	7.130000e-02
-2.500000e-01	1.555110e-01	1.423550e-01	4.101530e-01	5.344500e-02	5.540800e-02	1.446400e-02	2.697400e-02	1.656470e-01	2.552000e-02	6.064400e-02	7.874000e-03	2.580600e-02	2.319900e-02	5.284100e-02
-2.000000e-01	1.480160e-01	1.344020e-01	3.011620e-01	3.564100e-02	3.363100e-02	1.129500e-02	2.307600e-02	1.812100e-01	1.639300e-02	3.668400e-02	5.263000e-03	2.345200e-02	2.091700e-02	3.766900e-02
-1.500000e-01	1.405270e-01	1.265030e-01	2.135870e-01	2.414600e-02	1.988600e-02	9.047000e-03	1.992300e-02	2.207620e-01	1.029600e-02	2.159800e-02	4.602000e-03	2.099700e-02	1.855400e-02	2.606200e-02
-1.000000e-01	1.337890e-01	1.187420e-01	1.506200e-01	1.684100e-02	1.197200e-02	7.210000e-03	1.679500e-02	3.274890e-01	6.100000e-03	1.297100e-02	4.417900e-02	1.780200e-02	1.554600e-02	1.745400e-02
-5.000000e-02	1.269310e-01	1.104400e-01	1.111620e-01	1.188100e-02	7.506000e-03	5.470000e-03	1.357100e-02	7.121960e-01	3.150000e-03	8.200000e-03	2.360137e+00	1.299800e-02	1.120300e-02	1.073400e-02
0.000000e+00	1.220060e-01	1.046990e-01	9.440800e-02	9.501000e-03	5.582000e-03	4.256000e-03	1.152100e-02	1.184752e+00	1.193000e-03	6.353000e-03	5.914820e+01	5.224000e-03	4.472000e-03	3.992000e-03
