-8.900000e+00	0.000000e+00	0.000000e+00	0.000000e+00	0.000000e+00	0.000000e+00	0.000000e+00	2.000000e-06	8.000000e-06	0.000000e+00	0.000000e+00	0.000000e+00	0.000000e+00	0.000000e+00	0.000000e+00
-8.850000e+00	0.000000e+00	0.000000e+00	0.000000e+00	0.000000e+00	0.000000e+00	0.000000e+00	4.000000e-06	1.500000e-05	0.000000e+00	0.000000e+00	0.000000e+00	0.000000e+00	0.000000e+00	0.000000e+00
-8.800000e+00	0.000000e+00	0.000000e+00	0.000000e+00	0.000000e+00	0.000000e+00	0.000000e+00	9.000000e-06	2.500000e-05	0.000000e+00	0.000000e+00	0.000000e+00	0.000000e+00	0.000000e+00	0.000000e+00
-8.750000e+00	0.000000e+00	0.000000e+00	0.000000e+00	0.000000e+00	0.000000e+00	0.000000e+00	1.500000e-05	4.100000e-05	0.000000e+00	0.000000e+00	0.000000e+00	0.000000e+00	0.000000e+00	0.000000e+00
-8.700000e+00	0.000000e+00	0.000000e+00	0.000000e+00	0.000000e+00	0.000000e+00	0.000000e+00	2.400000e-05	6.100000e-05	0.000000e+00	0.000000e+00	0.000000e+00	0.000000e+00	0.000000e+00	0.000000e+00
-8.650000e+00	0.000000e+00	0.000000e+00	0.000000e+00	0.000000e+00	0.000000e+00	0.000000e+00	3.800000e-05	8.400000e-05	2.000000e-06	0.000000e+00	0.000000e+00	0.000000e+00	0.000000e+00	0.000000e+00
-8.600000e+00	0.000000e+00	0.000000e+00	0.000000e+00	0.000000e+00	0.000000e+00	0.000000e+00	6.000000e-05	1.110000e-04	3.000000e-06	0.000000e+00	0.000000e+00	0.000000e+00	0.000000e+00	0.000000e+00
-8.550000e+00	0.000000e+00	0.000000e+00	0.000000e+00	0.000000e+00	0.000000e+00	1.000000e-06	8.100000e-05	1.280000e-04	4.000000e-06	0.000000e+00	2.000000e-06	0.000000e+00	0.000000e+00	0.000000e+00
-8.500000e+00	0.000000e+00	0.000000e+00	0.000000e+00	0.000000e+00	0.000000e+00	2.000000e-06	1.140000e-04	1.620000e-04	7.000000e-06	0.000000e+00	2.000000e-06	1.000000e-06	1.000000e-06	1.000000e-06
-8.450000e+00	1.000000e-06	0.000000e+00	0.000000e+00	0.000000e+00	0.000000e+00	3.000000e-06	1.640000e-04	1.980000e-04	1.200000e-05	0.000000e+00	3.000000e-06	2.000000e-06	2.000000e-06	2.000000e-06
-8.400000e+00	2.000000e-06	1.000000e-06	1.000000e-06	1.000000e-06	1.000000e-06	4.000000e-06	2.290000e-04	2.340000e-04	1.900000e-05	0.000000e+00	4.000000e-06	2.000000e-06	2.000000e-06	2.000000e-06
-8.350000e+00	2.000000e-06	1.000000e-06	2.000000e-06	1.000000e-06	1.000000e-06	5.000000e-06	3.070000e-04	2.700000e-04	2.800000e-05	0.000000e+00	5.000000e-06	3.000000e-06	3.000000e-06	3.000000e-06
-8.300000e+00	2.000000e-06	2.000000e-06	2.000000e-06	2.000000e-06	2.000000e-06	8.000000e-06	3.940000e-04	3.090000e-04	4.000000e-05	0.000000e+00	7.000000e-06	4.000000e-06	4.000000e-06	4.000000e-06
-8.250000e+00	3.000000e-06	3.000000e-06	3.000000e-06	2.000000e-06	2.000000e-06	1.100000e-05	4.870000e-04	3.650000e-04	5.700000e-05	0.000000e+00	9.000000e-06	5.000000e-06	5.000000e-06	5.000000e-06
-8.200000e+00	3.000000e-06	3.000000e-06	4.000000e-06	3.000000e-06	3.000000e-06	1.400000e-05	6.240000e-04	4.300000e-04	7.900000e-05	0.000000e+00	1.100000e-05	6.000000e-06	6.000000e-06	6.000000e-06
-8.150000e+00	4.000000e-06	4.000000e-06	4.000000e-06	4.000000e-06	4.000000e-06	1.900000e-05	7.800000e-04	5.080000e-04	1.080000e-04	0.000000e+00	1.500000e-05	8.000000e-06	8.000000e-06	8.000000e-06
-8.100000e+00	5.000000e-06	6.000000e-06	5.000000e-06	5.000000e-06	5.000000e-06	2.400000e-05	9.530000e-04	6.030000e-04	1.420000e-04	0.000000e+00	1.900000e-05	1.000000e-05	1.000000e-05	1.000000e-05
-8.050000e+00	6.000000e-06	7.000000e-06	6.000000e-06	6.000000e-06	6.000000e-06	3.000000e-05	1.147000e-03	7.100000e-04	1.790000e-04	0.000000e+00	2.400000e-05	1.300000e-05	1.300000e-05	1.300000e-05
-8.000000e+00	8.000000e-06	8.000000e-06	8.000000e-06	8.000000e-06	8.000000e-06	3.700000e-05	1.373000e-03	8.240000e-04	2.150000e-04	0.000000e+00	2.800000e-05	1.500000e-05	1.500000e-05	1.500000e-05
-7.950000e+00	1.000000e-05	1.000000e-05	9.000000e-06	9.000000e-06	9.000000e-06	4.500000e-05	1.643000e-03	9.450000e-04	2.560000e-04	0.000000e+00	3.300000e-05	1.800000e-05	1.800000e-05	1.800000e-05
-7.900000e+00	1.100000e-05	1.100000e-05	1.200000e-05	1.100000e-05	1.100000e-05	5.300000e-05	1.940000e-03	1.063000e-03	2.990000e-04	0.000000e+00	3.800000e-05	2.200000e-05	2.200000e-05	2.200000e-05
-7.850000e+00	1.300000e-05	1.300000e-05	1.400000e-05	1.300000e-05	1.300000e-05	6.100000e-05	2.254000e-03	1.206000e-03	3.520000e-04	0.000000e+00	4.400000e-05	2.500000e-05	2.500000e-05	2.500000e-05
-7.800000e+00	1.500000e-05	1.400000e-05	1.600000e-05	1.400000e-05	1.400000e-05	6.900000e-05	2.593000e-03	1.376000e-03	4.090000e-04	0.000000e+00	5.200000e-05	2.900000e-05	2.900000e-05	2.900000e-05
-7.750000e+00	1.800000e-05	1.700000e-05	1.800000e-05	1.700000e-05	1.700000e-05	7.600000e-05	2.952000e-03	1.565000e-03	4.640000e-04	0.000000e+00	5.900000e-05	3.300000e-05	3.300000e-05	3.400000e-05
-7.700000e+00	2.100000e-05	1.900000e-05	2.000000e-05	1.900000e-05	1.900000e-05	8.300000e-05	3.318000e-03	1.765000e-03	5.150000e-04	0.000000e+00	6.600000e-05	3.800000e-05	3.800000e-05	3.800000e-05
-7.650000e+00	2.300000e-05	2.100000e-05	2.400000e-05	2.100000e-05	2.100000e-05	9.000000e-05	3.696000e-03	1.997000e-03	5.720000e-04	1.000000e-06	7.300000e-05	4.300000e-05	4.300000e-05	4.300000e-05
-7.600000e+00	2.600000e-05	2.400000e-05	2.900000e-05	2.300000e-05	2.300000e-05	9.600000e-05	4.148000e-03	2.259000e-03	6.350000e-04	0.000000e+00	8.000000e-05	4.800000e-05	4.800000e-05	4.800000e-05
-7.550000e+00	2.800000e-05	2.600000e-05	3.600000e-05	2.600000e-05	2.600000e-05	1.020000e-04	4.634000e-03	2.530000e-03	7.060000e-04	0.000000e+00	8.700000e-05	5.200000e-05	5.200000e-05	5.400000e-05
-7.500000e+00	3.000000e-05	2.900000e-05	4.800000e-05	2.800000e-05	2.800000e-05	1.070000e-04	5.047000e-03	2.810000e-03	7.690000e-04	0.000000e+00	9.500000e-05	5.700000e-05	5.700000e-05	6.000000e-05
-7.450000e+00	3.200000e-05	3.100000e-05	6.900000e-05	3.000000e-05	3.100000e-05	1.130000e-04	5.400000e-03	3.126000e-03	8.260000e-04	0.000000e+00	1.030000e-04	6.200000e-05	6.200000e-05	6.900000e-05
-7.400000e+00	3.400000e-05	3.300000e-05	1.040000e-04	3.300000e-05	3.300000e-05	1.180000e-04	5.769000e-03	3.502000e-03	8.880000e-04	0.000000e+00	1.100000e-04	6.700000e-05	6.700000e-05	8.200000e-05
-7.350000e+00	3.600000e-05	3.500000e-05	1.710000e-04	3.500000e-05	3.500000e-05	1.220000e-04	6.171000e-03	3.912000e-03	9.580000e-04	0.000000e+00	1.180000e-04	7.100000e-05	7.100000e-05	1.020000e-04
-7.300000e+00	3.800000e-05	3.700000e-05	3.220000e-04	3.700000e-05	3.600000e-05	1.260000e-04	6.533000e-03	4.377000e-03	1.055000e-03	0.000000e+00	1.220000e-04	7.500000e-05	7.500000e-05	1.300000e-04
-7.250000e+00	3.900000e-05	3.900000e-05	6.760000e-04	3.800000e-05	3.800000e-05	1.290000e-04	6.781000e-03	4.919000e-03	1.139000e-03	0.000000e+00	1.240000e-04	7.800000e-05	7.800000e-05	1.660000e-04
-7.200000e+00	4.000000e-05	4.100000e-05	1.559000e-03	3.900000e-05	3.900000e-05	1.310000e-04	6.930000e-03	5.480000e-03	1.225000e-03	0.000000e+00	1.260000e-04	8.000000e-05	8.000000e-05	2.050000e-04
-7.150000e+00	4.200000e-05	4.400000e-05	3.774000e-03	4.000000e-05	4.000000e-05	1.320000e-04	7.048000e-03	5.996000e-03	1.309000e-03	2.000000e-06	1.290000e-04	8.300000e-05	8.300000e-05	2.430000e-04
-7.100000e+00	4.400000e-05	4.600000e-05	8.491000e-03	4.200000e-05	4.000000e-05	1.330000e-04	7.175000e-03	6.405000e-03	1.392000e-03	2.000000e-06	1.310000e-04	8.500000e-05	8.500000e-05	2.770000e-04
-7.050000e+00	4.600000e-05	4.800000e-05	1.382200e-02	4.200000e-05	4.100000e-05	1.350000e-04	7.236000e-03	6.658000e-03	1.516000e-03	1.000000e-06	1.330000e-04	8.700000e-05	8.700000e-05	3.090000e-04
-7.000000e+00	4.500000e-05	4.800000e-05	1.778500e-02	4.300000e-05	4.200000e-05	1.360000e-04	7.256000e-03	6.874000e-03	1.639000e-03	0.000000e+00	1.340000e-04	8.800000e-05	8.800000e-05	3.360000e-04
-6.950000e+00	4.500000e-05	5.000000e-05	2.144500e-02	4.400000e-05	4.300000e-05	1.370000e-04	7.317000e-03	7.003000e-03	1.797000e-03	0.000000e+00	1.370000e-04	9.000000e-05	9.000000e-05	3.630000e-04
-6.900000e+00	4.600000e-05	5.200000e-05	2.473200e-02	4.500000e-05	4.400000e-05	1.390000e-04	7.430000e-03	7.118000e-03	1.973000e-03	0.000000e+00	1.400000e-04	9.200000e-05	9.200000e-05	3.890000e-04
-6.850000e+00	4.700000e-05	5.100000e-05	2.772200e-02	4.600000e-05	4.500000e-05	1.420000e-04	7.550000e-03	7.210000e-03	2.164000e-03	0.000000e+00	1.430000e-04	9.300000e-05	9.300000e-05	4.130000e-04
-6.800000e+00	4.800000e-05	5.000000e-05	3.055500e-02	4.700000e-05	4.600000e-05	1.430000e-04	7.622000e-03	7.257000e-03	2.359000e-03	1.000000e-06	1.450000e-04	9.500000e-05	9.500000e-05	4.380000e-04
-6.750000e+00	5.100000e-05	5.200000e-05	3.335900e-02	4.800000e-05	4.600000e-05	1.440000e-04	7.638000e-03	7.307000e-03	2.526000e-03	2.000000e-06	1.470000e-04	9.600000e-05	9.600000e-05	4.620000e-04
-6.700000e+00	5.200000e-05	5.500000e-05	3.581900e-02	4.800000e-05	4.700000e-05	1.440000e-04	7.620000e-03	7.292000e-03	2.751000e-03	3.000000e-06	1.470000e-04	9.800000e-05	9.800000e-05	4.850000e-04
-6.650000e+00	5.400000e-05	5.600000e-05	3.851500e-02	5.000000e-05	4.900000e-05	1.440000e-04	7.692000e-03	7.340000e-03	2.937000e-03	4.000000e-06	1.480000e-04	9.900000e-05	9.900000e-05	5.090000e-04
-6.600000e+00	5.600000e-05	5.900000e-05	4.107600e-02	5.400000e-05	5.000000e-05	1.460000e-04	7.747000e-03	7.397000e-03	3.089000e-03	6.000000e-06	1.490000e-04	1.000000e-04	1.000000e-04	5.320000e-04
-6.550000e+00	5.800000e-05	6.100000e-05	4.352800e-02	5.700000e-05	5.100000e-05	1.470000e-04	7.745000e-03	7.448000e-03	3.246000e-03	9.000000e-06	1.510000e-04	1.010000e-04	1.010000e-04	5.560000e-04
-6.500000e+00	6.200000e-05	6.300000e-05	4.608700e-02	6.100000e-05	5.300000e-05	1.490000e-04	7.719000e-03	7.516000e-03	3.434000e-03	1.200000e-05	1.540000e-04	1.020000e-04	1.030000e-04	5.790000e-04
-6.450000e+00	6.900000e-05	6.900000e-05	4.883400e-02	6.500000e-05	5.700000e-05	1.540000e-04	7.789000e-03	7.650000e-03	3.605000e-03	1.700000e-05	1.570000e-04	1.040000e-04	1.040000e-04	6.020000e-04
-6.400000e+00	7.900000e-05	8.000000e-05	5.135400e-02	7.000000e-05	6.400000e-05	1.610000e-04	7.726000e-03	7.701000e-03	3.826000e-03	2.400000e-05	1.610000e-04	1.050000e-04	1.060000e-04	6.240000e-04
-6.350000e+00	9.400000e-05	1.000000e-04	5.378800e-02	7.500000e-05	7.100000e-05	1.690000e-04	7.777000e-03	7.785000e-03	4.018000e-03	3.400000e-05	1.640000e-04	1.070000e-04	1.070000e-04	6.470000e-04
-6.300000e+00	1.330000e-04	1.470000e-04	5.614600e-02	8.700000e-05	8.100000e-05	1.800000e-04	7.867000e-03	7.914000e-03	4.207000e-03	4.500000e-05	1.660000e-04	1.090000e-04	1.100000e-04	6.690000e-04
-6.250000e+00	2.270000e-04	2.560000e-04	5.849900e-02	1.060000e-04	9.500000e-05	1.970000e-04	8.001000e-03	8.035000e-03	4.383000e-03	5.700000e-05	1.690000e-04	1.120000e-04	1.130000e-04	6.910000e-04
-6.200000e+00	4.500000e-04	5.190000e-04	6.094500e-02	1.240000e-04	1.160000e-04	2.240000e-04	8.192000e-03	8.108000e-03	4.537000e-03	7.200000e-05	1.710000e-04	1.170000e-04	1.180000e-04	7.140000e-04
-6.150000e+00	1.019000e-03	1.192000e-03	6.356500e-02	1.480000e-04	1.410000e-04	2.550000e-04	8.374000e-03	8.190000e-03	4.723000e-03	9.800000e-05	1.750000e-04	1.240000e-04	1.280000e-04	7.370000e-04
-6.100000e+00	2.273000e-03	2.654000e-03	6.592000e-02	1.910000e-04	1.790000e-04	2.970000e-04	8.492000e-03	8.325000e-03	4.952000e-03	1.330000e-04	1.850000e-04	1.390000e-04	1.460000e-04	7.600000e-04
-6.050000e+00	4.149000e-03	4.708000e-03	6.831600e-02	2.410000e-04	2.230000e-04	3.630000e-04	8.619000e-03	8.523000e-03	5.217000e-03	1.830000e-04	1.990000e-04	1.590000e-04	1.680000e-04	7.840000e-04
-6.000000e+00	6.448000e-03	7.096000e-03	7.082400e-02	3.110000e-04	2.850000e-04	4.550000e-04	8.841000e-03	8.740000e-03	5.479000e-03	2.480000e-04	2.120000e-04	1.830000e-04	1.940000e-04	8.070000e-04
-5.950000e+00	8.931000e-03	9.639000e-03	7.334600e-02	4.000000e-04	3.780000e-04	5.850000e-04	9.177000e-03	8.963000e-03	5.749000e-03	3.330000e-04	2.230000e-04	2.090000e-04	2.230000e-04	8.310000e-04
-5.900000e+00	1.149800e-02	1.230400e-02	7.578300e-02	5.090000e-04	5.140000e-04	7.750000e-04	9.615000e-03	9.204000e-03	6.074000e-03	4.510000e-04	2.320000e-04	2.370000e-04	2.530000e-04	8.550000e-04
-5.850000e+00	1.411600e-02	1.496700e-02	7.825900e-02	6.830000e-04	6.850000e-04	1.025000e-03	1.015800e-02	9.494000e-03	6.517000e-03	5.910000e-04	2.470000e-04	2.670000e-04	2.840000e-04	8.790000e-04
-5.800000e+00	1.655200e-02	1.759500e-02	8.065600e-02	8.940000e-04	8.960000e-04	1.397000e-03	1.084700e-02	9.885000e-03	7.045000e-03	7.840000e-04	2.610000e-04	2.980000e-04	3.170000e-04	9.050000e-04
-5.750000e+00	1.906600e-02	2.017400e-02	8.315200e-02	1.188000e-03	1.168000e-03	1.861000e-03	1.167500e-02	1.036200e-02	7.595000e-03	1.075000e-03	2.810000e-04	3.300000e-04	3.520000e-04	9.310000e-04
-5.700000e+00	2.159800e-02	2.271700e-02	8.561700e-02	1.541000e-03	1.528000e-03	2.429000e-03	1.268600e-02	1.101000e-02	8.255000e-03	1.443000e-03	3.000000e-04	3.640000e-04	3.890000e-04	9.580000e-04
-5.650000e+00	2.412300e-02	2.528200e-02	8.802400e-02	1.986000e-03	2.003000e-03	3.150000e-03	1.397300e-02	1.181600e-02	9.061000e-03	1.900000e-03	3.190000e-04	4.010000e-04	4.290000e-04	9.870000e-04
-5.600000e+00	2.663200e-02	2.792200e-02	9.032300e-02	2.617000e-03	2.621000e-03	4.096000e-03	1.561600e-02	1.273100e-02	1.003900e-02	2.502000e-03	3.420000e-04	4.400000e-04	4.720000e-04	1.017000e-03
-5.550000e+00	2.908200e-02	3.061500e-02	9.230100e-02	3.506000e-03	3.428000e-03	5.306000e-03	1.756500e-02	1.375700e-02	1.127600e-02	3.290000e-03	3.720000e-04	4.810000e-04	5.190000e-04	1.049000e-03
-5.500000e+00	3.147500e-02	3.332800e-02	9.420900e-02	4.602000e-03	4.540000e-03	6.778000e-03	1.987400e-02	1.505400e-02	1.271000e-02	4.361000e-03	4.150000e-04	5.280000e-04	5.710000e-04	1.085000e-03
-5.450000e+00	3.385600e-02	3.614800e-02	9.653500e-02	6.048000e-03	5.990000e-03	8.739000e-03	2.287500e-02	1.670200e-02	1.445900e-02	5.787000e-03	4.710000e-04	5.790000e-04	6.300000e-04	1.124000e-03
-5.400000e+00	3.624100e-02	3.896600e-02	9.884900e-02	7.911000e-03	7.851000e-03	1.119200e-02	2.657000e-02	1.874200e-02	1.668600e-02	7.698000e-03	5.230000e-04	6.360000e-04	6.980000e-04	1.168000e-03
-5.350000e+00	3.869500e-02	4.177300e-02	1.009680e-01	1.033600e-02	1.025300e-02	1.424900e-02	3.108500e-02	2.123200e-02	1.949800e-02	1.020800e-02	5.710000e-04	7.010000e-04	7.760000e-04	1.218000e-03
-5.300000e+00	4.124200e-02	4.463200e-02	1.028910e-01	1.353000e-02	1.338800e-02	1.813900e-02	3.676200e-02	2.429200e-02	2.297400e-02	1.340800e-02	6.280000e-04	7.740000e-04	8.690000e-04	1.277000e-03
-5.250000e+00	4.375000e-02	4.761800e-02	1.047050e-01	1.758900e-02	1.748000e-02	2.308200e-02	4.432200e-02	2.819100e-02	2.722500e-02	1.740600e-02	7.000000e-04	8.590000e-04	9.830000e-04	1.345000e-03
-5.200000e+00	4.617400e-02	5.085700e-02	1.063510e-01	2.293600e-02	2.256900e-02	2.922100e-02	5.416200e-02	3.294700e-02	3.239300e-02	2.261300e-02	8.050000e-04	9.580000e-04	1.124000e-03	1.428000e-03
-5.150000e+00	4.859300e-02	5.396000e-02	1.080800e-01	2.973800e-02	2.924700e-02	3.687200e-02	6.582700e-02	3.871900e-02	3.879100e-02	2.928600e-02	9.270000e-04	1.076000e-03	1.292000e-03	1.529000e-03
-5.100000e+00	5.115700e-02	5.714700e-02	1.096260e-01	3.841200e-02	3.792900e-02	4.662200e-02	7.951600e-02	4.579500e-02	4.656800e-02	3.786900e-02	1.070000e-03	1.216000e-03	1.489000e-03	1.650000e-03
-5.050000e+00	5.382700e-02	6.064300e-02	1.108910e-01	4.948000e-02	4.902300e-02	5.905600e-02	9.582100e-02	5.445000e-02	5.608400e-02	4.884500e-02	1.241000e-03	1.385000e-03	1.721000e-03	1.800000e-03
-5.000000e+00	5.643800e-02	6.451400e-02	1.119850e-01	6.356400e-02	6.300800e-02	7.474100e-02	1.157110e-01	6.490800e-02	6.777900e-02	6.274200e-02	1.454000e-03	1.587000e-03	1.995000e-03	1.983000e-03
-4.950000e+00	5.879000e-02	6.845600e-02	1.132710e-01	8.130600e-02	8.077700e-02	9.435600e-02	1.402550e-01	7.727800e-02	8.178600e-02	8.025500e-02	1.719000e-03	1.830000e-03	2.318000e-03	2.206000e-03
-4.900000e+00	6.140400e-02	7.324000e-02	1.142600e-01	1.035340e-01	1.031870e-01	1.187240e-01	1.702960e-01	9.240500e-02	9.881100e-02	1.026030e-01	2.019000e-03	2.129000e-03	2.697000e-03	2.487000e-03
-4.850000e+00	6.394600e-02	7.911600e-02	1.148410e-01	1.315370e-01	1.311880e-01	1.490620e-01	2.073230e-01	1.104990e-01	1.193360e-01	1.304490e-01	2.375000e-03	2.491000e-03	3.135000e-03	2.830000e-03
-4.800000e+00	6.655200e-02	8.675200e-02	1.153740e-01	1.666010e-01	1.662090e-01	1.866800e-01	2.527900e-01	1.321380e-01	1.439800e-01	1.650910e-01	2.812000e-03	2.930000e-03	3.633000e-03	3.250000e-03
-4.750000e+00	6.927400e-02	9.772800e-02	1.160240e-01	2.103710e-01	2.098930e-01	2.331280e-01	3.085750e-01	1.579850e-01	1.735920e-01	2.083440e-01	3.355000e-03	3.462000e-03	4.198000e-03	3.762000e-03
-4.700000e+00	7.205600e-02	1.143510e-01	1.167950e-01	2.647080e-01	2.640160e-01	2.903070e-01	3.769410e-01	1.886970e-01	2.090920e-01	2.623890e-01	4.019000e-03	4.105000e-03	4.849000e-03	4.384000e-03
-4.650000e+00	7.472200e-02	1.392800e-01	1.175720e-01	3.311650e-01	3.303410e-01	3.606750e-01	4.602490e-01	2.247360e-01	2.510210e-01	3.290900e-01	4.794000e-03	4.881000e-03	5.616000e-03	5.140000e-03
-4.600000e+00	7.740900e-02	1.548210e-01	1.181900e-01	4.119730e-01	4.119650e-01	4.461040e-01	5.609200e-01	2.663170e-01	3.001840e-01	4.090340e-01	5.723000e-03	5.818000e-03	6.542000e-03	6.058000e-03
-4.550000e+00	8.023800e-02	1.633200e-01	1.189340e-01	5.105870e-01	5.107760e-01	5.497060e-01	6.824530e-01	3.159730e-01	3.581400e-01	5.068410e-01	6.816000e-03	6.938000e-03	7.647000e-03	7.159000e-03
-4.500000e+00	8.320800e-02	1.679400e-01	1.197200e-01	6.301620e-01	6.300580e-01	6.746500e-01	8.280070e-01	3.742910e-01	4.263310e-01	6.256660e-01	8.113000e-03	8.270000e-03	8.962000e-03	8.472000e-03
-4.450000e+00	8.637400e-02	1.709080e-01	1.205610e-01	7.738850e-01	7.735490e-01	8.241250e-01	1.001846e+00	4.419260e-01	5.059800e-01	7.684890e-01	9.628000e-03	9.848000e-03	1.052200e-02	1.003300e-02
-4.400000e+00	8.973100e-02	1.733620e-01	1.214620e-01	9.452690e-01	9.451470e-01	1.001571e+00	1.208807e+00	5.199670e-01	5.983180e-01	9.385250e-01	1.138300e-02	1.171100e-02	1.235800e-02	1.187800e-02
-4.350000e+00	9.307600e-02	1.757340e-01	1.223080e-01	1.149100e+00	1.148237e+00	1.211468e+00	1.452510e+00	6.106040e-01	7.052730e-01	1.140580e+00	1.349900e-02	1.389700e-02	1.447800e-02	1.404500e-02
-4.300000e+00	9.646300e-02	1.780820e-01	1.236410e-01	1.386071e+00	1.385601e+00	1.457029e+00	1.736908e+00	7.150340e-01	8.288000e-01	1.377847e+00	1.592900e-02	1.641300e-02	1.699900e-02	1.654000e-02
-4.250000e+00	1.001890e-01	1.801440e-01	1.252140e-01	1.663550e+00	1.662981e+00	1.743517e+00	2.068648e+00	8.340600e-01	9.698960e-01	1.654299e+00	1.875400e-02	1.934800e-02	1.992000e-02	1.945800e-02
-4.200000e+00	1.040480e-01	1.820510e-01	1.270650e-01	1.985060e+00	1.985425e+00	2.075671e+00	2.452618e+00	9.701720e-01	1.131103e+00	1.974751e+00	2.202500e-02	2.273400e-02	2.328500e-02	2.283000e-02
-4.150000e+00	1.080260e-01	1.838870e-01	1.290840e-01	2.355257e+00	2.356598e+00	2.458125e+00	2.893933e+00	1.125323e+00	1.314230e+00	2.343635e+00	2.578300e-02	2.661200e-02	2.714200e-02	2.669300e-02
-4.100000e+00	1.122490e-01	1.857660e-01	1.311740e-01	2.779344e+00	2.780107e+00	2.895393e+00	3.397882e+00	1.300973e+00	1.520993e+00	2.765490e+00	3.006200e-02	3.102900e-02	3.153800e-02	3.109600e-02
-4.050000e+00	1.169150e-01	1.879070e-01	1.334260e-01	3.261167e+00	3.263207e+00	3.392059e+00	3.969742e+00	1.498552e+00	1.754682e+00	3.246410e+00	3.491200e-02	3.603100e-02	3.651900e-02	3.608500e-02
-4.000000e+00	1.215800e-01	1.905560e-01	1.360610e-01	3.803211e+00	3.803702e+00	3.947162e+00	4.610822e+00	1.718673e+00	2.015812e+00	3.783505e+00	4.034300e-02	4.161500e-02	4.208200e-02	4.165800e-02
-3.950000e+00	1.262760e-01	1.932290e-01	1.393240e-01	4.407118e+00	4.408342e+00	4.567975e+00	5.326829e+00	1.964740e+00	2.306190e+00	4.384237e+00	4.640000e-02	4.785000e-02	4.829700e-02	4.788200e-02
-3.900000e+00	1.313120e-01	1.960960e-01	1.428110e-01	5.076313e+00	5.077921e+00	5.257577e+00	6.121973e+00	2.237483e+00	2.628108e+00	5.050591e+00	5.311800e-02	5.476700e-02	5.519400e-02	5.479000e-02
-3.850000e+00	1.368570e-01	1.993300e-01	1.464190e-01	5.813794e+00	5.815182e+00	6.017835e+00	6.998298e+00	2.538714e+00	2.984544e+00	5.783873e+00	6.051600e-02	6.239100e-02	6.279700e-02	6.240600e-02
-3.800000e+00	1.428160e-01	2.029060e-01	1.502870e-01	6.620551e+00	6.622697e+00	6.848993e+00	7.956799e+00	2.870809e+00	3.377853e+00	6.584827e+00	6.860200e-02	7.074000e-02	7.112300e-02	7.074800e-02
-3.750000e+00	1.486750e-01	2.063840e-01	1.547210e-01	7.492865e+00	7.497957e+00	7.749247e+00	9.000110e+00	3.235378e+00	3.807260e+00	7.453859e+00	7.740300e-02	7.982400e-02	8.018500e-02	7.982700e-02
-3.700000e+00	1.549080e-01	2.103330e-01	1.595680e-01	8.419774e+00	8.425646e+00	8.704887e+00	1.010941e+01	3.629900e+00	4.270701e+00	8.375339e+00	8.685900e-02	8.953300e-02	8.987500e-02	8.953600e-02
-3.650000e+00	1.612890e-01	2.142540e-01	1.650600e-01	9.406658e+00	9.413518e+00	9.726322e+00	1.128995e+01	4.058992e+00	4.773243e+00	9.356951e+00	9.694200e-02	9.992900e-02	1.002500e-01	9.993100e-02
-3.600000e+00	1.679050e-01	2.186500e-01	1.709560e-01	1.044760e+01	1.045513e+01	1.080683e+01	1.253970e+01	4.521022e+00	5.315106e+00	1.039372e+01	1.076760e-01	1.109860e-01	1.112860e-01	1.109890e-01
-3.550000e+00	1.749500e-01	2.233840e-01	1.770900e-01	1.153592e+01	1.154320e+01	1.193870e+01	1.385274e+01	5.015601e+00	5.896324e+00	1.147705e+01	1.190390e-01	1.226630e-01	1.229430e-01	1.226710e-01
-3.500000e+00	1.824350e-01	2.282360e-01	1.834300e-01	1.266360e+01	1.266997e+01	1.311410e+01	1.522021e+01	5.543276e+00	6.516201e+00	1.259748e+01	1.309690e-01	1.348990e-01	1.351580e-01	1.349160e-01
-3.450000e+00	1.898250e-01	2.335260e-01	1.901470e-01	1.382018e+01	1.382760e+01	1.432618e+01	1.663247e+01	6.104602e+00	7.172381e+00	1.374959e+01	1.433890e-01	1.476110e-01	1.478490e-01	1.476410e-01
-3.400000e+00	1.976360e-01	2.384370e-01	1.972430e-01	1.497839e+01	1.498132e+01	1.554119e+01	1.805620e+01	6.691821e+00	7.857805e+00	1.489743e+01	1.560480e-01	1.605160e-01	1.607340e-01	1.605620e-01
-3.350000e+00	2.055980e-01	2.435160e-01	2.046110e-01	1.613903e+01	1.613880e+01	1.676743e+01	1.949649e+01	7.307860e+00	8.574591e+00	1.604925e+01	1.689240e-01	1.736680e-01	1.738650e-01	1.737330e-01
-3.300000e+00	2.132890e-01	2.485810e-01	2.123510e-01	1.729135e+01	1.728794e+01	1.799460e+01	2.094395e+01	7.953051e+00	9.321112e+00	1.719422e+01	1.819590e-01	1.869570e-01	1.871320e-01	1.870460e-01
-3.250000e+00	2.207790e-01	2.538760e-01	2.204490e-01	1.842175e+01	1.841760e+01	1.920764e+01	2.238411e+01	8.622352e+00	1.009420e+01	1.831849e+01	1.950460e-01	2.002550e-01	2.004090e-01	2.003750e-01
-3.200000e+00	2.283350e-01	2.594810e-01	2.288820e-01	1.951623e+01	1.951441e+01	2.039020e+01	2.380022e+01	9.309587e+00	1.088917e+01	1.940699e+01	2.080400e-01	2.134190e-01	2.135520e-01	2.135750e-01
-3.150000e+00	2.360570e-01	2.646660e-01	2.377270e-01	2.056385e+01	2.055807e+01	2.152990e+01	2.517755e+01	1.001443e+01	1.170003e+01	2.044621e+01	2.207970e-01	2.262990e-01	2.264100e-01	2.264990e-01
-3.100000e+00	2.435300e-01	2.697270e-01	2.465900e-01	2.151444e+01	2.151167e+01	2.259847e+01	2.646373e+01	1.072084e+01	1.251125e+01	2.139209e+01	2.328500e-01	2.384220e-01	2.385140e-01	2.386750e-01
-3.050000e+00	2.506290e-01	2.744920e-01	2.558480e-01	2.238492e+01	2.238387e+01	2.360008e+01	2.767247e+01	1.142869e+01	1.332543e+01	2.225756e+01	2.444280e-01	2.499280e-01	2.499980e-01	2.502420e-01
-3.000000e+00	2.573200e-01	2.787240e-01	2.652560e-01	2.316586e+01	2.316550e+01	2.452155e+01	2.878621e+01	1.213635e+01	1.413375e+01	2.303387e+01	2.553260e-01	2.606630e-01	2.607120e-01	2.610530e-01
-2.950000e+00	2.636660e-01	2.823870e-01	2.748050e-01	2.385105e+01	2.384875e+01	2.535517e+01	2.979361e+01	1.283690e+01	1.492591e+01	2.371468e+01	2.653820e-01	2.704750e-01	2.705020e-01	2.709530e-01
-2.900000e+00	2.696440e-01	2.855540e-01	2.845150e-01	2.443448e+01	2.442752e+01	2.609608e+01	3.068738e+01	1.352089e+01	1.569341e+01	2.429356e+01	2.744850e-01	2.792200e-01	2.792270e-01	2.797940e-01
-2.850000e+00	2.749540e-01	2.882990e-01	2.941890e-01	2.490678e+01	2.489766e+01	2.673868e+01	3.146116e+01	1.418049e+01	1.643382e+01	2.476124e+01	2.825970e-01	2.867710e-01	2.867580e-01	2.874530e-01
-2.800000e+00	2.797490e-01	2.907720e-01	3.044820e-01	2.523042e+01	2.521968e+01	2.725251e+01	3.206815e+01	1.478889e+01	1.711057e+01	2.507753e+01	2.892120e-01	2.926540e-01	2.926200e-01	2.934610e-01
-2.750000e+00	2.841810e-01	2.927430e-01	3.148920e-01	2.544849e+01	2.543356e+01	2.766786e+01	3.254901e+01	1.535716e+01	1.773359e+01	2.528554e+01	2.946140e-01	2.971520e-01	2.970980e-01	2.981010e-01
-2.700000e+00	2.879070e-01	2.940700e-01	3.261650e-01	2.555432e+01	2.553455e+01	2.798994e+01	3.290209e+01	1.587656e+01	1.829840e+01	2.538227e+01	2.988170e-01	3.001990e-01	3.001250e-01	3.013100e-01
-2.650000e+00	2.909360e-01	2.948280e-01	3.381890e-01	2.555004e+01	2.552835e+01	2.822468e+01	3.312637e+01	1.634326e+01	1.879970e+01	2.537555e+01	3.016700e-01	3.017560e-01	3.016610e-01	3.030480e-01
-2.600000e+00	2.934780e-01	2.950060e-01	3.506810e-01	2.544433e+01	2.542423e+01	2.837711e+01	3.322305e+01	1.675350e+01	1.923129e+01	2.527401e+01	3.030880e-01	3.018080e-01	3.016910e-01	3.033020e-01
-2.550000e+00	2.957780e-01	2.942210e-01	3.640410e-01	2.524975e+01	2.522803e+01	2.844977e+01	3.319710e+01	1.709781e+01	1.958614e+01	2.507678e+01	3.032860e-01	3.003650e-01	3.002260e-01	3.020860e-01
-2.500000e+00	2.968300e-01	2.930740e-01	3.785160e-01	2.494257e+01	2.491425e+01	2.842875e+01	3.301026e+01	1.735217e+01	1.982890e+01	2.476503e+01	3.019860e-01	2.970920e-01	2.969310e-01	2.990700e-01
-2.450000e+00	2.973250e-01	2.914490e-01	3.945570e-01	2.455695e+01	2.452405e+01	2.834013e+01	3.270323e+01	1.752607e+01	1.998502e+01	2.437696e+01	2.994290e-01	2.923990e-01	2.922190e-01	2.946630e-01
-2.400000e+00	2.978170e-01	2.893810e-01	4.124700e-01	2.410052e+01	2.406173e+01	2.819142e+01	3.227300e+01	1.761923e+01	2.004480e+01	2.391661e+01	2.955910e-01	2.863660e-01	2.861640e-01	2.889430e-01
-2.350000e+00	2.977920e-01	2.866720e-01	4.322230e-01	2.357796e+01	2.353412e+01	2.798361e+01	3.171894e+01	1.763059e+01	2.000399e+01	2.339104e+01	2.907220e-01	2.790790e-01	2.788570e-01	2.819990e-01
-2.300000e+00	2.966920e-01	2.832380e-01	4.536970e-01	2.299329e+01	2.294727e+01	2.771560e+01	3.104256e+01	1.755986e+01	1.986451e+01	2.280858e+01	2.850070e-01	2.706460e-01	2.704040e-01	2.739380e-01
-2.250000e+00	2.949510e-01	2.794250e-01	4.770320e-01	2.235197e+01	2.230370e+01	2.738850e+01	3.024717e+01	1.740900e+01	1.963482e+01	2.217711e+01	2.782670e-01	2.611940e-01	2.609320e-01	2.648840e-01
-2.200000e+00	2.929320e-01	2.749800e-01	5.036150e-01	2.165546e+01	2.160286e+01	2.697712e+01	2.928057e+01	1.715268e+01	1.927765e+01	2.148243e+01	2.707870e-01	2.505440e-01	2.502610e-01	2.546780e-01
-2.150000e+00	2.909040e-01	2.706930e-01	5.334970e-01	2.091967e+01	2.086259e+01	2.649354e+01	2.819011e+01	1.681724e+01	1.883142e+01	2.074630e+01	2.627070e-01	2.391710e-01	2.388670e-01	2.437780e-01
-2.100000e+00	2.886070e-01	2.660910e-01	5.660170e-01	2.014926e+01	2.008916e+01	2.592515e+01	2.698825e+01	1.641064e+01	1.829749e+01	1.997825e+01	2.540950e-01	2.272280e-01	2.269040e-01	2.323290e-01
-2.050000e+00	2.858890e-01	2.610280e-01	6.016150e-01	1.935139e+01	1.929174e+01	2.525147e+01	2.569304e+01	1.593780e+01	1.768428e+01	1.918631e+01	2.449810e-01	2.148470e-01	2.144980e-01	2.204630e-01
-2.000000e+00	2.828150e-01	2.556210e-01	6.409900e-01	1.853415e+01	1.847587e+01	2.444898e+01	2.433245e+01	1.540413e+01	1.700215e+01	1.837546e+01	2.354920e-01	2.021540e-01	2.017780e-01	2.083130e-01
-1.950000e+00	2.797680e-01	2.501860e-01	6.838710e-01	1.770512e+01	1.763835e+01	2.349601e+01	2.294662e+01	1.481851e+01	1.625910e+01	1.754643e+01	2.259570e-01	1.892930e-01	1.888990e-01	1.960120e-01
-1.900000e+00	2.769500e-01	2.448440e-01	7.316740e-01	1.685110e+01	1.677800e+01	2.231645e+01	2.155369e+01	1.417610e+01	1.544893e+01	1.669552e+01	2.158120e-01	1.761640e-01	1.757500e-01	1.834850e-01
-1.850000e+00	2.741730e-01	2.393250e-01	7.825220e-01	1.598885e+01	1.591515e+01	2.103068e+01	2.015188e+01	1.349694e+01	1.461351e+01	1.584287e+01	2.057500e-01	1.631010e-01	1.626770e-01	1.710460e-01
-1.800000e+00	2.712400e-01	2.336960e-01	8.367030e-01	1.512798e+01	1.505213e+01	1.977501e+01	1.873565e+01	1.278893e+01	1.376382e+01	1.498769e+01	1.959060e-01	1.502280e-01	1.497890e-01	1.587970e-01
-1.750000e+00	2.681580e-01	2.282810e-01	8.943570e-01	1.427277e+01	1.419412e+01	1.858017e+01	1.731255e+01	1.206011e+01	1.290580e+01	1.413707e+01	1.860300e-01	1.376420e-01	1.371800e-01	1.468330e-01
-1.700000e+00	2.650550e-01	2.232100e-01	9.555900e-01	1.342609e+01	1.334597e+01	1.742078e+01	1.589733e+01	1.131857e+01	1.204226e+01	1.329838e+01	1.760880e-01	1.254230e-01	1.249340e-01	1.352280e-01
-1.650000e+00	2.621060e-01	2.180290e-01	1.020652e+00	1.259229e+01	1.250995e+01	1.625371e+01	1.450723e+01	1.057235e+01	1.117455e+01	1.247360e+01	1.666840e-01	1.136380e-01	1.131340e-01	1.240270e-01
-1.600000e+00	2.589960e-01	2.125290e-01	1.087384e+00	1.176374e+01	1.168640e+01	1.504908e+01	1.312121e+01	9.817788e+00	1.029715e+01	1.165214e+01	1.571450e-01	1.022010e-01	1.016900e-01	1.132020e-01
-1.550000e+00	2.564430e-01	2.076140e-01	1.156401e+00	1.095535e+01	1.088343e+01	1.384042e+01	1.177549e+01	9.066579e+00	9.440049e+00	1.085261e+01	1.478040e-01	9.136800e-02	9.084200e-02	1.029320e-01
-1.500000e+00	2.540870e-01	2.029580e-01	1.226813e+00	1.016787e+01	1.010180e+01	1.263313e+01	1.048158e+01	8.328566e+00	8.603982e+00	1.007539e+01	1.385780e-01	8.117600e-02	8.065900e-02	9.324900e-02
-1.450000e+00	2.516920e-01	1.985200e-01	1.298514e+00	9.402792e+00	9.344384e+00	1.144014e+01	9.251235e+00	7.609434e+00	7.794209e+00	9.323040e+00	1.293830e-01	7.167600e-02	7.114400e-02	8.416900e-02
-1.400000e+00	2.492510e-01	1.943000e-01	1.371622e+00	8.662000e+00	8.613872e+00	1.027540e+01	8.093654e+00	6.913669e+00	7.016763e+00	8.597609e+00	1.203860e-01	6.288300e-02	6.230100e-02	7.570200e-02
-1.350000e+00	2.470780e-01	1.901180e-01	1.445649e+00	7.947411e+00	7.911311e+00	9.149807e+00	7.014236e+00	6.246396e+00	6.276070e+00	7.898881e+00	1.121390e-01	5.476300e-02	5.416900e-02	6.785400e-02
-1.300000e+00	2.456130e-01	1.861370e-01	1.515180e+00	7.252411e+00	7.230890e+00	8.050428e+00	6.003729e+00	5.599638e+00	5.565746e+00	7.222055e+00	1.034460e-01	4.726100e-02	4.665200e-02	6.055700e-02
-1.250000e+00	2.438430e-01	1.817910e-01	1.581190e+00	6.587639e+00	6.579700e+00	7.009229e+00	5.084068e+00	4.987198e+00	4.899982e+00	6.576761e+00	9.542400e-02	4.047900e-02	3.986000e-02	5.386000e-02
-1.200000e+00	2.417920e-01	1.779870e-01	1.643355e+00	5.952267e+00	5.959430e+00	6.032969e+00	4.257280e+00	4.411675e+00	4.281405e+00	5.959754e+00	8.774800e-02	3.440600e-02	3.377700e-02	4.773800e-02
-1.150000e+00	2.397530e-01	1.745650e-01	1.700347e+00	5.347830e+00	5.371658e+00	5.128624e+00	3.522691e+00	3.873820e+00	3.711686e+00	5.374519e+00	8.039000e-02	2.901400e-02	2.837800e-02	4.215500e-02
-1.100000e+00	2.379040e-01	1.711360e-01	1.750362e+00	4.775868e+00	4.817219e+00	4.301262e+00	2.878923e+00	3.374446e+00	3.191382e+00	4.823295e+00	7.335400e-02	2.426800e-02	2.363000e-02	3.707400e-02
-1.050000e+00	2.359350e-01	1.678130e-01	1.791824e+00	4.236624e+00	4.295940e+00	3.553313e+00	2.324256e+00	2.915238e+00	2.719980e+00	4.302835e+00	6.651900e-02	2.013600e-02	1.949700e-02	3.246400e-02
-1.000000e+00	2.341570e-01	1.645970e-01	1.820187e+00	3.724500e+00	3.802241e+00	2.880199e+00	1.847052e+00	2.490386e+00	2.289086e+00	3.807709e+00	6.012600e-02	1.654100e-02	1.590000e-02	2.823900e-02
-9.500000e-01	2.321890e-01	1.611220e-01	1.835522e+00	3.246941e+00	3.338841e+00	2.297234e+00	1.447542e+00	2.106352e+00	1.908062e+00	3.345865e+00	5.411000e-02	1.348200e-02	1.284200e-02	2.440200e-02
-9.000000e-01	2.298470e-01	1.573770e-01	1.836250e+00	2.804104e+00	2.909116e+00	1.801521e+00	1.119455e+00	1.761786e+00	1.573808e+00	2.917209e+00	4.825200e-02	1.090800e-02	1.027200e-02	2.092000e-02
-8.500000e-01	2.270950e-01	1.536470e-01	1.820100e+00	2.397764e+00	2.512916e+00	1.388206e+00	8.537270e-01	1.456035e+00	1.282774e+00	2.521738e+00	4.269900e-02	8.768000e-03	8.139000e-03	1.776500e-02
-8.000000e-01	2.239780e-01	1.501140e-01	1.785762e+00	2.028380e+00	2.149172e+00	1.050163e+00	6.412050e-01	1.188148e+00	1.032134e+00	2.158524e+00	3.771300e-02	7.009000e-03	6.392000e-03	1.491200e-02
-7.500000e-01	2.205440e-01	1.465180e-01	1.734421e+00	1.694154e+00	1.817287e+00	7.786490e-01	4.736400e-01	9.564630e-01	8.198270e-01	1.825550e+00	3.352400e-02	5.583000e-03	4.982000e-03	1.233100e-02
-7.000000e-01	2.168850e-01	1.426430e-01	1.657983e+00	1.390644e+00	1.513512e+00	5.642250e-01	3.422480e-01	7.544310e-01	6.384530e-01	1.520007e+00	2.891600e-02	4.441000e-03	3.852000e-03	1.001500e-02
-6.500000e-01	2.128030e-01	1.387110e-01	1.561597e+00	1.123362e+00	1.240832e+00	4.005030e-01	2.432490e-01	5.872100e-01	4.891020e-01	1.245693e+00	2.499700e-02	3.543000e-03	2.970000e-03	7.972000e-03
-6.000000e-01	2.082440e-01	1.343880e-01	1.447013e+00	8.903650e-01	9.993830e-01	2.783280e-01	1.694510e-01	4.547190e-01	3.676510e-01	1.003618e+00	2.139300e-02	2.827000e-03	2.283000e-03	6.209000e-03
-5.500000e-01	2.030030e-01	1.297790e-01	1.316353e+00	6.912570e-01	7.891170e-01	1.894640e-01	1.155590e-01	3.482080e-01	2.708820e-01	7.927310e-01	1.820000e-02	2.250000e-03	1.747000e-03	4.745000e-03
-5.000000e-01	1.969370e-01	1.250320e-01	1.172823e+00	5.247810e-01	6.092320e-01	1.262710e-01	7.709600e-02	2.619570e-01	1.954560e-01	6.119540e-01	1.533800e-02	1.774000e-03	1.324000e-03	3.533000e-03
-4.500000e-01	1.901600e-01	1.200020e-01	1.021062e+00	3.883160e-01	4.581540e-01	8.209700e-02	5.021500e-02	1.949170e-01	1.378410e-01	4.605850e-01	1.236500e-02	1.362000e-03	9.800000e-04	2.477000e-03
-4.000000e-01	1.828600e-01	1.146990e-01	8.576210e-01	2.771630e-01	3.309170e-01	5.198100e-02	3.208600e-02	1.443800e-01	9.410700e-02	3.335610e-01	1.035300e-02	1.105000e-03	7.610000e-04	1.599000e-03
-3.500000e-01	1.750050e-01	1.091070e-01	6.958000e-01	1.909410e-01	2.304050e-01	3.223200e-02	1.991400e-02	1.079520e-01	6.230900e-02	2.319190e-01	8.397000e-03	8.840000e-04	5.850000e-04	1.038000e-03
-3.000000e-01	1.668550e-01	1.037140e-01	5.420530e-01	1.264920e-01	1.529460e-01	1.973600e-02	1.199600e-02	8.257100e-02	4.002900e-02	1.538150e-01	6.554000e-03	6.590000e-04	4.240000e-04	6.100000e-04
-2.500000e-01	1.586390e-01	9.850600e-02	4.058200e-01	8.093400e-02	9.675300e-02	1.206100e-02	7.006000e-03	6.497500e-02	2.499300e-02	9.728600e-02	4.907000e-03	4.610000e-04	2.890000e-04	3.340000e-04
-2.000000e-01	1.499810e-01	9.279200e-02	2.847770e-01	4.918400e-02	5.682200e-02	7.682000e-03	3.827000e-03	5.283900e-02	1.494800e-02	5.703000e-02	3.840000e-03	2.700000e-04	1.670000e-04	1.630000e-04
-1.500000e-01	1.415590e-01	8.689000e-02	1.887120e-01	2.870800e-02	3.097400e-02	5.253000e-03	1.826000e-03	3.851100e-02	8.616000e-03	3.117100e-02	4.014000e-03	8.400000e-05	5.300000e-05	4.600000e-05
-1.000000e-01	1.330190e-01	8.096400e-02	1.186330e-01	1.664300e-02	1.589400e-02	3.854000e-03	7.560000e-04	1.689100e-02	4.607000e-03	1.598500e-02	5.105200e-02	3.000000e-06	3.000000e-06	3.000000e-06
-5.000000e-02	1.243330e-01	7.484200e-02	7.634900e-02	9.982000e-03	8.229000e-03	2.862000e-03	3.050000e-04	3.931000e-03	2.223000e-03	8.303000e-03	2.794732e+00	0.000000e+00	0.000000e+00	0.000000e+00
0.000000e+00	1.187580e-01	7.108600e-02	5.980700e-02	7.402000e-03	5.484000e-03	2.379000e-03	1.700000e-04	1.742000e-03	1.336000e-03	5.549000e-03	7.004984e+01	0.000000e+00	0.000000e+00	0.000000e+00
