-8.900000e+00	0.000000e+00	0.000000e+00	0.000000e+00	0.000000e+00	0.000000e+00	0.000000e+00	5.000000e-06	2.100000e-05	0.000000e+00	0.000000e+00	0.000000e+00	0.000000e+00	0.000000e+00	0.000000e+00
-8.850000e+00	0.000000e+00	0.000000e+00	0.000000e+00	0.000000e+00	0.000000e+00	0.000000e+00	1.000000e-05	3.300000e-05	0.000000e+00	0.000000e+00	0.000000e+00	0.000000e+00	0.000000e+00	0.000000e+00
-8.800000e+00	0.000000e+00	0.000000e+00	0.000000e+00	0.000000e+00	0.000000e+00	0.000000e+00	1.500000e-05	4.200000e-05	0.000000e+00	0.000000e+00	0.000000e+00	0.000000e+00	0.000000e+00	0.000000e+00
-8.750000e+00	0.000000e+00	0.000000e+00	0.000000e+00	0.000000e+00	0.000000e+00	0.000000e+00	2.400000e-05	5.300000e-05	1.000000e-06	0.000000e+00	0.000000e+00	0.000000e+00	0.000000e+00	0.000000e+00
-8.700000e+00	0.000000e+00	0.000000e+00	0.000000e+00	0.000000e+00	0.000000e+00	0.000000e+00	3.800000e-05	7.000000e-05	2.000000e-06	0.000000e+00	0.000000e+00	0.000000e+00	0.000000e+00	0.000000e+00
-8.650000e+00	0.000000e+00	0.000000e+00	0.000000e+00	0.000000e+00	0.000000e+00	0.000000e+00	6.000000e-05	9.300000e-05	3.000000e-06	0.000000e+00	0.000000e+00	0.000000e+00	0.000000e+00	0.000000e+00
-8.600000e+00	0.000000e+00	0.000000e+00	0.000000e+00	0.000000e+00	0.000000e+00	1.000000e-06	8.800000e-05	1.200000e-04	5.000000e-06	0.000000e+00	1.000000e-06	0.000000e+00	0.000000e+00	0.000000e+00
-8.550000e+00	0.000000e+00	0.000000e+00	0.000000e+00	0.000000e+00	0.000000e+00	2.000000e-06	1.290000e-04	1.450000e-04	8.000000e-06	0.000000e+00	2.000000e-06	1.000000e-06	1.000000e-06	1.000000e-06
-8.500000e+00	0.000000e+00	0.000000e+00	0.000000e+00	0.000000e+00	0.000000e+00	3.000000e-06	1.570000e-04	1.650000e-04	1.400000e-05	0.000000e+00	3.000000e-06	2.000000e-06	2.000000e-06	2.000000e-06
-8.450000e+00	1.000000e-06	1.000000e-06	1.000000e-06	1.000000e-06	1.000000e-06	4.000000e-06	1.960000e-04	1.900000e-04	2.100000e-05	0.000000e+00	4.000000e-06	2.000000e-06	2.000000e-06	2.000000e-06
-8.400000e+00	2.000000e-06	2.000000e-06	2.000000e-06	2.000000e-06	2.000000e-06	6.000000e-06	2.600000e-04	2.280000e-04	3.000000e-05	0.000000e+00	6.000000e-06	3.000000e-06	3.000000e-06	3.000000e-06
-8.350000e+00	2.000000e-06	2.000000e-06	2.000000e-06	2.000000e-06	2.000000e-06	8.000000e-06	3.540000e-04	2.760000e-04	4.300000e-05	0.000000e+00	8.000000e-06	4.000000e-06	4.000000e-06	4.000000e-06
-8.300000e+00	3.000000e-06	3.000000e-06	3.000000e-06	3.000000e-06	3.000000e-06	1.100000e-05	4.700000e-04	3.280000e-04	6.000000e-05	0.000000e+00	9.000000e-06	5.000000e-06	5.000000e-06	5.000000e-06
-8.250000e+00	4.000000e-06	3.000000e-06	3.000000e-06	3.000000e-06	3.000000e-06	1.400000e-05	5.960000e-04	3.940000e-04	8.300000e-05	0.000000e+00	1.200000e-05	7.000000e-06	7.000000e-06	7.000000e-06
-8.200000e+00	5.000000e-06	4.000000e-06	4.000000e-06	4.000000e-06	4.000000e-06	1.900000e-05	7.230000e-04	4.760000e-04	1.050000e-04	0.000000e+00	1.500000e-05	9.000000e-06	9.000000e-06	9.000000e-06
-8.150000e+00	6.000000e-06	5.000000e-06	5.000000e-06	5.000000e-06	5.000000e-06	2.400000e-05	8.850000e-04	5.620000e-04	1.340000e-04	0.000000e+00	1.900000e-05	1.100000e-05	1.100000e-05	1.100000e-05
-8.100000e+00	7.000000e-06	7.000000e-06	7.000000e-06	7.000000e-06	7.000000e-06	3.100000e-05	1.076000e-03	6.510000e-04	1.670000e-04	0.000000e+00	2.200000e-05	1.300000e-05	1.300000e-05	1.300000e-05
-8.050000e+00	8.000000e-06	8.000000e-06	8.000000e-06	8.000000e-06	8.000000e-06	3.800000e-05	1.291000e-03	7.540000e-04	2.070000e-04	0.000000e+00	2.700000e-05	1.600000e-05	1.600000e-05	1.600000e-05
-8.000000e+00	1.000000e-05	1.000000e-05	1.000000e-05	1.000000e-05	9.000000e-06	4.600000e-05	1.525000e-03	8.750000e-04	2.520000e-04	0.000000e+00	3.200000e-05	1.900000e-05	1.900000e-05	1.900000e-05
-7.950000e+00	1.100000e-05	1.100000e-05	1.100000e-05	1.100000e-05	1.100000e-05	5.400000e-05	1.765000e-03	9.870000e-04	3.040000e-04	0.000000e+00	3.800000e-05	2.300000e-05	2.300000e-05	2.300000e-05
-7.900000e+00	1.300000e-05	1.300000e-05	1.300000e-05	1.300000e-05	1.300000e-05	6.300000e-05	2.021000e-03	1.109000e-03	3.610000e-04	0.000000e+00	4.500000e-05	2.700000e-05	2.700000e-05	2.700000e-05
-7.850000e+00	1.500000e-05	1.500000e-05	1.500000e-05	1.500000e-05	1.500000e-05	7.100000e-05	2.325000e-03	1.268000e-03	4.130000e-04	0.000000e+00	5.200000e-05	3.100000e-05	3.100000e-05	3.100000e-05
-7.800000e+00	1.700000e-05	1.800000e-05	1.800000e-05	1.700000e-05	1.700000e-05	7.900000e-05	2.641000e-03	1.439000e-03	4.650000e-04	0.000000e+00	5.900000e-05	3.500000e-05	3.500000e-05	3.500000e-05
-7.750000e+00	2.000000e-05	2.000000e-05	2.200000e-05	2.000000e-05	2.000000e-05	8.700000e-05	2.977000e-03	1.612000e-03	5.200000e-04	0.000000e+00	6.700000e-05	4.000000e-05	4.000000e-05	4.000000e-05
-7.700000e+00	2.300000e-05	2.300000e-05	2.700000e-05	2.200000e-05	2.200000e-05	9.400000e-05	3.366000e-03	1.797000e-03	5.770000e-04	0.000000e+00	7.500000e-05	4.500000e-05	4.500000e-05	4.500000e-05
-7.650000e+00	2.700000e-05	2.600000e-05	3.100000e-05	2.500000e-05	2.500000e-05	1.010000e-04	3.823000e-03	2.015000e-03	6.420000e-04	0.000000e+00	8.400000e-05	5.000000e-05	5.000000e-05	5.100000e-05
-7.600000e+00	2.900000e-05	2.800000e-05	3.700000e-05	2.700000e-05	2.700000e-05	1.080000e-04	4.244000e-03	2.273000e-03	7.050000e-04	0.000000e+00	9.200000e-05	5.600000e-05	5.600000e-05	5.700000e-05
-7.550000e+00	3.100000e-05	3.000000e-05	4.600000e-05	3.000000e-05	3.000000e-05	1.140000e-04	4.670000e-03	2.538000e-03	7.620000e-04	0.000000e+00	1.000000e-04	6.100000e-05	6.100000e-05	6.300000e-05
-7.500000e+00	3.400000e-05	3.300000e-05	5.800000e-05	3.300000e-05	3.200000e-05	1.200000e-04	5.067000e-03	2.838000e-03	8.260000e-04	0.000000e+00	1.080000e-04	6.600000e-05	6.600000e-05	7.200000e-05
-7.450000e+00	3.800000e-05	3.500000e-05	7.800000e-05	3.600000e-05	3.500000e-05	1.260000e-04	5.431000e-03	3.181000e-03	9.000000e-04	0.000000e+00	1.170000e-04	7.200000e-05	7.200000e-05	8.400000e-05
-7.400000e+00	4.100000e-05	3.800000e-05	1.170000e-04	3.800000e-05	3.700000e-05	1.320000e-04	5.780000e-03	3.564000e-03	9.780000e-04	0.000000e+00	1.250000e-04	7.700000e-05	7.700000e-05	1.030000e-04
-7.350000e+00	4.400000e-05	4.300000e-05	1.960000e-04	4.000000e-05	3.900000e-05	1.370000e-04	6.148000e-03	3.986000e-03	1.056000e-03	0.000000e+00	1.320000e-04	8.200000e-05	8.200000e-05	1.290000e-04
-7.300000e+00	4.500000e-05	4.400000e-05	3.870000e-04	4.200000e-05	4.100000e-05	1.410000e-04	6.472000e-03	4.428000e-03	1.138000e-03	0.000000e+00	1.370000e-04	8.600000e-05	8.600000e-05	1.630000e-04
-7.250000e+00	4.600000e-05	4.600000e-05	8.490000e-04	4.400000e-05	4.300000e-05	1.440000e-04	6.695000e-03	4.859000e-03	1.223000e-03	0.000000e+00	1.420000e-04	8.900000e-05	8.900000e-05	2.060000e-04
-7.200000e+00	4.800000e-05	4.800000e-05	1.951000e-03	4.500000e-05	4.400000e-05	1.460000e-04	6.917000e-03	5.378000e-03	1.308000e-03	0.000000e+00	1.450000e-04	9.200000e-05	9.200000e-05	2.500000e-04
-7.150000e+00	4.800000e-05	4.900000e-05	4.608000e-03	4.600000e-05	4.500000e-05	1.490000e-04	7.113000e-03	5.944000e-03	1.410000e-03	0.000000e+00	1.460000e-04	9.500000e-05	9.500000e-05	2.930000e-04
-7.100000e+00	4.800000e-05	4.900000e-05	1.016700e-02	4.700000e-05	4.600000e-05	1.510000e-04	7.228000e-03	6.419000e-03	1.539000e-03	0.000000e+00	1.480000e-04	9.700000e-05	9.700000e-05	3.330000e-04
-7.050000e+00	4.900000e-05	5.100000e-05	1.584800e-02	4.800000e-05	4.700000e-05	1.530000e-04	7.281000e-03	6.648000e-03	1.650000e-03	0.000000e+00	1.520000e-04	1.000000e-04	1.000000e-04	3.680000e-04
-7.000000e+00	5.200000e-05	5.300000e-05	1.964700e-02	4.900000e-05	4.800000e-05	1.550000e-04	7.351000e-03	6.752000e-03	1.789000e-03	0.000000e+00	1.530000e-04	1.010000e-04	1.010000e-04	4.000000e-04
-6.950000e+00	5.300000e-05	5.500000e-05	2.313300e-02	5.000000e-05	4.900000e-05	1.570000e-04	7.344000e-03	6.907000e-03	1.899000e-03	0.000000e+00	1.530000e-04	1.030000e-04	1.030000e-04	4.300000e-04
-6.900000e+00	5.400000e-05	5.600000e-05	2.630900e-02	5.100000e-05	5.000000e-05	1.590000e-04	7.370000e-03	7.020000e-03	2.017000e-03	1.000000e-06	1.530000e-04	1.050000e-04	1.050000e-04	4.590000e-04
-6.850000e+00	5.400000e-05	5.700000e-05	2.921200e-02	5.200000e-05	5.100000e-05	1.600000e-04	7.417000e-03	7.108000e-03	2.172000e-03	2.000000e-06	1.560000e-04	1.070000e-04	1.070000e-04	4.880000e-04
-6.800000e+00	5.500000e-05	5.900000e-05	3.191700e-02	5.300000e-05	5.300000e-05	1.620000e-04	7.454000e-03	7.213000e-03	2.374000e-03	4.000000e-06	1.580000e-04	1.080000e-04	1.080000e-04	5.160000e-04
-6.750000e+00	5.500000e-05	6.200000e-05	3.461800e-02	5.400000e-05	5.500000e-05	1.640000e-04	7.532000e-03	7.318000e-03	2.596000e-03	3.000000e-06	1.590000e-04	1.100000e-04	1.100000e-04	5.430000e-04
-6.700000e+00	5.800000e-05	6.400000e-05	3.729600e-02	5.600000e-05	5.700000e-05	1.650000e-04	7.516000e-03	7.383000e-03	2.801000e-03	4.000000e-06	1.620000e-04	1.110000e-04	1.110000e-04	5.710000e-04
-6.650000e+00	6.100000e-05	6.500000e-05	3.998400e-02	6.000000e-05	6.100000e-05	1.650000e-04	7.555000e-03	7.417000e-03	2.988000e-03	5.000000e-06	1.660000e-04	1.130000e-04	1.130000e-04	5.980000e-04
-6.600000e+00	6.100000e-05	6.600000e-05	4.254800e-02	6.400000e-05	6.300000e-05	1.660000e-04	7.567000e-03	7.477000e-03	3.163000e-03	6.000000e-06	1.670000e-04	1.140000e-04	1.140000e-04	6.250000e-04
-6.550000e+00	6.100000e-05	6.900000e-05	4.509800e-02	6.800000e-05	6.500000e-05	1.690000e-04	7.578000e-03	7.539000e-03	3.337000e-03	8.000000e-06	1.680000e-04	1.160000e-04	1.160000e-04	6.520000e-04
-6.500000e+00	6.500000e-05	7.200000e-05	4.773600e-02	7.200000e-05	6.800000e-05	1.740000e-04	7.630000e-03	7.583000e-03	3.513000e-03	1.300000e-05	1.710000e-04	1.170000e-04	1.180000e-04	6.780000e-04
-6.450000e+00	7.200000e-05	8.200000e-05	5.019500e-02	7.800000e-05	7.100000e-05	1.820000e-04	7.695000e-03	7.671000e-03	3.661000e-03	1.800000e-05	1.760000e-04	1.190000e-04	1.190000e-04	7.050000e-04
-6.400000e+00	8.600000e-05	1.030000e-04	5.279500e-02	8.700000e-05	7.900000e-05	1.940000e-04	7.834000e-03	7.762000e-03	3.862000e-03	2.600000e-05	1.850000e-04	1.210000e-04	1.210000e-04	7.310000e-04
-6.350000e+00	1.190000e-04	1.410000e-04	5.527500e-02	9.400000e-05	9.200000e-05	2.050000e-04	7.957000e-03	7.882000e-03	4.103000e-03	3.500000e-05	1.900000e-04	1.230000e-04	1.240000e-04	7.580000e-04
-6.300000e+00	1.960000e-04	2.300000e-04	5.769800e-02	1.040000e-04	1.050000e-04	2.200000e-04	8.068000e-03	7.962000e-03	4.310000e-03	4.700000e-05	1.960000e-04	1.270000e-04	1.270000e-04	7.840000e-04
-6.250000e+00	3.790000e-04	4.490000e-04	6.019400e-02	1.210000e-04	1.220000e-04	2.420000e-04	8.180000e-03	8.037000e-03	4.479000e-03	6.500000e-05	2.000000e-04	1.310000e-04	1.330000e-04	8.110000e-04
-6.200000e+00	8.290000e-04	9.840000e-04	6.281000e-02	1.490000e-04	1.480000e-04	2.760000e-04	8.309000e-03	8.136000e-03	4.657000e-03	8.900000e-05	2.010000e-04	1.390000e-04	1.420000e-04	8.370000e-04
-6.150000e+00	1.977000e-03	2.274000e-03	6.531600e-02	1.850000e-04	1.800000e-04	3.260000e-04	8.448000e-03	8.168000e-03	4.910000e-03	1.250000e-04	2.050000e-04	1.530000e-04	1.590000e-04	8.630000e-04
-6.100000e+00	3.739000e-03	4.234000e-03	6.783900e-02	2.430000e-04	2.390000e-04	3.990000e-04	8.737000e-03	8.377000e-03	5.143000e-03	1.710000e-04	2.070000e-04	1.750000e-04	1.850000e-04	8.900000e-04
-6.050000e+00	5.898000e-03	6.554000e-03	7.021400e-02	3.010000e-04	3.070000e-04	4.860000e-04	9.002000e-03	8.640000e-03	5.414000e-03	2.360000e-04	2.210000e-04	2.020000e-04	2.140000e-04	9.180000e-04
-6.000000e+00	8.243000e-03	9.046000e-03	7.255500e-02	3.850000e-04	3.960000e-04	6.270000e-04	9.274000e-03	8.889000e-03	5.719000e-03	3.310000e-04	2.370000e-04	2.310000e-04	2.450000e-04	9.460000e-04
-5.950000e+00	1.069300e-02	1.160300e-02	7.490200e-02	5.020000e-04	5.140000e-04	8.330000e-04	9.602000e-03	9.155000e-03	6.062000e-03	4.580000e-04	2.500000e-04	2.630000e-04	2.790000e-04	9.740000e-04
-5.900000e+00	1.326500e-02	1.417500e-02	7.721400e-02	6.460000e-04	6.670000e-04	1.087000e-03	1.005700e-02	9.490000e-03	6.452000e-03	6.080000e-04	2.580000e-04	2.970000e-04	3.150000e-04	1.003000e-03
-5.850000e+00	1.587300e-02	1.681500e-02	7.937200e-02	8.310000e-04	8.660000e-04	1.411000e-03	1.075800e-02	9.881000e-03	6.893000e-03	7.870000e-04	2.730000e-04	3.320000e-04	3.520000e-04	1.033000e-03
-5.800000e+00	1.830500e-02	1.927700e-02	8.190700e-02	1.093000e-03	1.121000e-03	1.849000e-03	1.165100e-02	1.027300e-02	7.400000e-03	1.038000e-03	2.890000e-04	3.680000e-04	3.910000e-04	1.063000e-03
-5.750000e+00	2.080100e-02	2.192400e-02	8.428700e-02	1.468000e-03	1.447000e-03	2.382000e-03	1.257100e-02	1.076800e-02	8.022000e-03	1.381000e-03	3.160000e-04	4.070000e-04	4.330000e-04	1.096000e-03
-5.700000e+00	2.325300e-02	2.454700e-02	8.683400e-02	1.959000e-03	1.907000e-03	3.053000e-03	1.363200e-02	1.144100e-02	8.802000e-03	1.842000e-03	3.410000e-04	4.480000e-04	4.770000e-04	1.129000e-03
-5.650000e+00	2.568800e-02	2.716400e-02	8.933700e-02	2.598000e-03	2.545000e-03	3.923000e-03	1.499700e-02	1.232100e-02	9.745000e-03	2.456000e-03	3.670000e-04	4.920000e-04	5.250000e-04	1.164000e-03
-5.600000e+00	2.820000e-02	2.989100e-02	9.151900e-02	3.439000e-03	3.389000e-03	5.065000e-03	1.680600e-02	1.340800e-02	1.088200e-02	3.275000e-03	3.990000e-04	5.390000e-04	5.770000e-04	1.202000e-03
-5.550000e+00	3.081000e-02	3.266300e-02	9.359900e-02	4.486000e-03	4.516000e-03	6.542000e-03	1.905900e-02	1.470100e-02	1.238300e-02	4.371000e-03	4.360000e-04	5.900000e-04	6.340000e-04	1.243000e-03
-5.500000e+00	3.312700e-02	3.537900e-02	9.599100e-02	5.883000e-03	5.948000e-03	8.390000e-03	2.198000e-02	1.627500e-02	1.419500e-02	5.782000e-03	4.740000e-04	6.470000e-04	6.990000e-04	1.288000e-03
-5.450000e+00	3.560400e-02	3.808800e-02	9.801300e-02	7.747000e-03	7.721000e-03	1.067200e-02	2.554900e-02	1.812900e-02	1.629700e-02	7.527000e-03	5.250000e-04	7.110000e-04	7.730000e-04	1.338000e-03
-5.400000e+00	3.803100e-02	4.090700e-02	1.001070e-01	1.015200e-02	1.005800e-02	1.359300e-02	2.987500e-02	2.051700e-02	1.892900e-02	9.831000e-03	5.880000e-04	7.820000e-04	8.570000e-04	1.395000e-03
-5.350000e+00	4.041900e-02	4.368000e-02	1.022470e-01	1.319300e-02	1.316300e-02	1.732300e-02	3.517800e-02	2.352600e-02	2.221000e-02	1.287500e-02	6.620000e-04	8.640000e-04	9.560000e-04	1.460000e-03
-5.300000e+00	4.288000e-02	4.631600e-02	1.042730e-01	1.704600e-02	1.719300e-02	2.202600e-02	4.190000e-02	2.717400e-02	2.621100e-02	1.679800e-02	7.510000e-04	9.580000e-04	1.075000e-03	1.536000e-03
-5.250000e+00	4.544700e-02	4.927600e-02	1.062590e-01	2.205500e-02	2.227000e-02	2.805800e-02	5.093200e-02	3.163600e-02	3.117600e-02	2.187800e-02	8.650000e-04	1.067000e-03	1.222000e-03	1.626000e-03
-5.200000e+00	4.787800e-02	5.245700e-02	1.080370e-01	2.859400e-02	2.874500e-02	3.560800e-02	6.267900e-02	3.708700e-02	3.722300e-02	2.839200e-02	9.900000e-04	1.195000e-03	1.398000e-03	1.737000e-03
-5.150000e+00	5.056400e-02	5.568500e-02	1.097350e-01	3.702300e-02	3.709300e-02	4.519800e-02	7.658100e-02	4.379800e-02	4.445400e-02	3.662500e-02	1.139000e-03	1.348000e-03	1.605000e-03	1.870000e-03
-5.100000e+00	5.323100e-02	5.915300e-02	1.111330e-01	4.766600e-02	4.779600e-02	5.723100e-02	9.302900e-02	5.196000e-02	5.335500e-02	4.709600e-02	1.316000e-03	1.531000e-03	1.851000e-03	2.033000e-03
-5.050000e+00	5.583200e-02	6.280400e-02	1.124410e-01	6.119100e-02	6.139700e-02	7.226500e-02	1.125340e-01	6.181200e-02	6.428300e-02	6.043800e-02	1.533000e-03	1.751000e-03	2.141000e-03	2.231000e-03
-5.000000e+00	5.842900e-02	6.655600e-02	1.138280e-01	7.854300e-02	7.856600e-02	9.101000e-02	1.358920e-01	7.366700e-02	7.751200e-02	7.740500e-02	1.799000e-03	2.015000e-03	2.482000e-03	2.474000e-03
-4.950000e+00	6.102900e-02	7.063500e-02	1.149280e-01	1.003560e-01	1.002800e-01	1.142130e-01	1.645470e-01	8.795300e-02	9.347200e-02	9.889900e-02	2.108000e-03	2.334000e-03	2.888000e-03	2.769000e-03
-4.900000e+00	6.363500e-02	7.558600e-02	1.159250e-01	1.272260e-01	1.271930e-01	1.433130e-01	2.004480e-01	1.049900e-01	1.129480e-01	1.262830e-01	2.488000e-03	2.725000e-03	3.370000e-03	3.138000e-03
-4.850000e+00	6.626300e-02	8.136300e-02	1.166860e-01	1.610150e-01	1.610700e-01	1.796850e-01	2.446770e-01	1.253390e-01	1.361000e-01	1.603540e-01	2.952000e-03	3.195000e-03	3.929000e-03	3.588000e-03
-4.800000e+00	6.897600e-02	8.915600e-02	1.173530e-01	2.033810e-01	2.033100e-01	2.246660e-01	2.986680e-01	1.496080e-01	1.638920e-01	2.025510e-01	3.523000e-03	3.764000e-03	4.568000e-03	4.135000e-03
-4.750000e+00	7.165200e-02	1.003200e-01	1.181060e-01	2.560060e-01	2.556160e-01	2.798590e-01	3.646260e-01	1.783870e-01	1.970200e-01	2.546300e-01	4.213000e-03	4.450000e-03	5.298000e-03	4.798000e-03
-4.700000e+00	7.422200e-02	1.167230e-01	1.189550e-01	3.207500e-01	3.200370e-01	3.473670e-01	4.452930e-01	2.123230e-01	2.361160e-01	3.187240e-01	5.033000e-03	5.278000e-03	6.136000e-03	5.602000e-03
-4.650000e+00	7.697500e-02	1.413980e-01	1.195060e-01	4.002770e-01	3.989350e-01	4.302330e-01	5.429680e-01	2.523540e-01	2.824510e-01	3.973670e-01	6.002000e-03	6.274000e-03	7.120000e-03	6.573000e-03
-4.600000e+00	7.985100e-02	1.574220e-01	1.200530e-01	4.956710e-01	4.952450e-01	5.305350e-01	6.602800e-01	2.988830e-01	3.365950e-01	4.928130e-01	7.165000e-03	7.466000e-03	8.298000e-03	7.743000e-03
-4.550000e+00	8.276900e-02	1.664660e-01	1.210760e-01	6.112360e-01	6.111380e-01	6.509530e-01	8.016840e-01	3.530950e-01	3.996600e-01	6.079560e-01	8.539000e-03	8.881000e-03	9.698000e-03	9.135000e-03
-4.500000e+00	8.588700e-02	1.716440e-01	1.220390e-01	7.505180e-01	7.506730e-01	7.955050e-01	9.706790e-01	4.162080e-01	4.731820e-01	7.463880e-01	1.015500e-02	1.055500e-02	1.135500e-02	1.078900e-02
-4.450000e+00	8.923900e-02	1.751100e-01	1.230620e-01	9.170990e-01	9.174610e-01	9.682840e-01	1.171681e+00	4.896350e-01	5.587020e-01	9.116500e-01	1.204600e-02	1.252800e-02	1.330800e-02	1.274300e-02
-4.400000e+00	9.277400e-02	1.778210e-01	1.243880e-01	1.114852e+00	1.115064e+00	1.173020e+00	1.409902e+00	5.749590e-01	6.579640e-01	1.107810e+00	1.425400e-02	1.484300e-02	1.559800e-02	1.503600e-02
-4.350000e+00	9.639900e-02	1.798430e-01	1.258120e-01	1.348795e+00	1.348753e+00	1.412502e+00	1.690627e+00	6.738380e-01	7.734010e-01	1.341155e+00	1.683100e-02	1.754600e-02	1.827500e-02	1.771800e-02
-4.300000e+00	9.990200e-02	1.821610e-01	1.274690e-01	1.620143e+00	1.619313e+00	1.693158e+00	2.016285e+00	7.860320e-01	9.049180e-01	1.611083e+00	1.982100e-02	2.067000e-02	2.137700e-02	2.082300e-02
-4.250000e+00	1.036650e-01	1.842530e-01	1.292400e-01	1.935172e+00	1.934331e+00	2.018370e+00	2.392867e+00	9.139870e-01	1.054779e+00	1.923098e+00	2.325400e-02	2.426600e-02	2.495100e-02	2.440100e-02
-4.200000e+00	1.077000e-01	1.864560e-01	1.312750e-01	2.298612e+00	2.297522e+00	2.392840e+00	2.826599e+00	1.059237e+00	1.225421e+00	2.284085e+00	2.719900e-02	2.838700e-02	2.904800e-02	2.850400e-02
-4.150000e+00	1.119180e-01	1.888220e-01	1.334850e-01	2.715228e+00	2.713564e+00	2.821268e+00	3.323029e+00	1.223652e+00	1.418969e+00	2.699156e+00	3.171600e-02	3.308300e-02	3.371900e-02	3.318300e-02
-4.100000e+00	1.163730e-01	1.912260e-01	1.358080e-01	3.189589e+00	3.187698e+00	3.308144e+00	3.887131e+00	1.409350e+00	1.637247e+00	3.171690e+00	3.684700e-02	3.840400e-02	3.901400e-02	3.848700e-02
-4.050000e+00	1.215790e-01	1.934790e-01	1.385060e-01	3.725670e+00	3.724302e+00	3.857436e+00	4.524121e+00	1.618424e+00	1.882035e+00	3.704892e+00	4.260200e-02	4.439800e-02	4.498200e-02	4.446500e-02
-4.000000e+00	1.269750e-01	1.962540e-01	1.417900e-01	4.321355e+00	4.319499e+00	4.469836e+00	5.233780e+00	1.849950e+00	2.153384e+00	4.297977e+00	4.898100e-02	5.105500e-02	5.161600e-02	5.110900e-02
-3.950000e+00	1.322210e-01	1.995180e-01	1.452710e-01	4.984560e+00	4.981041e+00	5.150217e+00	6.020635e+00	2.106997e+00	2.455448e+00	4.956835e+00	5.604900e-02	5.845000e-02	5.898700e-02	5.849100e-02
-3.900000e+00	1.377380e-01	2.029750e-01	1.491510e-01	5.715549e+00	5.710654e+00	5.901482e+00	6.888314e+00	2.391552e+00	2.789376e+00	5.683812e+00	6.387000e-02	6.661300e-02	6.712500e-02	6.664300e-02
-3.850000e+00	1.436410e-01	2.065050e-01	1.534140e-01	6.513580e+00	6.509501e+00	6.723449e+00	7.838476e+00	2.705759e+00	3.156854e+00	6.479614e+00	7.249400e-02	7.556700e-02	7.605400e-02	7.558800e-02
-3.800000e+00	1.498840e-01	2.101380e-01	1.579070e-01	7.378859e+00	7.377552e+00	7.615351e+00	8.871847e+00	3.051350e+00	3.559975e+00	7.343289e+00	8.192700e-02	8.533000e-02	8.579000e-02	8.534300e-02
-3.750000e+00	1.564300e-01	2.140170e-01	1.624260e-01	8.315916e+00	8.312448e+00	8.581174e+00	9.990634e+00	3.428617e+00	4.000790e+00	8.272613e+00	9.208800e-02	9.590400e-02	9.633700e-02	9.591100e-02
-3.700000e+00	1.633350e-01	2.185210e-01	1.678330e-01	9.300939e+00	9.296801e+00	9.597866e+00	1.117379e+01	3.835932e+00	4.475615e+00	9.253349e+00	1.029440e-01	1.071470e-01	1.075580e-01	1.071520e-01
-3.650000e+00	1.705880e-01	2.234040e-01	1.740550e-01	1.034363e+01	1.034077e+01	1.067509e+01	1.243111e+01	4.276070e+00	4.987994e+00	1.029137e+01	1.144910e-01	1.191360e-01	1.195220e-01	1.191400e-01
-3.600000e+00	1.779880e-01	2.286180e-01	1.807030e-01	1.143796e+01	1.143663e+01	1.180694e+01	1.375136e+01	4.749501e+00	5.538535e+00	1.137821e+01	1.267480e-01	1.318320e-01	1.321940e-01	1.318380e-01
-3.550000e+00	1.856900e-01	2.339550e-01	1.875690e-01	1.257440e+01	1.257454e+01	1.298659e+01	1.512655e+01	5.255738e+00	6.126990e+00	1.250708e+01	1.396600e-01	1.451790e-01	1.455170e-01	1.451920e-01
-3.500000e+00	1.938010e-01	2.392720e-01	1.946230e-01	1.374291e+01	1.374335e+01	1.420528e+01	1.655028e+01	5.794203e+00	6.752409e+00	1.366951e+01	1.531370e-01	1.591020e-01	1.594150e-01	1.591250e-01
-3.450000e+00	2.018520e-01	2.447510e-01	2.020000e-01	1.493792e+01	1.493197e+01	1.545070e+01	1.801383e+01	6.365762e+00	7.413512e+00	1.484940e+01	1.671270e-01	1.735100e-01	1.737980e-01	1.735470e-01
-3.400000e+00	2.102270e-01	2.506350e-01	2.098460e-01	1.612240e+01	1.611171e+01	1.669240e+01	1.947441e+01	6.961945e+00	8.103843e+00	1.602509e+01	1.813400e-01	1.880630e-01	1.883270e-01	1.881190e-01
-3.350000e+00	2.187410e-01	2.563270e-01	2.177900e-01	1.729853e+01	1.728654e+01	1.793614e+01	2.094307e+01	7.587957e+00	8.825848e+00	1.719652e+01	1.957750e-01	2.028380e-01	2.030750e-01	2.029170e-01
-3.300000e+00	2.269610e-01	2.620500e-01	2.261650e-01	1.845554e+01	1.844496e+01	1.917139e+01	2.240659e+01	8.237874e+00	9.576182e+00	1.834762e+01	2.103390e-01	2.177030e-01	2.179150e-01	2.178120e-01
-3.250000e+00	2.350800e-01	2.679070e-01	2.348010e-01	1.958186e+01	1.957204e+01	2.038205e+01	2.384990e+01	8.908908e+00	1.034964e+01	1.946636e+01	2.248980e-01	2.325110e-01	2.326980e-01	2.326550e-01
-3.200000e+00	2.433580e-01	2.738900e-01	2.435090e-01	2.066411e+01	2.065193e+01	2.155297e+01	2.525688e+01	9.599116e+00	1.114121e+01	2.054174e+01	2.392950e-01	2.470960e-01	2.472580e-01	2.472840e-01
-3.150000e+00	2.514340e-01	2.799040e-01	2.526780e-01	2.168580e+01	2.167154e+01	2.267894e+01	2.661147e+01	1.030347e+01	1.194920e+01	2.155911e+01	2.533660e-01	2.612840e-01	2.614210e-01	2.615240e-01
-3.100000e+00	2.591430e-01	2.852850e-01	2.620170e-01	2.260460e+01	2.258916e+01	2.371469e+01	2.784973e+01	1.100949e+01	1.275561e+01	2.247322e+01	2.660350e-01	2.745750e-01	2.746880e-01	2.748770e-01
-3.050000e+00	2.665450e-01	2.902790e-01	2.718680e-01	2.343767e+01	2.342376e+01	2.467542e+01	2.899689e+01	1.171619e+01	1.356080e+01	2.330134e+01	2.786480e-01	2.871190e-01	2.872060e-01	2.874940e-01
-3.000000e+00	2.735410e-01	2.948750e-01	2.815650e-01	2.417762e+01	2.415988e+01	2.554857e+01	3.004515e+01	1.241830e+01	1.435906e+01	2.403231e+01	2.906320e-01	2.987390e-01	2.988000e-01	2.991980e-01
-2.950000e+00	2.800850e-01	2.990730e-01	2.913510e-01	2.481434e+01	2.479072e+01	2.632903e+01	3.098377e+01	1.311023e+01	1.514169e+01	2.465791e+01	3.016670e-01	3.092730e-01	3.093090e-01	3.098310e-01
-2.900000e+00	2.861680e-01	3.028300e-01	3.016550e-01	2.533897e+01	2.531332e+01	2.701459e+01	3.180189e+01	1.378487e+01	1.589910e+01	2.517313e+01	3.115730e-01	3.185760e-01	3.185880e-01	3.192470e-01
-2.850000e+00	2.918000e-01	3.060030e-01	3.122020e-01	2.574842e+01	2.572268e+01	2.760020e+01	3.249204e+01	1.443204e+01	1.662378e+01	2.557628e+01	3.201550e-01	3.265100e-01	3.264960e-01	3.273070e-01
-2.800000e+00	2.969300e-01	3.087770e-01	3.225460e-01	2.601308e+01	2.598367e+01	2.806233e+01	3.301507e+01	1.502927e+01	1.728701e+01	2.583855e+01	3.271760e-01	3.325680e-01	3.325300e-01	3.335150e-01
-2.750000e+00	3.012460e-01	3.104830e-01	3.331720e-01	2.616804e+01	2.613534e+01	2.841872e+01	3.341198e+01	1.558390e+01	1.789895e+01	2.598698e+01	3.328180e-01	3.370600e-01	3.369990e-01	3.381750e-01
-2.700000e+00	3.049750e-01	3.114980e-01	3.442450e-01	2.621417e+01	2.618304e+01	2.868134e+01	3.368050e+01	1.609351e+01	1.845287e+01	2.602833e+01	3.371060e-01	3.399310e-01	3.398450e-01	3.412360e-01
-2.650000e+00	3.081460e-01	3.120000e-01	3.558440e-01	2.615554e+01	2.612653e+01	2.885798e+01	3.382126e+01	1.655047e+01	1.894244e+01	2.596798e+01	3.399400e-01	3.411450e-01	3.410330e-01	3.426640e-01
-2.600000e+00	3.106780e-01	3.119280e-01	3.681260e-01	2.599755e+01	2.596832e+01	2.895373e+01	3.383696e+01	1.694637e+01	1.936080e+01	2.581060e+01	3.412360e-01	3.406920e-01	3.405540e-01	3.424500e-01
-2.550000e+00	3.124810e-01	3.109550e-01	3.815370e-01	2.574489e+01	2.572174e+01	2.897273e+01	3.373133e+01	1.727741e+01	1.969950e+01	2.556097e+01	3.410640e-01	3.385920e-01	3.384270e-01	3.406160e-01
-2.500000e+00	3.132130e-01	3.092270e-01	3.953450e-01	2.539294e+01	2.536570e+01	2.890164e+01	3.347617e+01	1.751746e+01	1.993333e+01	2.521055e+01	3.389420e-01	3.344460e-01	3.342580e-01	3.367740e-01
-2.450000e+00	3.136260e-01	3.072960e-01	4.110450e-01	2.496569e+01	2.493295e+01	2.876767e+01	3.310081e+01	1.768156e+01	2.007615e+01	2.477966e+01	3.356700e-01	3.287460e-01	3.285330e-01	3.314110e-01
-2.400000e+00	3.132810e-01	3.046690e-01	4.283680e-01	2.446675e+01	2.443011e+01	2.857581e+01	3.260255e+01	1.776578e+01	2.012448e+01	2.427712e+01	3.310570e-01	3.215730e-01	3.213350e-01	3.246070e-01
-2.350000e+00	3.122850e-01	3.013530e-01	4.473650e-01	2.390495e+01	2.386604e+01	2.832645e+01	3.198463e+01	1.776802e+01	2.007517e+01	2.371487e+01	3.252450e-01	3.130350e-01	3.127720e-01	3.164730e-01
-2.300000e+00	3.108550e-01	2.975360e-01	4.682710e-01	2.328803e+01	2.324707e+01	2.801800e+01	3.125106e+01	1.768701e+01	1.992748e+01	2.310077e+01	3.184450e-01	3.032570e-01	3.029680e-01	3.071320e-01
-2.250000e+00	3.088760e-01	2.932640e-01	4.913220e-01	2.261716e+01	2.257302e+01	2.764951e+01	3.040206e+01	1.752127e+01	1.968526e+01	2.243244e+01	3.107010e-01	2.923630e-01	2.920520e-01	2.967090e-01
-2.200000e+00	3.066230e-01	2.883600e-01	5.168320e-01	2.188777e+01	2.183638e+01	2.720685e+01	2.939564e+01	1.725629e+01	1.932186e+01	2.170379e+01	3.016380e-01	2.801690e-01	2.798330e-01	2.850370e-01
-2.150000e+00	3.039580e-01	2.834160e-01	5.452070e-01	2.112221e+01	2.106716e+01	2.669232e+01	2.827155e+01	1.691229e+01	1.886828e+01	2.093980e+01	2.920570e-01	2.672050e-01	2.668450e-01	2.726280e-01
-2.100000e+00	3.009560e-01	2.780610e-01	5.771700e-01	2.032245e+01	2.026695e+01	2.609268e+01	2.703740e+01	1.649595e+01	1.832832e+01	2.014593e+01	2.819670e-01	2.536280e-01	2.532440e-01	2.596380e-01
-2.050000e+00	2.975960e-01	2.724480e-01	6.128460e-01	1.949826e+01	1.944028e+01	2.538907e+01	2.571346e+01	1.601215e+01	1.771066e+01	1.932768e+01	2.712720e-01	2.395920e-01	2.391840e-01	2.462160e-01
-2.000000e+00	2.940350e-01	2.666850e-01	6.520260e-01	1.865879e+01	1.859411e+01	2.455853e+01	2.433084e+01	1.546816e+01	1.702516e+01	1.849070e+01	2.600810e-01	2.252510e-01	2.248200e-01	2.325140e-01
-1.950000e+00	2.908650e-01	2.603290e-01	6.945450e-01	1.780601e+01	1.773725e+01	2.357602e+01	2.292896e+01	1.487697e+01	1.627973e+01	1.764096e+01	2.489330e-01	2.107560e-01	2.103030e-01	2.186770e-01
-1.900000e+00	2.870770e-01	2.545040e-01	7.413570e-01	1.692994e+01	1.686149e+01	2.237482e+01	2.151814e+01	1.422383e+01	1.546931e+01	1.677147e+01	2.375560e-01	1.959890e-01	1.955120e-01	2.046200e-01
-1.850000e+00	2.834510e-01	2.481690e-01	7.918450e-01	1.605229e+01	1.598538e+01	2.107394e+01	2.010427e+01	1.354064e+01	1.463290e+01	1.589954e+01	2.261940e-01	1.813430e-01	1.808440e-01	1.906990e-01
-1.800000e+00	2.798480e-01	2.419180e-01	8.458170e-01	1.517888e+01	1.511427e+01	1.979999e+01	1.868253e+01	1.282918e+01	1.378004e+01	1.503263e+01	2.146800e-01	1.669270e-01	1.664050e-01	1.770120e-01
-1.750000e+00	2.760720e-01	2.359360e-01	9.032390e-01	1.431253e+01	1.424651e+01	1.858947e+01	1.725813e+01	1.209617e+01	1.291751e+01	1.417376e+01	2.031990e-01	1.528440e-01	1.523000e-01	1.636530e-01
-1.700000e+00	2.722070e-01	2.301540e-01	9.640670e-01	1.345591e+01	1.338303e+01	1.742118e+01	1.584196e+01	1.134994e+01	1.204961e+01	1.332528e+01	1.919720e-01	1.391890e-01	1.386250e-01	1.507100e-01
-1.650000e+00	2.689200e-01	2.243800e-01	1.027993e+00	1.261347e+01	1.253393e+01	1.624283e+01	1.444713e+01	1.059777e+01	1.117857e+01	1.249150e+01	1.810180e-01	1.260510e-01	1.254670e-01	1.382580e-01
-1.600000e+00	2.654260e-01	2.185530e-01	1.093368e+00	1.177777e+01	1.169809e+01	1.502733e+01	1.306246e+01	9.837320e+00	1.030512e+01	1.166168e+01	1.698650e-01	1.133310e-01	1.127260e-01	1.262400e-01
-1.550000e+00	2.623670e-01	2.131930e-01	1.161257e+00	1.096195e+01	1.088536e+01	1.380821e+01	1.171977e+01	9.084194e+00	9.445674e+00	1.085617e+01	1.590050e-01	1.012910e-01	1.006660e-01	1.148560e-01
-1.500000e+00	2.596540e-01	2.081380e-01	1.231622e+00	1.016573e+01	1.009643e+01	1.259747e+01	1.043244e+01	8.344110e+00	8.607309e+00	1.007443e+01	1.484930e-01	8.996800e-02	8.932500e-02	1.041280e-01
-1.450000e+00	2.568920e-01	2.030560e-01	1.303643e+00	9.392490e+00	9.333778e+00	1.140462e+01	9.209111e+00	7.621766e+00	7.795815e+00	9.318240e+00	1.383240e-01	7.940300e-02	7.874300e-02	9.408000e-02
-1.400000e+00	2.539110e-01	1.979570e-01	1.375870e+00	8.646034e+00	8.599572e+00	1.023890e+01	8.057303e+00	6.922362e+00	7.017061e+00	8.589087e+00	1.284820e-01	6.962100e-02	6.894600e-02	8.472400e-02
-1.350000e+00	2.512860e-01	1.936260e-01	1.446487e+00	7.928548e+00	7.894364e+00	9.110526e+00	6.985195e+00	6.252343e+00	6.277617e+00	7.886519e+00	1.189760e-01	6.063100e-02	5.994300e-02	7.605600e-02
-1.300000e+00	2.485860e-01	1.894740e-01	1.515439e+00	7.231421e+00	7.212064e+00	8.010705e+00	5.980479e+00	5.603519e+00	5.565919e+00	7.206338e+00	1.098460e-01	5.232900e-02	5.162900e-02	6.799500e-02
-1.250000e+00	2.461130e-01	1.853300e-01	1.582486e+00	6.564499e+00	6.560837e+00	6.969932e+00	5.066010e+00	4.987548e+00	4.901983e+00	6.555732e+00	1.011100e-01	4.483600e-02	4.412500e-02	6.060600e-02
-1.200000e+00	2.439630e-01	1.812120e-01	1.645021e+00	5.929790e+00	5.939313e+00	5.996069e+00	4.243359e+00	4.410635e+00	4.284821e+00	5.937788e+00	9.256500e-02	3.812600e-02	3.740300e-02	5.384400e-02
-1.150000e+00	2.420110e-01	1.771570e-01	1.701930e+00	5.326508e+00	5.349893e+00	5.094292e+00	3.513148e+00	3.872774e+00	3.714449e+00	5.352952e+00	8.433100e-02	3.217200e-02	3.144100e-02	4.767300e-02
-1.100000e+00	2.400880e-01	1.732660e-01	1.752379e+00	4.754426e+00	4.794807e+00	4.269569e+00	2.874040e+00	3.373395e+00	3.192135e+00	4.801177e+00	7.653300e-02	2.693900e-02	2.620300e-02	4.205700e-02
-1.050000e+00	2.381640e-01	1.697460e-01	1.794291e+00	4.215621e+00	4.273914e+00	3.527210e+00	2.322482e+00	2.914137e+00	2.720046e+00	4.283156e+00	6.911100e-02	2.238100e-02	2.164200e-02	3.695200e-02
-1.000000e+00	2.361150e-01	1.662090e-01	1.822229e+00	3.703056e+00	3.780072e+00	2.857927e+00	1.847607e+00	2.489616e+00	2.290922e+00	3.789700e+00	6.226800e-02	1.841000e-02	1.767100e-02	3.226300e-02
-9.500000e-01	2.339760e-01	1.625640e-01	1.836874e+00	3.225338e+00	3.319188e+00	2.277983e+00	1.449607e+00	2.104477e+00	1.910194e+00	3.328713e+00	5.591900e-02	1.503100e-02	1.429300e-02	2.799400e-02
-9.000000e-01	2.315160e-01	1.589880e-01	1.836588e+00	2.784652e+00	2.891547e+00	1.785301e+00	1.121902e+00	1.759528e+00	1.576441e+00	2.900770e+00	4.956700e-02	1.218700e-02	1.145300e-02	2.410800e-02
-8.500000e-01	2.287160e-01	1.554460e-01	1.820558e+00	2.380799e+00	2.496856e+00	1.374961e+00	8.560870e-01	1.454096e+00	1.286214e+00	2.505713e+00	4.379000e-02	9.822000e-03	9.096000e-03	2.058000e-02
-8.000000e-01	2.256340e-01	1.518910e-01	1.787671e+00	2.013071e+00	2.134577e+00	1.039840e+00	6.434760e-01	1.186620e+00	1.035919e+00	2.143138e+00	3.882400e-02	7.877000e-03	7.165000e-03	1.738700e-02
-7.500000e-01	2.222830e-01	1.484380e-01	1.735499e+00	1.681135e+00	1.804136e+00	7.714250e-01	4.758610e-01	9.550400e-01	8.225000e-01	1.812655e+00	3.392500e-02	6.296000e-03	5.601000e-03	1.451300e-02
-7.000000e-01	2.184410e-01	1.443000e-01	1.658069e+00	1.379523e+00	1.500623e+00	5.582260e-01	3.447340e-01	7.544180e-01	6.403600e-01	1.506987e+00	2.910800e-02	5.028000e-03	4.348000e-03	1.188600e-02
-6.500000e-01	2.139970e-01	1.402510e-01	1.561559e+00	1.113597e+00	1.229467e+00	3.959120e-01	2.456480e-01	5.934310e-01	4.906440e-01	1.234354e+00	2.553300e-02	4.024000e-03	3.365000e-03	9.534000e-03
-6.000000e-01	2.091380e-01	1.359040e-01	1.447165e+00	8.827070e-01	9.898580e-01	2.754570e-01	1.717900e-01	4.602170e-01	3.687380e-01	9.938920e-01	2.183800e-02	3.222000e-03	2.597000e-03	7.462000e-03
-5.500000e-01	2.036080e-01	1.312900e-01	1.316865e+00	6.853300e-01	7.812740e-01	1.878000e-01	1.177200e-01	3.511710e-01	2.718760e-01	7.845660e-01	1.840100e-02	2.585000e-03	2.004000e-03	5.664000e-03
-5.000000e-01	1.973050e-01	1.264940e-01	1.173389e+00	5.197780e-01	6.030260e-01	1.251930e-01	7.900700e-02	2.643160e-01	1.965040e-01	6.053530e-01	1.551900e-02	2.080000e-03	1.547000e-03	4.188000e-03
-4.500000e-01	1.907740e-01	1.213560e-01	1.020256e+00	3.842300e-01	4.539750e-01	8.141100e-02	5.199500e-02	1.969280e-01	1.383410e-01	4.551340e-01	1.270400e-02	1.674000e-03	1.195000e-03	3.102000e-03
-4.000000e-01	1.836280e-01	1.160920e-01	8.570480e-01	2.736020e-01	3.276160e-01	5.143100e-02	3.320000e-02	1.465660e-01	9.443600e-02	3.292000e-01	1.039700e-02	1.285000e-03	8.860000e-04	2.076000e-03
-3.500000e-01	1.762380e-01	1.105310e-01	6.955760e-01	1.885630e-01	2.278200e-01	3.186800e-02	2.089000e-02	1.101260e-01	6.258300e-02	2.287340e-01	8.297000e-03	1.033000e-03	6.870000e-04	1.307000e-03
-3.000000e-01	1.682350e-01	1.046880e-01	5.419950e-01	1.250440e-01	1.510960e-01	1.957900e-02	1.285700e-02	8.480000e-02	4.013100e-02	1.518660e-01	6.580000e-03	8.140000e-04	5.240000e-04	8.050000e-04
-2.500000e-01	1.598370e-01	9.864000e-02	4.056310e-01	7.997800e-02	9.546900e-02	1.211100e-02	7.667000e-03	6.743700e-02	2.497600e-02	9.632100e-02	5.073000e-03	5.860000e-04	3.680000e-04	4.520000e-04
-2.000000e-01	1.510510e-01	9.298900e-02	2.848270e-01	4.872000e-02	5.585500e-02	7.812000e-03	4.322000e-03	5.622600e-02	1.488900e-02	5.655900e-02	3.865000e-03	3.620000e-04	2.240000e-04	2.250000e-04
-1.500000e-01	1.423290e-01	8.759300e-02	1.887740e-01	2.877200e-02	3.046200e-02	5.335000e-03	2.158000e-03	4.472500e-02	8.552000e-03	3.093300e-02	4.012000e-03	1.470000e-04	9.200000e-05	8.000000e-05
-1.000000e-01	1.338350e-01	8.162200e-02	1.192960e-01	1.673200e-02	1.561200e-02	3.879000e-03	8.880000e-04	1.903900e-02	4.614000e-03	1.587400e-02	5.086000e-02	6.000000e-06	6.000000e-06	5.000000e-06
-5.000000e-02	1.252000e-01	7.543400e-02	7.671600e-02	1.012700e-02	8.135000e-03	2.848000e-03	3.580000e-04	4.906000e-03	2.266000e-03	8.331000e-03	2.791602e+00	0.000000e+00	0.000000e+00	0.000000e+00
0.000000e+00	1.196730e-01	7.138000e-02	5.978700e-02	7.550000e-03	5.479000e-03	2.383000e-03	1.980000e-04	1.773000e-03	1.356000e-03	5.651000e-03	6.997317e+01	0.000000e+00	0.000000e+00	0.000000e+00
