-8.900000e+00	0.000000e+00	0.000000e+00	0.000000e+00	0.000000e+00	0.000000e+00	0.000000e+00	3.000000e-05	4.600000e-05	2.000000e-06	0.000000e+00	0.000000e+00	0.000000e+00	0.000000e+00	0.000000e+00
-8.850000e+00	0.000000e+00	0.000000e+00	0.000000e+00	0.000000e+00	0.000000e+00	0.000000e+00	4.300000e-05	5.500000e-05	2.000000e-06	0.000000e+00	0.000000e+00	0.000000e+00	0.000000e+00	0.000000e+00
-8.800000e+00	0.000000e+00	0.000000e+00	0.000000e+00	0.000000e+00	0.000000e+00	0.000000e+00	6.000000e-05	6.900000e-05	4.000000e-06	0.000000e+00	1.000000e-06	0.000000e+00	0.000000e+00	0.000000e+00
-8.750000e+00	0.000000e+00	0.000000e+00	0.000000e+00	0.000000e+00	0.000000e+00	1.000000e-06	7.400000e-05	8.500000e-05	6.000000e-06	0.000000e+00	2.000000e-06	0.000000e+00	0.000000e+00	0.000000e+00
-8.700000e+00	0.000000e+00	0.000000e+00	0.000000e+00	0.000000e+00	0.000000e+00	2.000000e-06	9.500000e-05	1.050000e-04	9.000000e-06	0.000000e+00	2.000000e-06	1.000000e-06	1.000000e-06	1.000000e-06
-8.650000e+00	0.000000e+00	0.000000e+00	0.000000e+00	0.000000e+00	0.000000e+00	3.000000e-06	1.290000e-04	1.300000e-04	1.300000e-05	0.000000e+00	3.000000e-06	2.000000e-06	2.000000e-06	2.000000e-06
-8.600000e+00	1.000000e-06	1.000000e-06	1.000000e-06	1.000000e-06	1.000000e-06	4.000000e-06	1.700000e-04	1.540000e-04	1.900000e-05	0.000000e+00	4.000000e-06	2.000000e-06	2.000000e-06	2.000000e-06
-8.550000e+00	2.000000e-06	2.000000e-06	2.000000e-06	2.000000e-06	2.000000e-06	5.000000e-06	2.210000e-04	1.780000e-04	2.800000e-05	0.000000e+00	6.000000e-06	3.000000e-06	3.000000e-06	3.000000e-06
-8.500000e+00	2.000000e-06	2.000000e-06	2.000000e-06	2.000000e-06	2.000000e-06	7.000000e-06	2.930000e-04	2.160000e-04	3.900000e-05	0.000000e+00	7.000000e-06	4.000000e-06	4.000000e-06	4.000000e-06
-8.450000e+00	3.000000e-06	3.000000e-06	3.000000e-06	3.000000e-06	3.000000e-06	9.000000e-06	3.650000e-04	2.480000e-04	5.300000e-05	0.000000e+00	9.000000e-06	5.000000e-06	5.000000e-06	5.000000e-06
-8.400000e+00	3.000000e-06	3.000000e-06	3.000000e-06	3.000000e-06	3.000000e-06	1.300000e-05	4.580000e-04	2.890000e-04	6.800000e-05	0.000000e+00	1.100000e-05	7.000000e-06	7.000000e-06	7.000000e-06
-8.350000e+00	5.000000e-06	4.000000e-06	4.000000e-06	4.000000e-06	4.000000e-06	1.600000e-05	5.660000e-04	3.360000e-04	8.500000e-05	0.000000e+00	1.400000e-05	8.000000e-06	8.000000e-06	8.000000e-06
-8.300000e+00	6.000000e-06	5.000000e-06	5.000000e-06	5.000000e-06	5.000000e-06	2.100000e-05	6.710000e-04	3.840000e-04	1.070000e-04	0.000000e+00	1.700000e-05	1.000000e-05	1.000000e-05	1.000000e-05
-8.250000e+00	7.000000e-06	6.000000e-06	6.000000e-06	6.000000e-06	6.000000e-06	2.700000e-05	8.080000e-04	4.600000e-04	1.370000e-04	0.000000e+00	2.200000e-05	1.300000e-05	1.300000e-05	1.300000e-05
-8.200000e+00	8.000000e-06	8.000000e-06	8.000000e-06	8.000000e-06	8.000000e-06	3.400000e-05	9.390000e-04	5.460000e-04	1.760000e-04	0.000000e+00	2.700000e-05	1.600000e-05	1.600000e-05	1.600000e-05
-8.150000e+00	1.000000e-05	1.000000e-05	1.000000e-05	1.000000e-05	1.000000e-05	4.200000e-05	1.079000e-03	6.250000e-04	2.190000e-04	0.000000e+00	3.200000e-05	1.900000e-05	1.900000e-05	1.900000e-05
-8.100000e+00	1.100000e-05	1.200000e-05	1.200000e-05	1.100000e-05	1.100000e-05	5.000000e-05	1.247000e-03	7.010000e-04	2.660000e-04	0.000000e+00	3.800000e-05	2.300000e-05	2.300000e-05	2.300000e-05
-8.050000e+00	1.300000e-05	1.400000e-05	1.400000e-05	1.300000e-05	1.300000e-05	5.900000e-05	1.446000e-03	7.890000e-04	3.140000e-04	0.000000e+00	4.500000e-05	2.700000e-05	2.700000e-05	2.700000e-05
-8.000000e+00	1.600000e-05	1.700000e-05	1.700000e-05	1.600000e-05	1.600000e-05	6.900000e-05	1.672000e-03	9.010000e-04	3.640000e-04	0.000000e+00	5.200000e-05	3.200000e-05	3.200000e-05	3.200000e-05
-7.950000e+00	1.800000e-05	2.000000e-05	1.900000e-05	1.800000e-05	1.800000e-05	7.800000e-05	1.939000e-03	1.016000e-03	4.110000e-04	0.000000e+00	5.800000e-05	3.600000e-05	3.600000e-05	3.600000e-05
-7.900000e+00	2.100000e-05	2.300000e-05	2.200000e-05	2.100000e-05	2.100000e-05	8.800000e-05	2.210000e-03	1.166000e-03	4.700000e-04	0.000000e+00	6.600000e-05	4.200000e-05	4.200000e-05	4.200000e-05
-7.850000e+00	2.300000e-05	2.500000e-05	2.500000e-05	2.300000e-05	2.300000e-05	9.700000e-05	2.481000e-03	1.341000e-03	5.300000e-04	0.000000e+00	7.400000e-05	4.700000e-05	4.700000e-05	4.700000e-05
-7.800000e+00	2.700000e-05	2.800000e-05	2.800000e-05	2.600000e-05	2.600000e-05	1.060000e-04	2.796000e-03	1.519000e-03	5.900000e-04	0.000000e+00	8.300000e-05	5.300000e-05	5.300000e-05	5.400000e-05
-7.750000e+00	3.000000e-05	3.100000e-05	3.200000e-05	3.000000e-05	2.900000e-05	1.150000e-04	3.143000e-03	1.689000e-03	6.540000e-04	0.000000e+00	9.300000e-05	6.000000e-05	6.000000e-05	6.000000e-05
-7.700000e+00	3.400000e-05	3.500000e-05	3.800000e-05	3.300000e-05	3.300000e-05	1.240000e-04	3.501000e-03	1.859000e-03	7.260000e-04	0.000000e+00	1.030000e-04	6.700000e-05	6.700000e-05	6.700000e-05
-7.650000e+00	3.800000e-05	3.800000e-05	4.700000e-05	3.600000e-05	3.600000e-05	1.320000e-04	3.946000e-03	2.062000e-03	7.940000e-04	0.000000e+00	1.140000e-04	7.300000e-05	7.300000e-05	7.500000e-05
-7.600000e+00	4.200000e-05	4.100000e-05	5.600000e-05	3.900000e-05	4.000000e-05	1.400000e-04	4.347000e-03	2.332000e-03	8.500000e-04	0.000000e+00	1.240000e-04	8.000000e-05	8.000000e-05	8.400000e-05
-7.550000e+00	4.400000e-05	4.500000e-05	6.600000e-05	4.300000e-05	4.300000e-05	1.480000e-04	4.709000e-03	2.619000e-03	9.250000e-04	0.000000e+00	1.350000e-04	8.700000e-05	8.700000e-05	9.700000e-05
-7.500000e+00	4.700000e-05	4.900000e-05	8.200000e-05	4.600000e-05	4.600000e-05	1.560000e-04	5.080000e-03	2.927000e-03	9.990000e-04	0.000000e+00	1.450000e-04	9.400000e-05	9.400000e-05	1.150000e-04
-7.450000e+00	5.000000e-05	5.200000e-05	1.110000e-04	5.000000e-05	5.000000e-05	1.640000e-04	5.480000e-03	3.274000e-03	1.079000e-03	0.000000e+00	1.550000e-04	1.000000e-04	1.000000e-04	1.400000e-04
-7.400000e+00	5.500000e-05	5.400000e-05	1.710000e-04	5.300000e-05	5.300000e-05	1.710000e-04	5.890000e-03	3.667000e-03	1.172000e-03	1.000000e-06	1.640000e-04	1.060000e-04	1.060000e-04	1.730000e-04
-7.350000e+00	5.700000e-05	5.600000e-05	2.930000e-04	5.600000e-05	5.500000e-05	1.770000e-04	6.217000e-03	4.065000e-03	1.244000e-03	2.000000e-06	1.720000e-04	1.120000e-04	1.120000e-04	2.160000e-04
-7.300000e+00	6.000000e-05	5.800000e-05	5.530000e-04	5.800000e-05	5.600000e-05	1.820000e-04	6.498000e-03	4.496000e-03	1.327000e-03	0.000000e+00	1.790000e-04	1.170000e-04	1.170000e-04	2.700000e-04
-7.250000e+00	6.200000e-05	6.100000e-05	1.126000e-03	6.000000e-05	5.800000e-05	1.870000e-04	6.758000e-03	4.988000e-03	1.412000e-03	0.000000e+00	1.850000e-04	1.220000e-04	1.220000e-04	3.310000e-04
-7.200000e+00	6.400000e-05	6.300000e-05	2.465000e-03	6.100000e-05	6.000000e-05	1.910000e-04	6.989000e-03	5.513000e-03	1.501000e-03	0.000000e+00	1.900000e-04	1.260000e-04	1.260000e-04	3.910000e-04
-7.150000e+00	6.500000e-05	6.600000e-05	5.701000e-03	6.200000e-05	6.100000e-05	1.930000e-04	7.170000e-03	5.995000e-03	1.602000e-03	0.000000e+00	1.920000e-04	1.300000e-04	1.300000e-04	4.460000e-04
-7.100000e+00	6.500000e-05	6.900000e-05	1.236200e-02	6.300000e-05	6.300000e-05	1.960000e-04	7.284000e-03	6.359000e-03	1.720000e-03	1.000000e-06	1.940000e-04	1.330000e-04	1.330000e-04	4.940000e-04
-7.050000e+00	6.700000e-05	7.000000e-05	1.833200e-02	6.500000e-05	6.500000e-05	1.990000e-04	7.327000e-03	6.601000e-03	1.845000e-03	2.000000e-06	1.950000e-04	1.350000e-04	1.350000e-04	5.390000e-04
-7.000000e+00	6.900000e-05	7.000000e-05	2.209100e-02	6.600000e-05	6.500000e-05	2.010000e-04	7.403000e-03	6.823000e-03	1.980000e-03	3.000000e-06	1.970000e-04	1.380000e-04	1.380000e-04	5.800000e-04
-6.950000e+00	7.100000e-05	7.000000e-05	2.537600e-02	6.800000e-05	6.600000e-05	2.030000e-04	7.415000e-03	6.999000e-03	2.107000e-03	2.000000e-06	2.000000e-04	1.400000e-04	1.400000e-04	6.200000e-04
-6.900000e+00	7.200000e-05	7.200000e-05	2.836500e-02	7.100000e-05	6.800000e-05	2.050000e-04	7.435000e-03	7.169000e-03	2.262000e-03	2.000000e-06	2.030000e-04	1.430000e-04	1.430000e-04	6.600000e-04
-6.850000e+00	7.200000e-05	7.600000e-05	3.129500e-02	7.300000e-05	7.000000e-05	2.080000e-04	7.456000e-03	7.311000e-03	2.449000e-03	2.000000e-06	2.050000e-04	1.450000e-04	1.450000e-04	6.980000e-04
-6.800000e+00	7.300000e-05	8.200000e-05	3.423000e-02	7.400000e-05	7.200000e-05	2.100000e-04	7.480000e-03	7.391000e-03	2.656000e-03	4.000000e-06	2.070000e-04	1.470000e-04	1.470000e-04	7.360000e-04
-6.750000e+00	7.600000e-05	8.100000e-05	3.679600e-02	7.500000e-05	7.400000e-05	2.130000e-04	7.615000e-03	7.413000e-03	2.870000e-03	7.000000e-06	2.080000e-04	1.490000e-04	1.500000e-04	7.750000e-04
-6.700000e+00	8.300000e-05	8.300000e-05	3.941400e-02	8.000000e-05	7.700000e-05	2.160000e-04	7.665000e-03	7.427000e-03	3.072000e-03	7.000000e-06	2.100000e-04	1.520000e-04	1.520000e-04	8.110000e-04
-6.650000e+00	8.500000e-05	8.800000e-05	4.201200e-02	8.600000e-05	8.100000e-05	2.190000e-04	7.717000e-03	7.477000e-03	3.257000e-03	1.000000e-05	2.140000e-04	1.540000e-04	1.540000e-04	8.470000e-04
-6.600000e+00	8.800000e-05	9.400000e-05	4.463800e-02	9.100000e-05	8.600000e-05	2.260000e-04	7.764000e-03	7.552000e-03	3.449000e-03	1.400000e-05	2.170000e-04	1.560000e-04	1.560000e-04	8.840000e-04
-6.550000e+00	9.500000e-05	1.030000e-04	4.725500e-02	9.700000e-05	9.300000e-05	2.370000e-04	7.812000e-03	7.642000e-03	3.652000e-03	2.000000e-05	2.220000e-04	1.590000e-04	1.590000e-04	9.210000e-04
-6.500000e+00	1.120000e-04	1.190000e-04	4.978600e-02	1.080000e-04	1.000000e-04	2.500000e-04	7.877000e-03	7.734000e-03	3.852000e-03	2.900000e-05	2.270000e-04	1.610000e-04	1.620000e-04	9.590000e-04
-6.450000e+00	1.390000e-04	1.510000e-04	5.217300e-02	1.170000e-04	1.150000e-04	2.640000e-04	7.969000e-03	7.806000e-03	4.021000e-03	4.500000e-05	2.310000e-04	1.650000e-04	1.650000e-04	9.960000e-04
-6.400000e+00	2.130000e-04	2.340000e-04	5.454300e-02	1.340000e-04	1.400000e-04	2.890000e-04	8.053000e-03	7.929000e-03	4.232000e-03	6.300000e-05	2.340000e-04	1.690000e-04	1.700000e-04	1.031000e-03
-6.350000e+00	3.930000e-04	4.320000e-04	5.705200e-02	1.580000e-04	1.680000e-04	3.170000e-04	8.186000e-03	8.008000e-03	4.443000e-03	8.500000e-05	2.410000e-04	1.750000e-04	1.770000e-04	1.067000e-03
-6.300000e+00	8.290000e-04	9.280000e-04	5.952300e-02	1.930000e-04	1.980000e-04	3.570000e-04	8.312000e-03	8.102000e-03	4.619000e-03	1.120000e-04	2.500000e-04	1.850000e-04	1.890000e-04	1.103000e-03
-6.250000e+00	1.822000e-03	2.051000e-03	6.200200e-02	2.380000e-04	2.350000e-04	4.140000e-04	8.455000e-03	8.210000e-03	4.797000e-03	1.510000e-04	2.580000e-04	2.040000e-04	2.110000e-04	1.140000e-03
-6.200000e+00	3.678000e-03	4.037000e-03	6.456000e-02	2.930000e-04	2.850000e-04	4.950000e-04	8.660000e-03	8.311000e-03	5.028000e-03	2.040000e-04	2.630000e-04	2.320000e-04	2.430000e-04	1.178000e-03
-6.150000e+00	5.876000e-03	6.445000e-03	6.704500e-02	3.500000e-04	3.560000e-04	6.180000e-04	8.908000e-03	8.419000e-03	5.305000e-03	2.600000e-04	2.690000e-04	2.680000e-04	2.820000e-04	1.217000e-03
-6.100000e+00	8.199000e-03	8.756000e-03	6.948100e-02	4.460000e-04	4.510000e-04	7.680000e-04	9.242000e-03	8.652000e-03	5.628000e-03	3.610000e-04	2.770000e-04	3.080000e-04	3.240000e-04	1.256000e-03
-6.050000e+00	1.064500e-02	1.118200e-02	7.191400e-02	5.650000e-04	5.770000e-04	9.830000e-04	9.642000e-03	8.997000e-03	5.960000e-03	4.820000e-04	2.860000e-04	3.510000e-04	3.680000e-04	1.296000e-03
-6.000000e+00	1.315800e-02	1.371600e-02	7.440000e-02	7.190000e-04	7.530000e-04	1.282000e-03	1.012300e-02	9.383000e-03	6.377000e-03	6.350000e-04	2.960000e-04	3.960000e-04	4.150000e-04	1.336000e-03
-5.950000e+00	1.564900e-02	1.632300e-02	7.689100e-02	9.370000e-04	9.850000e-04	1.665000e-03	1.072800e-02	9.769000e-03	6.880000e-03	8.440000e-04	3.130000e-04	4.420000e-04	4.650000e-04	1.377000e-03
-5.900000e+00	1.807600e-02	1.895100e-02	7.931200e-02	1.254000e-03	1.277000e-03	2.117000e-03	1.149900e-02	1.015900e-02	7.449000e-03	1.133000e-03	3.360000e-04	4.910000e-04	5.160000e-04	1.420000e-03
-5.850000e+00	2.068200e-02	2.163800e-02	8.165500e-02	1.649000e-03	1.665000e-03	2.649000e-03	1.243400e-02	1.062200e-02	8.116000e-03	1.506000e-03	3.610000e-04	5.430000e-04	5.710000e-04	1.466000e-03
-5.800000e+00	2.319600e-02	2.407300e-02	8.362100e-02	2.186000e-03	2.184000e-03	3.346000e-03	1.357700e-02	1.135800e-02	8.878000e-03	2.017000e-03	3.920000e-04	5.980000e-04	6.290000e-04	1.514000e-03
-5.750000e+00	2.559400e-02	2.667000e-02	8.614600e-02	2.903000e-03	2.880000e-03	4.268000e-03	1.496200e-02	1.221800e-02	9.833000e-03	2.700000e-03	4.270000e-04	6.560000e-04	6.920000e-04	1.564000e-03
-5.700000e+00	2.795000e-02	2.933500e-02	8.856000e-02	3.815000e-03	3.783000e-03	5.455000e-03	1.669900e-02	1.324800e-02	1.097800e-02	3.601000e-03	4.650000e-04	7.190000e-04	7.590000e-04	1.618000e-03
-5.650000e+00	3.036500e-02	3.204900e-02	9.090500e-02	4.982000e-03	4.950000e-03	6.936000e-03	1.888200e-02	1.447800e-02	1.233900e-02	4.755000e-03	5.050000e-04	7.870000e-04	8.340000e-04	1.676000e-03
-5.600000e+00	3.290600e-02	3.477400e-02	9.347700e-02	6.511000e-03	6.467000e-03	8.779000e-03	2.160000e-02	1.597000e-02	1.399100e-02	6.216000e-03	5.510000e-04	8.620000e-04	9.180000e-04	1.740000e-03
-5.550000e+00	3.553100e-02	3.730300e-02	9.628300e-02	8.481000e-03	8.409000e-03	1.122500e-02	2.497900e-02	1.789900e-02	1.607900e-02	8.187000e-03	6.200000e-04	9.450000e-04	1.011000e-03	1.810000e-03
-5.500000e+00	3.804000e-02	3.988600e-02	9.897900e-02	1.099000e-02	1.088000e-02	1.429300e-02	2.920500e-02	2.031100e-02	1.873600e-02	1.076400e-02	6.970000e-04	1.040000e-03	1.118000e-03	1.892000e-03
-5.450000e+00	4.045100e-02	4.255500e-02	1.012140e-01	1.427800e-02	1.424500e-02	1.810300e-02	3.453300e-02	2.324500e-02	2.197200e-02	1.403400e-02	7.760000e-04	1.149000e-03	1.243000e-03	1.984000e-03
-5.400000e+00	4.283700e-02	4.537000e-02	1.032050e-01	1.847100e-02	1.858900e-02	2.295100e-02	4.129600e-02	2.685300e-02	2.599300e-02	1.816300e-02	8.680000e-04	1.274000e-03	1.392000e-03	2.091000e-03
-5.350000e+00	4.533400e-02	4.834000e-02	1.051550e-01	2.388000e-02	2.408800e-02	2.907500e-02	4.989900e-02	3.124900e-02	3.094500e-02	2.346400e-02	9.860000e-04	1.419000e-03	1.571000e-03	2.217000e-03
-5.300000e+00	4.797700e-02	5.141200e-02	1.071200e-01	3.090700e-02	3.102700e-02	3.672500e-02	6.090500e-02	3.655100e-02	3.691600e-02	3.037500e-02	1.136000e-03	1.589000e-03	1.783000e-03	2.365000e-03
-5.250000e+00	5.047000e-02	5.446700e-02	1.088630e-01	3.956900e-02	3.972500e-02	4.646200e-02	7.521300e-02	4.295900e-02	4.399200e-02	3.923300e-02	1.322000e-03	1.788000e-03	2.031000e-03	2.540000e-03
-5.200000e+00	5.308100e-02	5.758600e-02	1.110220e-01	5.080300e-02	5.120100e-02	5.858900e-02	9.278800e-02	5.090500e-02	5.263700e-02	5.047700e-02	1.543000e-03	2.030000e-03	2.330000e-03	2.771000e-03
-5.150000e+00	5.567200e-02	6.083400e-02	1.129710e-01	6.519700e-02	6.552800e-02	7.402200e-02	1.134450e-01	6.032300e-02	6.309500e-02	6.449900e-02	1.808000e-03	2.318000e-03	2.682000e-03	3.038000e-03
-5.100000e+00	5.830400e-02	6.421000e-02	1.147950e-01	8.337300e-02	8.347300e-02	9.334900e-02	1.383590e-01	7.163800e-02	7.573000e-02	8.231100e-02	2.130000e-03	2.663000e-03	3.100000e-03	3.357000e-03
-5.050000e+00	6.098700e-02	6.775000e-02	1.164330e-01	1.061040e-01	1.060540e-01	1.174690e-01	1.688470e-01	8.517600e-02	9.086200e-02	1.049570e-01	2.523000e-03	3.077000e-03	3.598000e-03	3.744000e-03
-5.000000e+00	6.367400e-02	7.155200e-02	1.178230e-01	1.344240e-01	1.344950e-01	1.476530e-01	2.062220e-01	1.012970e-01	1.088760e-01	1.334460e-01	2.999000e-03	3.576000e-03	4.192000e-03	4.212000e-03
-4.950000e+00	6.625600e-02	7.581300e-02	1.190620e-01	1.698220e-01	1.700140e-01	1.854410e-01	2.515690e-01	1.207610e-01	1.305390e-01	1.688510e-01	3.573000e-03	4.174000e-03	4.894000e-03	4.780000e-03
-4.900000e+00	6.860800e-02	8.061500e-02	1.200710e-01	2.139260e-01	2.137580e-01	2.320840e-01	3.076880e-01	1.436540e-01	1.565080e-01	2.120940e-01	4.279000e-03	4.899000e-03	5.743000e-03	5.477000e-03
-4.850000e+00	7.133400e-02	8.654800e-02	1.214330e-01	2.684210e-01	2.681540e-01	2.893190e-01	3.758030e-01	1.706260e-01	1.874500e-01	2.658220e-01	5.090000e-03	5.768000e-03	6.731000e-03	6.317000e-03
-4.800000e+00	7.414400e-02	9.434600e-02	1.225240e-01	3.352190e-01	3.350250e-01	3.590440e-01	4.587340e-01	2.024880e-01	2.239300e-01	3.321970e-01	6.082000e-03	6.808000e-03	7.874000e-03	7.327000e-03
-4.750000e+00	7.705700e-02	1.055130e-01	1.234290e-01	4.168610e-01	4.168150e-01	4.437260e-01	5.597020e-01	2.400180e-01	2.666420e-01	4.134990e-01	7.286000e-03	8.052000e-03	9.199000e-03	8.538000e-03
-4.700000e+00	8.017000e-02	1.221890e-01	1.244320e-01	5.164250e-01	5.164290e-01	5.464690e-01	6.819950e-01	2.839680e-01	3.165020e-01	5.122820e-01	8.697000e-03	9.536000e-03	1.073000e-02	9.983000e-03
-4.650000e+00	8.336700e-02	1.468900e-01	1.254740e-01	6.369380e-01	6.364390e-01	6.708970e-01	8.282370e-01	3.351690e-01	3.747780e-01	6.318910e-01	1.033600e-02	1.129000e-02	1.248100e-02	1.170400e-02
-4.600000e+00	8.665500e-02	1.626750e-01	1.267150e-01	7.806610e-01	7.804580e-01	8.187560e-01	1.002381e+00	3.944300e-01	4.421000e-01	7.747360e-01	1.228200e-02	1.335700e-02	1.453600e-02	1.374300e-02
-4.550000e+00	8.999100e-02	1.721720e-01	1.281490e-01	9.520190e-01	9.522250e-01	9.953290e-01	1.208776e+00	4.628560e-01	5.198480e-01	9.449140e-01	1.453800e-02	1.578000e-02	1.694000e-02	1.615400e-02
-4.500000e+00	9.351100e-02	1.777560e-01	1.297190e-01	1.155873e+00	1.155535e+00	1.204250e+00	1.452899e+00	5.419060e-01	6.099040e-01	1.147112e+00	1.716100e-02	1.861200e-02	1.974700e-02	1.896700e-02
-4.450000e+00	9.719600e-02	1.815640e-01	1.313310e-01	1.396216e+00	1.394593e+00	1.450083e+00	1.740041e+00	6.330630e-01	7.141480e-01	1.385593e+00	2.019800e-02	2.190900e-02	2.301500e-02	2.223500e-02
-4.400000e+00	1.010230e-01	1.849370e-01	1.329730e-01	1.676447e+00	1.674148e+00	1.737824e+00	2.075338e+00	7.377560e-01	8.342350e-01	1.664127e+00	2.369900e-02	2.572600e-02	2.680400e-02	2.602000e-02
-4.350000e+00	1.051630e-01	1.882130e-01	1.348600e-01	2.001022e+00	1.999672e+00	2.071361e+00	2.464358e+00	8.572690e-01	9.712830e-01	1.986519e+00	2.773300e-02	3.011900e-02	3.116200e-02	3.035900e-02
-4.300000e+00	1.095760e-01	1.912690e-01	1.368570e-01	2.375473e+00	2.372909e+00	2.453356e+00	2.908022e+00	9.918200e-01	1.125909e+00	2.356606e+00	3.231000e-02	3.512200e-02	3.613500e-02	3.533700e-02
-4.250000e+00	1.143760e-01	1.938770e-01	1.395270e-01	2.803063e+00	2.800652e+00	2.890213e+00	3.415261e+00	1.144600e+00	1.300474e+00	2.781728e+00	3.754400e-02	4.081000e-02	4.179300e-02	4.101800e-02
-4.200000e+00	1.195610e-01	1.968800e-01	1.424560e-01	3.288277e+00	3.288168e+00	3.387018e+00	3.993415e+00	1.316931e+00	1.496960e+00	3.264993e+00	4.346900e-02	4.725900e-02	4.820000e-02	4.744200e-02
-4.150000e+00	1.251070e-01	2.003400e-01	1.456690e-01	3.836548e+00	3.838613e+00	3.948125e+00	4.646932e+00	1.510755e+00	1.717702e+00	3.810135e+00	5.012800e-02	5.452000e-02	5.541400e-02	5.466500e-02
-4.100000e+00	1.309480e-01	2.040040e-01	1.493170e-01	4.453064e+00	4.454099e+00	4.577809e+00	5.378699e+00	1.728095e+00	1.964937e+00	4.421411e+00	5.756500e-02	6.262400e-02	6.348700e-02	6.275000e-02
-4.050000e+00	1.369440e-01	2.078020e-01	1.533220e-01	5.140028e+00	5.138844e+00	5.281893e+00	6.194124e+00	1.969823e+00	2.239899e+00	5.102879e+00	6.579500e-02	7.161600e-02	7.247400e-02	7.175200e-02
-4.000000e+00	1.430210e-01	2.117310e-01	1.578380e-01	5.890947e+00	5.887531e+00	6.049350e+00	7.086809e+00	2.234678e+00	2.542603e+00	5.848939e+00	7.490400e-02	8.150600e-02	8.233400e-02	8.161500e-02
-3.950000e+00	1.497500e-01	2.166410e-01	1.628350e-01	6.714295e+00	6.710159e+00	6.888114e+00	8.064303e+00	2.526614e+00	2.876169e+00	6.664848e+00	8.492800e-02	9.238100e-02	9.315200e-02	9.245400e-02
-3.900000e+00	1.569910e-01	2.216420e-01	1.682310e-01	7.607573e+00	7.603912e+00	7.800440e+00	9.127660e+00	2.847227e+00	3.243150e+00	7.551556e+00	9.587700e-02	1.042430e-01	1.049640e-01	1.042900e-01
-3.850000e+00	1.646000e-01	2.268430e-01	1.741740e-01	8.569621e+00	8.566809e+00	8.786151e+00	1.027632e+01	3.198589e+00	3.644538e+00	8.507219e+00	1.077560e-01	1.171020e-01	1.177870e-01	1.171350e-01
-3.800000e+00	1.724960e-01	2.325350e-01	1.806970e-01	9.598614e+00	9.596258e+00	9.842379e+00	1.150740e+01	3.582246e+00	4.080581e+00	9.527857e+00	1.205760e-01	1.309630e-01	1.316130e-01	1.309870e-01
-3.750000e+00	1.807270e-01	2.382540e-01	1.873040e-01	1.068782e+01	1.068583e+01	1.096379e+01	1.281469e+01	3.997402e+00	4.552621e+00	1.060912e+01	1.343510e-01	1.458000e-01	1.464150e-01	1.458170e-01
-3.700000e+00	1.891520e-01	2.442020e-01	1.940550e-01	1.181934e+01	1.181341e+01	1.212677e+01	1.417434e+01	4.440096e+00	5.055899e+00	1.173558e+01	1.489310e-01	1.614120e-01	1.619950e-01	1.614260e-01
-3.650000e+00	1.979330e-01	2.507400e-01	2.017810e-01	1.299489e+01	1.299065e+01	1.333694e+01	1.559402e+01	4.914625e+00	5.595394e+00	1.290511e+01	1.643220e-01	1.778830e-01	1.784310e-01	1.778980e-01
-3.600000e+00	2.071570e-01	2.576830e-01	2.099170e-01	1.420539e+01	1.420619e+01	1.459053e+01	1.706610e+01	5.420163e+00	6.171143e+00	1.410971e+01	1.804960e-01	1.951320e-01	1.956470e-01	1.951510e-01
-3.550000e+00	2.167450e-01	2.648700e-01	2.184420e-01	1.544257e+01	1.544773e+01	1.587725e+01	1.857869e+01	5.956591e+00	6.782925e+00	1.534090e+01	1.973880e-01	2.130680e-01	2.135480e-01	2.130960e-01
-3.500000e+00	2.265500e-01	2.721900e-01	2.274510e-01	1.669699e+01	1.670198e+01	1.718309e+01	2.011700e+01	6.523857e+00	7.430082e+00	1.658837e+01	2.149130e-01	2.315830e-01	2.320270e-01	2.316240e-01
-3.450000e+00	2.364880e-01	2.796230e-01	2.366310e-01	1.795472e+01	1.795446e+01	1.849555e+01	2.166579e+01	7.120788e+00	8.111230e+00	1.783795e+01	2.330060e-01	2.505370e-01	2.509440e-01	2.505950e-01
-3.400000e+00	2.466090e-01	2.869230e-01	2.460990e-01	1.917897e+01	1.917332e+01	1.978052e+01	2.318994e+01	7.737740e+00	8.815378e+00	1.904912e+01	2.512010e-01	2.694860e-01	2.698560e-01	2.695720e-01
-3.350000e+00	2.566490e-01	2.941880e-01	2.559210e-01	2.037280e+01	2.036452e+01	2.104322e+01	2.469047e+01	8.379422e+00	9.547177e+00	2.022934e+01	2.695260e-01	2.885110e-01	2.888470e-01	2.886310e-01
-3.300000e+00	2.665350e-01	3.017220e-01	2.659340e-01	2.152331e+01	2.151517e+01	2.227296e+01	2.614819e+01	9.041649e+00	1.030161e+01	2.136972e+01	2.879430e-01	3.074300e-01	3.077310e-01	3.075930e-01
-3.250000e+00	2.762540e-01	3.092690e-01	2.759730e-01	2.261720e+01	2.260771e+01	2.345312e+01	2.754895e+01	9.720812e+00	1.107446e+01	2.245451e+01	3.063000e-01	3.260490e-01	3.263150e-01	3.262630e-01
-3.200000e+00	2.857900e-01	3.164940e-01	2.860050e-01	2.364106e+01	2.362639e+01	2.456858e+01	2.887914e+01	1.041389e+01	1.186209e+01	2.346713e+01	3.243660e-01	3.441680e-01	3.444000e-01	3.444440e-01
-3.150000e+00	2.950560e-01	3.235150e-01	2.963010e-01	2.458183e+01	2.456562e+01	2.561573e+01	3.011951e+01	1.111830e+01	1.266091e+01	2.439851e+01	3.418860e-01	3.615930e-01	3.617890e-01	3.619440e-01
-3.100000e+00	3.039270e-01	3.300070e-01	3.068570e-01	2.539392e+01	2.537850e+01	2.654080e+01	3.122311e+01	1.181669e+01	1.345351e+01	2.520508e+01	3.582570e-01	3.776570e-01	3.778170e-01	3.780960e-01
-3.050000e+00	3.122330e-01	3.361590e-01	3.175310e-01	2.609949e+01	2.608762e+01	2.737566e+01	3.221956e+01	1.251127e+01	1.424199e+01	2.591057e+01	3.737190e-01	3.925660e-01	3.926910e-01	3.931110e-01
-3.000000e+00	3.200330e-01	3.417010e-01	3.279550e-01	2.669561e+01	2.668434e+01	2.811350e+01	3.309517e+01	1.319406e+01	1.501884e+01	2.650222e+01	3.881990e-01	4.061190e-01	4.062090e-01	4.067850e-01
-2.950000e+00	3.273830e-01	3.464480e-01	3.381840e-01	2.718127e+01	2.716733e+01	2.874946e+01	3.384203e+01	1.386020e+01	1.577485e+01	2.697936e+01	4.014760e-01	4.181380e-01	4.181930e-01	4.189430e-01
-2.900000e+00	3.342520e-01	3.504200e-01	3.485310e-01	2.755451e+01	2.753682e+01	2.928247e+01	3.445784e+01	1.450555e+01	1.650007e+01	2.734362e+01	4.132950e-01	4.284710e-01	4.284920e-01	4.294340e-01
-2.850000e+00	3.404280e-01	3.539600e-01	3.593610e-01	2.780945e+01	2.778818e+01	2.971722e+01	3.494517e+01	1.512345e+01	1.718515e+01	2.758793e+01	4.235220e-01	4.369840e-01	4.369710e-01	4.381280e-01
-2.800000e+00	3.455550e-01	3.565020e-01	3.702670e-01	2.792443e+01	2.790227e+01	3.001929e+01	3.526720e+01	1.569291e+01	1.781237e+01	2.769600e+01	4.315550e-01	4.430430e-01	4.429960e-01	4.443960e-01
-2.750000e+00	3.494170e-01	3.580470e-01	3.809480e-01	2.793310e+01	2.790521e+01	3.022642e+01	3.546102e+01	1.621988e+01	1.839184e+01	2.769885e+01	4.379260e-01	4.470820e-01	4.469980e-01	4.486710e-01
-2.700000e+00	3.524320e-01	3.589730e-01	3.918760e-01	2.783915e+01	2.780883e+01	3.034524e+01	3.552904e+01	1.669745e+01	1.891506e+01	2.760246e+01	4.423800e-01	4.490450e-01	4.489260e-01	4.509010e-01
-2.650000e+00	3.548510e-01	3.592150e-01	4.032850e-01	2.764732e+01	2.761764e+01	3.038577e+01	3.547828e+01	1.711837e+01	1.937358e+01	2.740765e+01	4.448730e-01	4.489050e-01	4.487490e-01	4.510600e-01
-2.600000e+00	3.567100e-01	3.585310e-01	4.152220e-01	2.736353e+01	2.733379e+01	3.035558e+01	3.531246e+01	1.747706e+01	1.975980e+01	2.711864e+01	4.454590e-01	4.466590e-01	4.464690e-01	4.491490e-01
-2.550000e+00	3.577910e-01	3.567810e-01	4.276060e-01	2.699495e+01	2.696210e+01	3.025396e+01	3.502437e+01	1.777177e+01	2.006767e+01	2.675129e+01	4.441750e-01	4.423310e-01	4.421080e-01	4.451950e-01
-2.500000e+00	3.573970e-01	3.538050e-01	4.407470e-01	2.653027e+01	2.649058e+01	3.007343e+01	3.459937e+01	1.797771e+01	2.027139e+01	2.628544e+01	4.406820e-01	4.354740e-01	4.352150e-01	4.387620e-01
-2.450000e+00	3.564800e-01	3.505540e-01	4.550540e-01	2.599191e+01	2.595269e+01	2.983072e+01	3.406400e+01	1.810630e+01	2.037700e+01	2.575218e+01	4.352700e-01	4.267070e-01	4.264130e-01	4.304650e-01
-2.400000e+00	3.548720e-01	3.465080e-01	4.707770e-01	2.539038e+01	2.535077e+01	2.953048e+01	3.342156e+01	1.815556e+01	2.039104e+01	2.515388e+01	4.282320e-01	4.161550e-01	4.158270e-01	4.204290e-01
-2.350000e+00	3.525360e-01	3.415260e-01	4.881980e-01	2.473345e+01	2.469078e+01	2.917597e+01	3.267226e+01	1.812390e+01	2.031435e+01	2.449871e+01	4.196310e-01	4.039590e-01	4.035960e-01	4.087930e-01
-2.300000e+00	3.494930e-01	3.358140e-01	5.074640e-01	2.402707e+01	2.397918e+01	2.876870e+01	3.181434e+01	1.800995e+01	2.014471e+01	2.379448e+01	4.095750e-01	3.902760e-01	3.898780e-01	3.957140e-01
-2.250000e+00	3.457600e-01	3.298780e-01	5.283790e-01	2.327620e+01	2.322026e+01	2.830829e+01	3.084525e+01	1.781250e+01	1.987982e+01	2.304336e+01	3.984540e-01	3.752870e-01	3.748550e-01	3.813710e-01
-2.200000e+00	3.418510e-01	3.235130e-01	5.523320e-01	2.246397e+01	2.240923e+01	2.777849e+01	2.973833e+01	1.751859e+01	1.949536e+01	2.224341e+01	3.858810e-01	3.587790e-01	3.583140e-01	3.655830e-01
-2.150000e+00	3.376710e-01	3.166050e-01	5.797020e-01	2.162034e+01	2.156568e+01	2.717676e+01	2.852461e+01	1.714466e+01	1.901592e+01	2.141101e+01	3.721880e-01	3.413790e-01	3.408810e-01	3.489510e-01
-2.100000e+00	3.326960e-01	3.095680e-01	6.101300e-01	2.075356e+01	2.069618e+01	2.649161e+01	2.721944e+01	1.670067e+01	1.845376e+01	2.055281e+01	3.579200e-01	3.233070e-01	3.227750e-01	3.316890e-01
-2.050000e+00	3.274660e-01	3.024190e-01	6.438160e-01	1.986775e+01	1.980756e+01	2.570828e+01	2.583631e+01	1.619295e+01	1.781717e+01	1.967468e+01	3.432570e-01	3.047630e-01	3.041970e-01	3.139930e-01
-2.000000e+00	3.224720e-01	2.950600e-01	6.810800e-01	1.896813e+01	1.890642e+01	2.480646e+01	2.439766e+01	1.562705e+01	1.711353e+01	1.878298e+01	3.282080e-01	2.859350e-01	2.853360e-01	2.960480e-01
-1.950000e+00	3.171050e-01	2.875430e-01	7.217300e-01	1.806494e+01	1.799871e+01	2.375934e+01	2.294208e+01	1.501027e+01	1.635196e+01	1.788552e+01	3.127680e-01	2.670010e-01	2.663690e-01	2.780190e-01
-1.900000e+00	3.116710e-01	2.796860e-01	7.654040e-01	1.714155e+01	1.707844e+01	2.250459e+01	2.148697e+01	1.433811e+01	1.552878e+01	1.697256e+01	2.966760e-01	2.478260e-01	2.471620e-01	2.598110e-01
-1.850000e+00	3.062660e-01	2.715870e-01	8.139000e-01	1.622304e+01	1.615654e+01	2.116751e+01	2.003851e+01	1.363441e+01	1.468221e+01	1.606064e+01	2.808690e-01	2.288920e-01	2.281960e-01	2.418690e-01
-1.800000e+00	3.009180e-01	2.636850e-01	8.665730e-01	1.531335e+01	1.524094e+01	1.986611e+01	1.859288e+01	1.290516e+01	1.382071e+01	1.515644e+01	2.651500e-01	2.103340e-01	2.096110e-01	2.243120e-01
-1.750000e+00	2.955190e-01	2.561030e-01	9.226860e-01	1.441368e+01	1.433776e+01	1.862576e+01	1.715425e+01	1.215809e+01	1.295032e+01	1.426278e+01	2.495690e-01	1.922840e-01	1.915320e-01	2.072550e-01
-1.700000e+00	2.901530e-01	2.487810e-01	9.816030e-01	1.352585e+01	1.345083e+01	1.742270e+01	1.573151e+01	1.140058e+01	1.207638e+01	1.338372e+01	2.343510e-01	1.748580e-01	1.740720e-01	1.907990e-01
-1.650000e+00	2.853880e-01	2.415930e-01	1.043083e+00	1.265455e+01	1.258160e+01	1.621748e+01	1.433558e+01	1.063812e+01	1.120479e+01	1.252811e+01	2.198270e-01	1.581540e-01	1.573410e-01	1.750220e-01
-1.600000e+00	2.807680e-01	2.346770e-01	1.108332e+00	1.179353e+01	1.172291e+01	1.497903e+01	1.294984e+01	9.865722e+00	1.032567e+01	1.167887e+01	2.050150e-01	1.420320e-01	1.411900e-01	1.598500e-01
-1.550000e+00	2.761270e-01	2.280120e-01	1.175012e+00	1.095873e+01	1.088810e+01	1.374172e+01	1.161196e+01	9.103452e+00	9.462283e+00	1.085425e+01	1.906110e-01	1.268150e-01	1.259460e-01	1.455200e-01
-1.500000e+00	2.716740e-01	2.212890e-01	1.243851e+00	1.014818e+01	1.008247e+01	1.251758e+01	1.033071e+01	8.355586e+00	8.619985e+00	1.005564e+01	1.764730e-01	1.125550e-01	1.116610e-01	1.320670e-01
-1.450000e+00	2.677060e-01	2.149260e-01	1.314975e+00	9.364137e+00	9.307895e+00	1.131549e+01	9.116349e+00	7.627687e+00	7.805458e+00	9.285712e+00	1.627580e-01	9.928100e-02	9.836200e-02	1.194930e-01
-1.400000e+00	2.642920e-01	2.092480e-01	1.387113e+00	8.608985e+00	8.563870e+00	1.014397e+01	7.976569e+00	6.924676e+00	7.024434e+00	8.546681e+00	1.497540e-01	8.701100e-02	8.606200e-02	1.077940e-01
-1.350000e+00	2.609700e-01	2.037760e-01	1.456607e+00	7.882598e+00	7.848453e+00	9.012707e+00	6.914649e+00	6.249700e+00	6.280406e+00	7.839178e+00	1.377670e-01	7.576300e-02	7.476300e-02	9.697600e-02
-1.300000e+00	2.577220e-01	1.988540e-01	1.524814e+00	7.179410e+00	7.158609e+00	7.912179e+00	5.917644e+00	5.598146e+00	5.569977e+00	7.154928e+00	1.263410e-01	6.542100e-02	6.440000e-02	8.696300e-02
-1.250000e+00	2.550050e-01	1.938560e-01	1.590466e+00	6.505918e+00	6.502762e+00	6.875963e+00	5.013743e+00	4.981514e+00	4.903473e+00	6.505219e+00	1.153460e-01	5.609600e-02	5.505800e-02	7.777900e-02
-1.200000e+00	2.523250e-01	1.890430e-01	1.651172e+00	5.866230e+00	5.881406e+00	5.908147e+00	4.201624e+00	4.402833e+00	4.283396e+00	5.886180e+00	1.044970e-01	4.775800e-02	4.670600e-02	6.937900e-02
-1.150000e+00	2.495900e-01	1.844890e-01	1.706492e+00	5.260856e+00	5.293136e+00	5.012577e+00	3.481172e+00	3.862498e+00	3.712320e+00	5.299217e+00	9.428000e-02	4.036600e-02	3.930400e-02	6.171200e-02
-1.100000e+00	2.468010e-01	1.801490e-01	1.755977e+00	4.689441e+00	4.737866e+00	4.194271e+00	2.850632e+00	3.361726e+00	3.191564e+00	4.746469e+00	8.502100e-02	3.387000e-02	3.280300e-02	5.472200e-02
-1.050000e+00	2.437630e-01	1.759350e-01	1.796753e+00	4.152385e+00	4.218369e+00	3.459141e+00	2.305689e+00	2.903882e+00	2.720705e+00	4.228166e+00	7.640000e-02	2.821400e-02	2.714700e-02	4.835500e-02
-1.000000e+00	2.413100e-01	1.721720e-01	1.825233e+00	3.646230e+00	3.726418e+00	2.799170e+00	1.835059e+00	2.479843e+00	2.292078e+00	3.737671e+00	6.800400e-02	2.329400e-02	2.222300e-02	4.249800e-02
-9.500000e-01	2.385790e-01	1.682730e-01	1.839220e+00	3.174292e+00	3.267883e+00	2.228666e+00	1.442194e+00	2.095932e+00	1.911635e+00	3.280439e+00	6.062300e-02	1.910400e-02	1.803400e-02	3.715100e-02
-9.000000e-01	2.356640e-01	1.643190e-01	1.837508e+00	2.736885e+00	2.843646e+00	1.744854e+00	1.117763e+00	1.752610e+00	1.577535e+00	2.855485e+00	5.363800e-02	1.557600e-02	1.451400e-02	3.227300e-02
-8.500000e-01	2.327880e-01	1.603740e-01	1.820292e+00	2.335825e+00	2.452474e+00	1.341970e+00	8.539070e-01	1.449081e+00	1.286959e+00	2.462826e+00	4.712500e-02	1.263500e-02	1.158600e-02	2.782500e-02
-8.000000e-01	2.299140e-01	1.564230e-01	1.787030e+00	1.972230e+00	2.093576e+00	1.013376e+00	6.430090e-01	1.184652e+00	1.036806e+00	2.103052e+00	4.116700e-02	1.021100e-02	9.180000e-03	2.377500e-02
-7.500000e-01	2.264030e-01	1.523290e-01	1.734511e+00	1.645645e+00	1.767596e+00	7.519660e-01	4.774000e-01	9.588870e-01	8.239720e-01	1.776921e+00	3.552600e-02	8.237000e-03	7.230000e-03	2.010100e-02
-7.000000e-01	2.217570e-01	1.484920e-01	1.656803e+00	1.348824e+00	1.467876e+00	5.446620e-01	3.471700e-01	7.652630e-01	6.427240e-01	1.476407e+00	3.054400e-02	6.596000e-03	5.657000e-03	1.670400e-02
-6.500000e-01	2.171830e-01	1.440500e-01	1.560516e+00	1.087147e+00	1.201182e+00	3.862860e-01	2.482210e-01	6.012850e-01	4.925980e-01	1.208891e+00	2.613400e-02	5.309000e-03	4.416000e-03	1.364600e-02
-6.000000e-01	2.124000e-01	1.395750e-01	1.445615e+00	8.602060e-01	9.657430e-01	2.683840e-01	1.742470e-01	4.658690e-01	3.704760e-01	9.725500e-01	2.224700e-02	4.296000e-03	3.450000e-03	1.093300e-02
-5.500000e-01	2.069860e-01	1.349900e-01	1.315166e+00	6.666500e-01	7.610870e-01	1.825780e-01	1.201900e-01	3.562190e-01	2.731500e-01	7.666450e-01	1.872800e-02	3.499000e-03	2.693000e-03	8.575000e-03
-5.000000e-01	2.008020e-01	1.300370e-01	1.172931e+00	5.048700e-01	5.864240e-01	1.215370e-01	8.159000e-02	2.691810e-01	1.971610e-01	5.907450e-01	1.556300e-02	2.867000e-03	2.106000e-03	6.563000e-03
-4.500000e-01	1.943530e-01	1.246760e-01	1.021894e+00	3.730220e-01	4.401530e-01	7.916700e-02	5.456100e-02	2.016860e-01	1.389750e-01	4.441070e-01	1.293000e-02	2.360000e-03	1.672000e-03	4.878000e-03
-4.000000e-01	1.868240e-01	1.189600e-01	8.587050e-01	2.659090e-01	3.175210e-01	5.008100e-02	3.560200e-02	1.512950e-01	9.479200e-02	3.205470e-01	1.047300e-02	1.950000e-03	1.338000e-03	3.379000e-03
-3.500000e-01	1.788260e-01	1.132910e-01	6.965890e-01	1.828680e-01	2.206130e-01	3.107900e-02	2.291300e-02	1.150950e-01	6.303200e-02	2.224020e-01	8.515000e-03	1.600000e-03	1.063000e-03	2.303000e-03
-3.000000e-01	1.706110e-01	1.076750e-01	5.433660e-01	1.211530e-01	1.463650e-01	1.914500e-02	1.459200e-02	9.028700e-02	4.064600e-02	1.474690e-01	6.754000e-03	1.246000e-03	8.070000e-04	1.457000e-03
-2.500000e-01	1.622390e-01	1.019970e-01	4.074030e-01	7.751200e-02	9.260100e-02	1.186200e-02	9.215000e-03	7.368000e-02	2.549400e-02	9.342100e-02	5.149000e-03	9.550000e-04	6.060000e-04	8.500000e-04
-2.000000e-01	1.535180e-01	9.592000e-02	2.867870e-01	4.735200e-02	5.417500e-02	7.730000e-03	5.705000e-03	6.393500e-02	1.534900e-02	5.475900e-02	3.765000e-03	6.780000e-04	4.230000e-04	4.720000e-04
-1.500000e-01	1.445470e-01	8.984200e-02	1.908350e-01	2.804800e-02	2.953100e-02	5.388000e-03	3.368000e-03	5.720400e-02	8.850000e-03	3.000000e-02	4.081000e-03	3.780000e-04	2.340000e-04	2.180000e-04
-1.000000e-01	1.355500e-01	8.362700e-02	1.214820e-01	1.642300e-02	1.518600e-02	3.989000e-03	1.687000e-03	2.705700e-02	4.794000e-03	1.550200e-02	5.087800e-02	3.500000e-05	2.400000e-05	2.200000e-05
-5.000000e-02	1.263900e-01	7.713700e-02	7.918800e-02	9.962000e-03	8.000000e-03	2.955000e-03	6.990000e-04	6.081000e-03	2.362000e-03	8.144000e-03	2.782680e+00	0.000000e+00	0.000000e+00	0.000000e+00
0.000000e+00	1.206990e-01	7.327800e-02	6.279400e-02	7.409000e-03	5.425000e-03	2.436000e-03	3.860000e-04	1.756000e-03	1.428000e-03	5.548000e-03	6.974934e+01	0.000000e+00	0.000000e+00	0.000000e+00
