-8.900000e+00	3.300000e-04	3.270000e-04	3.340000e-04	3.810000e-04	3.810000e-04	5.070000e-04	8.390000e-04	1.447000e-03	1.868000e-03	5.600000e-05	5.840000e-04	6.880000e-04	6.880000e-04	7.120000e-04
-8.850000e+00	3.500000e-04	3.460000e-04	3.540000e-04	4.200000e-04	4.230000e-04	5.560000e-04	9.170000e-04	1.550000e-03	1.996000e-03	7.200000e-05	6.190000e-04	7.300000e-04	7.290000e-04	7.570000e-04
-8.800000e+00	3.700000e-04	3.680000e-04	3.780000e-04	4.660000e-04	4.740000e-04	6.170000e-04	1.025000e-03	1.654000e-03	2.125000e-03	9.600000e-05	6.560000e-04	7.710000e-04	7.700000e-04	8.010000e-04
-8.750000e+00	3.960000e-04	3.930000e-04	4.060000e-04	5.170000e-04	5.250000e-04	6.770000e-04	1.144000e-03	1.769000e-03	2.268000e-03	1.230000e-04	6.990000e-04	8.140000e-04	8.140000e-04	8.500000e-04
-8.700000e+00	4.180000e-04	4.170000e-04	4.330000e-04	5.780000e-04	5.790000e-04	7.490000e-04	1.274000e-03	1.898000e-03	2.418000e-03	1.600000e-04	7.410000e-04	8.610000e-04	8.610000e-04	9.030000e-04
-8.650000e+00	4.380000e-04	4.390000e-04	4.610000e-04	6.600000e-04	6.490000e-04	8.400000e-04	1.415000e-03	2.041000e-03	2.580000e-03	2.080000e-04	7.830000e-04	9.100000e-04	9.110000e-04	9.630000e-04
-8.600000e+00	4.630000e-04	4.640000e-04	4.920000e-04	7.670000e-04	7.470000e-04	9.530000e-04	1.572000e-03	2.196000e-03	2.761000e-03	2.640000e-04	8.260000e-04	9.630000e-04	9.640000e-04	1.030000e-03
-8.550000e+00	4.910000e-04	4.920000e-04	5.240000e-04	8.810000e-04	8.620000e-04	1.081000e-03	1.757000e-03	2.362000e-03	2.954000e-03	3.520000e-04	8.700000e-04	1.019000e-03	1.020000e-03	1.097000e-03
-8.500000e+00	5.180000e-04	5.290000e-04	5.580000e-04	1.018000e-03	9.830000e-04	1.235000e-03	1.986000e-03	2.560000e-03	3.177000e-03	4.690000e-04	9.140000e-04	1.075000e-03	1.079000e-03	1.168000e-03
-8.450000e+00	5.510000e-04	5.960000e-04	6.100000e-04	1.170000e-03	1.148000e-03	1.420000e-03	2.274000e-03	2.777000e-03	3.420000e-03	6.070000e-04	9.630000e-04	1.138000e-03	1.148000e-03	1.252000e-03
-8.400000e+00	5.910000e-04	7.170000e-04	6.970000e-04	1.357000e-03	1.352000e-03	1.644000e-03	2.606000e-03	3.022000e-03	3.689000e-03	7.700000e-04	1.017000e-03	1.212000e-03	1.236000e-03	1.359000e-03
-8.350000e+00	6.370000e-04	9.660000e-04	8.540000e-04	1.603000e-03	1.606000e-03	1.924000e-03	2.994000e-03	3.303000e-03	3.991000e-03	9.790000e-04	1.078000e-03	1.301000e-03	1.358000e-03	1.498000e-03
-8.300000e+00	6.900000e-04	1.498000e-03	1.133000e-03	1.924000e-03	1.932000e-03	2.276000e-03	3.454000e-03	3.633000e-03	4.334000e-03	1.269000e-03	1.142000e-03	1.410000e-03	1.532000e-03	1.672000e-03
-8.250000e+00	7.540000e-04	2.495000e-03	1.544000e-03	2.317000e-03	2.357000e-03	2.705000e-03	3.967000e-03	4.024000e-03	4.730000e-03	1.660000e-03	1.209000e-03	1.553000e-03	1.782000e-03	1.888000e-03
-8.200000e+00	8.480000e-04	3.662000e-03	2.010000e-03	2.835000e-03	2.858000e-03	3.270000e-03	4.600000e-03	4.502000e-03	5.209000e-03	2.134000e-03	1.283000e-03	1.742000e-03	2.095000e-03	2.152000e-03
-8.150000e+00	9.800000e-04	4.983000e-03	2.671000e-03	3.478000e-03	3.452000e-03	3.953000e-03	5.445000e-03	5.048000e-03	5.743000e-03	2.668000e-03	1.361000e-03	1.968000e-03	2.478000e-03	2.476000e-03
-8.100000e+00	1.163000e-03	6.446000e-03	3.478000e-03	4.274000e-03	4.235000e-03	4.773000e-03	6.484000e-03	5.688000e-03	6.364000e-03	3.389000e-03	1.446000e-03	2.234000e-03	2.932000e-03	2.847000e-03
-8.050000e+00	1.418000e-03	8.088000e-03	4.332000e-03	5.237000e-03	5.238000e-03	5.788000e-03	7.721000e-03	6.439000e-03	7.089000e-03	4.342000e-03	1.539000e-03	2.553000e-03	3.456000e-03	3.257000e-03
-8.000000e+00	1.787000e-03	9.958000e-03	5.162000e-03	6.409000e-03	6.464000e-03	7.072000e-03	9.190000e-03	7.316000e-03	7.927000e-03	5.513000e-03	1.641000e-03	2.943000e-03	4.041000e-03	3.698000e-03
-7.950000e+00	2.360000e-03	1.201400e-02	6.035000e-03	7.972000e-03	8.047000e-03	8.641000e-03	1.097700e-02	8.337000e-03	8.896000e-03	7.019000e-03	1.747000e-03	3.425000e-03	4.675000e-03	4.181000e-03
-7.900000e+00	3.496000e-03	1.391700e-02	7.143000e-03	9.911000e-03	1.002200e-02	1.061800e-02	1.310300e-02	9.537000e-03	1.003800e-02	8.960000e-03	1.864000e-03	4.087000e-03	5.346000e-03	4.741000e-03
-7.850000e+00	5.834000e-03	1.636700e-02	8.602000e-03	1.230000e-02	1.243700e-02	1.303900e-02	1.581700e-02	1.098000e-02	1.138000e-02	1.137200e-02	1.994000e-03	4.946000e-03	6.108000e-03	5.396000e-03
-7.800000e+00	9.285000e-03	1.895900e-02	1.042600e-02	1.530800e-02	1.538900e-02	1.607000e-02	1.913300e-02	1.270100e-02	1.297900e-02	1.435500e-02	2.134000e-03	5.932000e-03	6.877000e-03	6.135000e-03
-7.750000e+00	1.326800e-02	2.154900e-02	1.254100e-02	1.909800e-02	1.907900e-02	1.983400e-02	2.319300e-02	1.476700e-02	1.490200e-02	1.809800e-02	2.295000e-03	6.964000e-03	7.674000e-03	6.954000e-03
-7.700000e+00	1.715800e-02	2.420200e-02	1.482300e-02	2.381600e-02	2.378700e-02	2.450100e-02	2.822900e-02	1.727100e-02	1.722200e-02	2.282500e-02	2.486000e-03	7.971000e-03	8.560000e-03	7.853000e-03
-7.650000e+00	2.065400e-02	2.690500e-02	1.726000e-02	2.961100e-02	2.970800e-02	3.055700e-02	3.436500e-02	2.030200e-02	2.001500e-02	2.859900e-02	2.702000e-03	8.899000e-03	9.497000e-03	8.820000e-03
-7.600000e+00	2.370400e-02	2.949400e-02	2.040000e-02	3.681700e-02	3.701900e-02	3.805700e-02	4.194300e-02	2.398200e-02	2.343300e-02	3.569100e-02	2.948000e-03	9.853000e-03	1.044000e-02	9.974000e-03
-7.550000e+00	2.653300e-02	3.208600e-02	2.382200e-02	4.575400e-02	4.598800e-02	4.719300e-02	5.130900e-02	2.846000e-02	2.755000e-02	4.459700e-02	3.225000e-03	1.083000e-02	1.142900e-02	1.119800e-02
-7.500000e+00	2.921200e-02	3.470100e-02	2.721800e-02	5.703400e-02	5.710500e-02	5.839400e-02	6.274800e-02	3.389400e-02	3.254000e-02	5.561700e-02	3.538000e-03	1.185100e-02	1.246600e-02	1.247700e-02
-7.450000e+00	3.185300e-02	3.728800e-02	3.055100e-02	7.105000e-02	7.091300e-02	7.221400e-02	7.680600e-02	4.049600e-02	3.860300e-02	6.922200e-02	3.896000e-03	1.294100e-02	1.356400e-02	1.382000e-02
-7.400000e+00	3.454800e-02	3.983500e-02	3.393200e-02	8.810400e-02	8.802900e-02	8.926400e-02	9.419300e-02	4.853600e-02	4.597700e-02	8.612000e-02	4.306000e-03	1.412300e-02	1.473900e-02	1.524800e-02
-7.350000e+00	3.729600e-02	4.251800e-02	3.728000e-02	1.090280e-01	1.092340e-01	1.100080e-01	1.153700e-01	5.833200e-02	5.496400e-02	1.072840e-01	4.778000e-03	1.539900e-02	1.601100e-02	1.676600e-02
-7.300000e+00	3.991300e-02	4.504000e-02	4.078200e-02	1.346240e-01	1.350770e-01	1.356080e-01	1.409550e-01	7.026400e-02	6.597400e-02	1.327700e-01	5.324000e-03	1.677500e-02	1.739300e-02	1.842700e-02
-7.250000e+00	4.258600e-02	4.767700e-02	4.458600e-02	1.661540e-01	1.663900e-01	1.670600e-01	1.724840e-01	8.476300e-02	7.926700e-02	1.639770e-01	5.942000e-03	1.830000e-02	1.891700e-02	2.024600e-02
-7.200000e+00	4.533000e-02	5.038900e-02	4.898500e-02	2.048810e-01	2.045840e-01	2.055790e-01	2.109680e-01	1.023810e-01	9.532200e-02	2.023510e-01	6.639000e-03	1.996300e-02	2.057900e-02	2.229600e-02
-7.150000e+00	4.819100e-02	5.316900e-02	5.403800e-02	2.520880e-01	2.512020e-01	2.523500e-01	2.575260e-01	1.237490e-01	1.147580e-01	2.492260e-01	7.428000e-03	2.181300e-02	2.242500e-02	2.456800e-02
-7.100000e+00	5.116900e-02	5.603700e-02	5.926600e-02	3.091290e-01	3.079650e-01	3.088800e-01	3.136750e-01	1.496050e-01	1.383140e-01	3.059870e-01	8.328000e-03	2.391600e-02	2.452100e-02	2.698400e-02
-7.050000e+00	5.412500e-02	5.904000e-02	6.324300e-02	3.776740e-01	3.769570e-01	3.780110e-01	3.820130e-01	1.808620e-01	1.667800e-01	3.747690e-01	9.357000e-03	2.627200e-02	2.687800e-02	2.944800e-02
-7.000000e+00	5.716200e-02	6.196200e-02	6.668000e-02	4.608080e-01	4.604630e-01	4.607820e-01	4.647870e-01	2.185090e-01	2.010180e-01	4.579310e-01	1.054000e-02	2.889700e-02	2.959300e-02	3.220600e-02
-6.950000e+00	6.041900e-02	6.517400e-02	7.008200e-02	5.608630e-01	5.605480e-01	5.610700e-01	5.644400e-01	2.639010e-01	2.423400e-01	5.578060e-01	1.190500e-02	3.205200e-02	3.268600e-02	3.528300e-02
-6.900000e+00	6.386000e-02	6.842900e-02	7.322900e-02	6.804510e-01	6.806390e-01	6.810410e-01	6.835000e-01	3.181810e-01	2.917420e-01	6.776180e-01	1.348400e-02	3.550500e-02	3.605700e-02	3.859100e-02
-6.850000e+00	6.743100e-02	7.187200e-02	7.637100e-02	8.236470e-01	8.241780e-01	8.243090e-01	8.258080e-01	3.830250e-01	3.507270e-01	8.207610e-01	1.527200e-02	3.934200e-02	3.988300e-02	4.233800e-02
-6.800000e+00	7.110600e-02	7.570600e-02	7.985400e-02	9.952140e-01	9.948580e-01	9.954640e-01	9.959210e-01	4.605070e-01	4.211870e-01	9.910550e-01	1.729000e-02	4.378000e-02	4.439800e-02	4.677500e-02
-6.750000e+00	7.494600e-02	7.972400e-02	8.361900e-02	1.198037e+00	1.197490e+00	1.198086e+00	1.197066e+00	5.525370e-01	5.048560e-01	1.193500e+00	1.971700e-02	4.880100e-02	4.949800e-02	5.174500e-02
-6.700000e+00	7.915000e-02	8.406200e-02	8.774600e-02	1.436472e+00	1.436896e+00	1.436021e+00	1.433999e+00	6.610420e-01	6.035130e-01	1.430213e+00	2.251200e-02	5.463900e-02	5.530800e-02	5.755800e-02
-6.650000e+00	8.363500e-02	8.869700e-02	9.219600e-02	1.717672e+00	1.717637e+00	1.716633e+00	1.713435e+00	7.887950e-01	7.196650e-01	1.709583e+00	2.574200e-02	6.125000e-02	6.194200e-02	6.414700e-02
-6.600000e+00	8.856100e-02	9.375300e-02	9.688700e-02	2.046604e+00	2.045981e+00	2.045501e+00	2.040367e+00	9.385490e-01	8.558090e-01	2.037351e+00	2.944000e-02	6.877800e-02	6.950700e-02	7.162200e-02
-6.550000e+00	9.392400e-02	9.912800e-02	1.020280e-01	2.429724e+00	2.429043e+00	2.428240e+00	2.420971e+00	1.113420e+00	1.014738e+00	2.420249e+00	3.367300e-02	7.735400e-02	7.809100e-02	8.013100e-02
-6.500000e+00	9.971300e-02	1.047240e-01	1.077670e-01	2.874647e+00	2.874476e+00	2.871355e+00	2.862600e+00	1.316752e+00	1.199518e+00	2.865480e+00	3.852900e-02	8.711400e-02	8.780000e-02	8.982000e-02
-6.450000e+00	1.061390e-01	1.107750e-01	1.137360e-01	3.388755e+00	3.389739e+00	3.384182e+00	3.373246e+00	1.551785e+00	1.413407e+00	3.379353e+00	4.408200e-02	9.823700e-02	9.882600e-02	1.007600e-01
-6.400000e+00	1.131570e-01	1.176560e-01	1.203830e-01	3.976025e+00	3.977295e+00	3.971404e+00	3.957400e+00	1.820928e+00	1.657865e+00	3.964717e+00	5.036900e-02	1.106830e-01	1.113320e-01	1.132010e-01
-6.350000e+00	1.207680e-01	1.250580e-01	1.275140e-01	4.648528e+00	4.650705e+00	4.643767e+00	4.626286e+00	2.128988e+00	1.937757e+00	4.634228e+00	5.747000e-02	1.247530e-01	1.254010e-01	1.271960e-01
-6.300000e+00	1.289850e-01	1.332070e-01	1.354530e-01	5.413362e+00	5.417604e+00	5.407738e+00	5.387327e+00	2.479768e+00	2.256530e+00	5.396702e+00	6.547900e-02	1.405550e-01	1.412260e-01	1.429290e-01
-6.250000e+00	1.377860e-01	1.422590e-01	1.441320e-01	6.278367e+00	6.284837e+00	6.271663e+00	6.248485e+00	2.877271e+00	2.617745e+00	6.260717e+00	7.450100e-02	1.582630e-01	1.589920e-01	1.605850e-01
-6.200000e+00	1.472840e-01	1.522080e-01	1.534620e-01	7.252817e+00	7.259869e+00	7.245664e+00	7.218366e+00	3.325519e+00	3.024999e+00	7.234686e+00	8.463500e-02	1.780860e-01	1.788620e-01	1.803430e-01
-6.150000e+00	1.579800e-01	1.627530e-01	1.638550e-01	8.348404e+00	8.353825e+00	8.340581e+00	8.306236e+00	3.828188e+00	3.481801e+00	8.327295e+00	9.595900e-02	2.002050e-01	2.009680e-01	2.023670e-01
-6.100000e+00	1.696500e-01	1.743120e-01	1.752530e-01	9.561126e+00	9.564393e+00	9.549535e+00	9.505971e+00	4.384470e+00	3.987364e+00	9.532753e+00	1.085400e-01	2.247520e-01	2.255190e-01	2.268430e-01
-6.050000e+00	1.822930e-01	1.868430e-01	1.875020e-01	1.090026e+01	1.090599e+01	1.088684e+01	1.083720e+01	5.000924e+00	4.547855e+00	1.086743e+01	1.225030e-01	2.518870e-01	2.526780e-01	2.539090e-01
-6.000000e+00	1.959240e-01	2.006430e-01	2.010900e-01	1.237702e+01	1.238421e+01	1.236098e+01	1.230598e+01	5.680299e+00	5.165470e+00	1.233693e+01	1.379140e-01	2.818240e-01	2.826610e-01	2.838030e-01
-5.950000e+00	2.106780e-01	2.156770e-01	2.159420e-01	1.399624e+01	1.400435e+01	1.397747e+01	1.391665e+01	6.424811e+00	5.842164e+00	1.394685e+01	1.549030e-01	3.147500e-01	3.156370e-01	3.166900e-01
-5.900000e+00	2.267230e-01	2.318400e-01	2.318090e-01	1.575918e+01	1.577069e+01	1.573928e+01	1.567132e+01	7.236112e+00	6.579464e+00	1.570264e+01	1.736200e-01	3.508460e-01	3.517650e-01	3.527120e-01
-5.850000e+00	2.440910e-01	2.493020e-01	2.488060e-01	1.767037e+01	1.768508e+01	1.764848e+01	1.756929e+01	8.115311e+00	7.378108e+00	1.760919e+01	1.941320e-01	3.903140e-01	3.912710e-01	3.920920e-01
-5.800000e+00	2.627940e-01	2.680380e-01	2.670920e-01	1.971477e+01	1.972658e+01	1.968752e+01	1.960036e+01	9.052986e+00	8.230545e+00	1.964407e+01	2.163790e-01	4.330320e-01	4.340020e-01	4.347300e-01
-5.750000e+00	2.828200e-01	2.879150e-01	2.869630e-01	2.189943e+01	2.190835e+01	2.186803e+01	2.177518e+01	1.005602e+01	9.142486e+00	2.181988e+01	2.405910e-01	4.793490e-01	4.803240e-01	4.809930e-01
-5.700000e+00	3.043610e-01	3.092960e-01	3.082320e-01	2.422351e+01	2.423115e+01	2.418999e+01	2.408916e+01	1.112309e+01	1.011276e+01	2.413440e+01	2.668470e-01	5.294130e-01	5.304080e-01	5.309920e-01
-5.650000e+00	3.274670e-01	3.323960e-01	3.310210e-01	2.668395e+01	2.669243e+01	2.665009e+01	2.653835e+01	1.225181e+01	1.113926e+01	2.658538e+01	2.952260e-01	5.833450e-01	5.843900e-01	5.848490e-01
-5.600000e+00	3.521350e-01	3.573090e-01	3.554850e-01	2.927478e+01	2.928573e+01	2.924066e+01	2.911674e+01	1.343880e+01	1.221896e+01	2.916726e+01	3.258010e-01	6.412470e-01	6.423710e-01	6.426780e-01
-5.550000e+00	3.784300e-01	3.840540e-01	3.814160e-01	3.198630e+01	3.200012e+01	3.194845e+01	3.181153e+01	1.467987e+01	1.334802e+01	3.186565e+01	3.586220e-01	7.032110e-01	7.044230e-01	7.045600e-01
-5.500000e+00	4.061990e-01	4.119460e-01	4.089820e-01	3.477783e+01	3.479530e+01	3.473437e+01	3.458850e+01	1.595400e+01	1.450746e+01	3.463689e+01	3.934310e-01	7.687320e-01	7.700060e-01	7.699990e-01
-5.450000e+00	4.354990e-01	4.413030e-01	4.378850e-01	3.766205e+01	3.768583e+01	3.761571e+01	3.745976e+01	1.726911e+01	1.570443e+01	3.750640e+01	4.306170e-01	8.383140e-01	8.396470e-01	8.394760e-01
-5.400000e+00	4.663830e-01	4.722940e-01	4.682740e-01	4.062761e+01	4.065344e+01	4.057774e+01	4.041379e+01	1.861900e+01	1.693277e+01	4.045317e+01	4.700970e-01	9.119290e-01	9.133330e-01	9.129910e-01
-5.350000e+00	4.988050e-01	5.049650e-01	5.003140e-01	4.365995e+01	4.368315e+01	4.360679e+01	4.343474e+01	1.999614e+01	1.818647e+01	4.346380e+01	5.118830e-01	9.895080e-01	9.909980e-01	9.904910e-01
-5.300000e+00	5.326570e-01	5.392340e-01	5.340350e-01	4.674203e+01	4.676287e+01	4.668722e+01	4.650459e+01	2.139239e+01	1.945887e+01	4.652798e+01	5.560320e-01	1.070964e+00	1.072559e+00	1.071894e+00
-5.250000e+00	5.678170e-01	5.748980e-01	5.691230e-01	4.985566e+01	4.988203e+01	4.979673e+01	4.960650e+01	2.279985e+01	2.074138e+01	4.963080e+01	6.025250e-01	1.156225e+00	1.157950e+00	1.157117e+00
-5.200000e+00	6.042880e-01	6.119460e-01	6.054790e-01	5.292977e+01	5.296907e+01	5.287481e+01	5.267567e+01	2.418776e+01	2.200705e+01	5.269044e+01	6.509990e-01	1.244545e+00	1.246375e+00	1.245384e+00
-5.150000e+00	6.423040e-01	6.502680e-01	6.434930e-01	5.600855e+01	5.605134e+01	5.594287e+01	5.573439e+01	2.557070e+01	2.326876e+01	5.574226e+01	7.017490e-01	1.336434e+00	1.338356e+00	1.337234e+00
-5.100000e+00	6.817710e-01	6.900560e-01	6.827980e-01	5.906590e+01	5.910483e+01	5.899116e+01	5.877264e+01	2.694046e+01	2.451928e+01	5.877500e+01	7.547520e-01	1.431756e+00	1.433768e+00	1.432502e+00
-5.050000e+00	7.225560e-01	7.312950e-01	7.233890e-01	6.208076e+01	6.211563e+01	6.200212e+01	6.177517e+01	2.828943e+01	2.575202e+01	6.177149e+01	8.099300e-01	1.530232e+00	1.532330e+00	1.530909e+00
-5.000000e+00	7.644630e-01	7.737450e-01	7.652340e-01	6.503837e+01	6.507388e+01	6.495635e+01	6.472547e+01	2.961068e+01	2.696070e+01	6.471132e+01	8.672110e-01	1.631548e+00	1.633712e+00	1.632158e+00
-4.950000e+00	8.072150e-01	8.169200e-01	8.077710e-01	6.793138e+01	6.796507e+01	6.784089e+01	6.761118e+01	3.089802e+01	2.813911e+01	6.757484e+01	9.266050e-01	1.735532e+00	1.737715e+00	1.736072e+00
-4.900000e+00	8.507820e-01	8.601180e-01	8.509890e-01	7.069396e+01	7.072678e+01	7.059343e+01	7.036584e+01	3.212271e+01	2.926177e+01	7.030935e+01	9.874450e-01	1.840973e+00	1.843059e+00	1.841422e+00
-4.850000e+00	8.953220e-01	9.037210e-01	8.950070e-01	7.335468e+01	7.338955e+01	7.326072e+01	7.303659e+01	3.330379e+01	3.034520e+01	7.294508e+01	1.050244e+00	1.948718e+00	1.950663e+00	1.949071e+00
-4.800000e+00	9.405260e-01	9.480790e-01	9.397630e-01	7.591560e+01	7.595216e+01	7.582306e+01	7.560180e+01	3.443686e+01	3.138650e+01	7.547558e+01	1.114955e+00	2.058312e+00	2.060110e+00	2.058568e+00
-4.750000e+00	9.862870e-01	9.932370e-01	9.850910e-01	7.836288e+01	7.840286e+01	7.826975e+01	7.805635e+01	3.551805e+01	3.238188e+01	7.789332e+01	1.181483e+00	2.169441e+00	2.171094e+00	2.169607e+00
-4.700000e+00	1.032556e+00	1.038977e+00	1.030939e+00	8.068044e+01	8.072817e+01	8.059290e+01	8.039651e+01	3.654409e+01	3.332783e+01	8.019022e+01	1.249699e+00	2.281852e+00	2.283353e+00	2.281950e+00
-4.650000e+00	1.079138e+00	1.084872e+00	1.077627e+00	8.286681e+01	8.292384e+01	8.277984e+01	8.260141e+01	3.751248e+01	3.422274e+01	8.235843e+01	1.319460e+00	2.395246e+00	2.396575e+00	2.395326e+00
-4.600000e+00	1.125741e+00	1.130883e+00	1.124352e+00	8.487414e+01	8.492291e+01	8.477898e+01	8.463147e+01	3.840093e+01	3.504682e+01	8.433348e+01	1.390276e+00	2.508300e+00	2.509444e+00	2.508341e+00
-4.550000e+00	1.172826e+00	1.176834e+00	1.171093e+00	8.672431e+01	8.676810e+01	8.663610e+01	8.652372e+01	3.922869e+01	3.581725e+01	8.616050e+01	1.462463e+00	2.621519e+00	2.622427e+00	2.621468e+00
-4.500000e+00	1.219797e+00	1.222615e+00	1.217480e+00	8.842479e+01	8.846008e+01	8.834622e+01	8.827398e+01	3.999412e+01	3.653255e+01	8.783589e+01	1.536253e+00	2.734447e+00	2.735113e+00	2.734301e+00
-4.450000e+00	1.266346e+00	1.268059e+00	1.263518e+00	8.997257e+01	9.000022e+01	8.990352e+01	8.987621e+01	4.069603e+01	3.719168e+01	8.935916e+01	1.611551e+00	2.846839e+00	2.847292e+00	2.846633e+00
-4.400000e+00	1.312348e+00	1.313171e+00	1.309360e+00	9.136219e+01	9.138726e+01	9.130184e+01	9.132507e+01	4.133352e+01	3.779386e+01	9.072696e+01	1.688181e+00	2.958471e+00	2.958762e+00	2.958265e+00
-4.350000e+00	1.357725e+00	1.358402e+00	1.355018e+00	9.259483e+01	9.261355e+01	9.253521e+01	9.261868e+01	4.190588e+01	3.833849e+01	9.192661e+01	1.766218e+00	3.068902e+00	3.069086e+00	3.068758e+00
-4.300000e+00	1.402072e+00	1.401997e+00	1.399718e+00	9.358677e+01	9.361838e+01	9.355470e+01	9.371138e+01	4.239503e+01	3.880984e+01	9.291137e+01	1.845136e+00	3.176320e+00	3.176385e+00	3.176260e+00
-4.250000e+00	1.445443e+00	1.444877e+00	1.443347e+00	9.442016e+01	9.445883e+01	9.441088e+01	9.464449e+01	4.282069e+01	3.922511e+01	9.372676e+01	1.925454e+00	3.281845e+00	3.281831e+00	3.281882e+00
-4.200000e+00	1.487742e+00	1.487007e+00	1.486013e+00	9.508984e+01	9.512645e+01	9.509926e+01	9.541811e+01	4.318304e+01	3.958530e+01	9.436961e+01	2.007193e+00	3.384847e+00	3.384803e+00	3.385029e+00
-4.150000e+00	1.528708e+00	1.528115e+00	1.527707e+00	9.558796e+01	9.562543e+01	9.561968e+01	9.603395e+01	4.348290e+01	3.989086e+01	9.483923e+01	2.090380e+00	3.485027e+00	3.484993e+00	3.485411e+00
-4.100000e+00	1.568207e+00	1.567894e+00	1.568350e+00	9.591282e+01	9.595788e+01	9.597315e+01	9.649388e+01	4.372145e+01	4.014236e+01	9.513859e+01	2.175027e+00	3.582210e+00	3.582196e+00	3.582841e+00
-4.050000e+00	1.606572e+00	1.606240e+00	1.607855e+00	9.607796e+01	9.610849e+01	9.615847e+01	9.679847e+01	4.389996e+01	4.034127e+01	9.527534e+01	2.261084e+00	3.676093e+00	3.676063e+00	3.676992e+00
-4.000000e+00	1.642872e+00	1.642370e+00	1.644715e+00	9.601614e+01	9.605181e+01	9.614514e+01	9.691731e+01	4.400620e+01	4.047736e+01	9.520170e+01	2.348276e+00	3.764281e+00	3.764254e+00	3.765398e+00
-3.950000e+00	1.676957e+00	1.677282e+00	1.679963e+00	9.578620e+01	9.582443e+01	9.597219e+01	9.685834e+01	4.405920e+01	4.056691e+01	9.495315e+01	2.437122e+00	3.848099e+00	3.848151e+00	3.849527e+00
-3.900000e+00	1.709360e+00	1.710061e+00	1.713659e+00	9.540194e+01	9.543966e+01	9.563456e+01	9.664954e+01	4.405795e+01	4.061130e+01	9.454462e+01	2.527530e+00	3.927295e+00	3.927370e+00	3.929075e+00
-3.850000e+00	1.740038e+00	1.740604e+00	1.745595e+00	9.485877e+01	9.489589e+01	9.513628e+01	9.630077e+01	4.400557e+01	4.061252e+01	9.398171e+01	2.619549e+00	4.001372e+00	4.001422e+00	4.003518e+00
-3.800000e+00	1.768644e+00	1.769071e+00	1.775399e+00	9.415369e+01	9.419147e+01	9.448762e+01	9.581023e+01	4.390615e+01	4.057295e+01	9.326439e+01	2.713246e+00	4.069828e+00	4.069829e+00	4.072304e+00
-3.750000e+00	1.794823e+00	1.795281e+00	1.802663e+00	9.330476e+01	9.333915e+01	9.370225e+01	9.517107e+01	4.376153e+01	4.049513e+01	9.239071e+01	2.808553e+00	4.132430e+00	4.132261e+00	4.135082e+00
-3.700000e+00	1.818103e+00	1.818456e+00	1.826438e+00	9.227787e+01	9.230833e+01	9.274188e+01	9.436966e+01	4.356797e+01	4.037580e+01	9.134924e+01	2.905334e+00	4.186928e+00	4.186883e+00	4.190078e+00
-3.650000e+00	1.838642e+00	1.838776e+00	1.847892e+00	9.110888e+01	9.114521e+01	9.164594e+01	9.343947e+01	4.333214e+01	4.022265e+01	9.016723e+01	3.003636e+00	4.234870e+00	4.234815e+00	4.238467e+00
-3.600000e+00	1.856381e+00	1.856380e+00	1.866980e+00	8.980665e+01	8.984700e+01	9.042012e+01	9.239514e+01	4.306016e+01	4.004006e+01	8.885468e+01	3.103524e+00	4.306641e+00	4.306547e+00	4.280047e+00
-3.550000e+00	1.871354e+00	1.871107e+00	1.883236e+00	8.838251e+01	8.841785e+01	8.907675e+01	9.122385e+01	4.275549e+01	3.983038e+01	8.741636e+01	3.204844e+00	4.351181e+00	4.351044e+00	4.314494e+00
-3.500000e+00	1.883503e+00	1.882903e+00	1.896352e+00	8.684516e+01	8.686733e+01	8.762665e+01	8.992070e+01	4.241996e+01	3.959524e+01	8.585666e+01	3.307375e+00	4.336302e+00	4.336126e+00	4.341404e+00
-3.450000e+00	1.892470e+00	1.892240e+00	1.906784e+00	8.519608e+01	8.520902e+01	8.607156e+01	8.852157e+01	4.205476e+01	3.933696e+01	8.418407e+01	3.411031e+00	4.354601e+00	4.354457e+00	4.360336e+00
-3.400000e+00	1.897202e+00	1.897149e+00	1.913393e+00	8.341232e+01	8.342244e+01	8.437776e+01	8.698998e+01	4.165522e+01	3.905378e+01	8.237274e+01	3.514585e+00	4.362515e+00	4.362401e+00	4.368790e+00
-3.350000e+00	1.898561e+00	1.898566e+00	1.916901e+00	8.153062e+01	8.154381e+01	8.259654e+01	8.537124e+01	4.123106e+01	3.874990e+01	8.047834e+01	3.618182e+00	4.361727e+00	4.361619e+00	4.368910e+00
-3.300000e+00	1.896359e+00	1.896503e+00	1.917226e+00	7.955928e+01	7.957296e+01	8.073577e+01	8.365625e+01	4.078309e+01	3.842671e+01	7.849919e+01	3.721193e+00	4.352387e+00	4.352269e+00	4.360438e+00
-3.250000e+00	1.890772e+00	1.890836e+00	1.914336e+00	7.751077e+01	7.751735e+01	7.880515e+01	8.185041e+01	4.031196e+01	3.808476e+01	7.644455e+01	3.823020e+00	4.334187e+00	4.334043e+00	4.343210e+00
-3.200000e+00	1.881852e+00	1.881495e+00	1.908185e+00	7.539670e+01	7.539075e+01	7.681358e+01	7.996850e+01	3.981838e+01	3.772443e+01	7.432415e+01	3.923129e+00	4.306794e+00	4.306619e+00	4.317063e+00
-3.150000e+00	1.869039e+00	1.868651e+00	1.898640e+00	7.322356e+01	7.321197e+01	7.476682e+01	7.802992e+01	3.930335e+01	3.734647e+01	7.213907e+01	4.021088e+00	4.270286e+00	4.270111e+00	4.281743e+00
-3.100000e+00	1.851465e+00	1.851417e+00	1.884524e+00	7.096231e+01	7.095677e+01	7.264392e+01	7.599516e+01	3.875894e+01	3.694307e+01	6.987112e+01	4.114329e+00	4.222391e+00	4.222225e+00	4.234980e+00
-3.050000e+00	1.830663e+00	1.830434e+00	1.867768e+00	6.865803e+01	6.865424e+01	7.048360e+01	7.389649e+01	3.819124e+01	3.651859e+01	6.756502e+01	4.202831e+00	4.165346e+00	4.165159e+00	4.179375e+00
-3.000000e+00	1.806274e+00	1.805924e+00	1.847683e+00	6.631879e+01	6.631522e+01	6.829955e+01	7.174938e+01	3.759949e+01	3.607146e+01	6.522700e+01	4.285785e+00	4.099329e+00	4.099127e+00	4.114994e+00
-2.950000e+00	1.778409e+00	1.778089e+00	1.824491e+00	6.395851e+01	6.395264e+01	6.609638e+01	6.956472e+01	3.698282e+01	3.560011e+01	6.286520e+01	4.362229e+00	4.024599e+00	4.024392e+00	4.042076e+00
-2.900000e+00	1.747267e+00	1.747008e+00	1.798665e+00	6.158685e+01	6.157548e+01	6.387854e+01	6.734927e+01	3.633995e+01	3.510265e+01	6.048742e+01	4.430465e+00	3.941412e+00	3.941195e+00	3.960938e+00
-2.850000e+00	1.712787e+00	1.712540e+00	1.770318e+00	5.920102e+01	5.918399e+01	6.165769e+01	6.510607e+01	3.566902e+01	3.457656e+01	5.809923e+01	4.487447e+00	3.849947e+00	3.849704e+00	3.871895e+00
-2.800000e+00	1.674502e+00	1.674197e+00	1.739139e+00	5.678480e+01	5.677229e+01	5.941781e+01	6.281331e+01	3.495813e+01	3.400583e+01	5.568083e+01	4.537531e+00	3.748251e+00	3.747995e+00	3.772812e+00
-2.750000e+00	1.633097e+00	1.632734e+00	1.705718e+00	5.437763e+01	5.436322e+01	5.718746e+01	6.050078e+01	3.420947e+01	3.339933e+01	5.327405e+01	4.571379e+00	3.639243e+00	3.638977e+00	3.666646e+00
-2.700000e+00	1.588679e+00	1.588544e+00	1.670382e+00	5.198813e+01	5.196507e+01	5.497277e+01	5.818610e+01	3.342710e+01	3.275441e+01	5.088727e+01	4.593693e+00	3.523465e+00	3.523206e+00	3.553951e+00
-2.650000e+00	1.541787e+00	1.541909e+00	1.633353e+00	4.961666e+01	4.958690e+01	5.278214e+01	5.586412e+01	3.261036e+01	3.206937e+01	4.852362e+01	4.604353e+00	3.401506e+00	3.401240e+00	3.435349e+00
-2.600000e+00	1.492946e+00	1.492946e+00	1.594979e+00	4.726791e+01	4.723647e+01	5.062246e+01	5.352916e+01	3.175608e+01	3.134245e+01	4.618898e+01	4.601313e+00	3.274039e+00	3.273723e+00	3.311561e+00
-2.550000e+00	1.442289e+00	1.441573e+00	1.555960e+00	4.496025e+01	4.491868e+01	4.849617e+01	5.119269e+01	3.086071e+01	3.057099e+01	4.389780e+01	4.583659e+00	3.141849e+00	3.141449e+00	3.183436e+00
-2.500000e+00	1.389506e+00	1.388802e+00	1.516567e+00	4.267332e+01	4.262593e+01	4.638868e+01	4.884661e+01	2.992170e+01	2.973747e+01	4.161814e+01	4.547654e+00	3.003419e+00	3.003034e+00	3.049639e+00
-2.450000e+00	1.335299e+00	1.334624e+00	1.477698e+00	4.043380e+01	4.038132e+01	4.432074e+01	4.650586e+01	2.891952e+01	2.885394e+01	3.937917e+01	4.496400e+00	2.862071e+00	2.861679e+00	2.913383e+00
-2.400000e+00	1.279805e+00	1.279306e+00	1.439556e+00	3.823948e+01	3.818371e+01	4.229194e+01	4.417734e+01	2.788524e+01	2.792111e+01	3.719073e+01	4.429903e+00	2.718532e+00	2.718138e+00	2.775439e+00
-2.350000e+00	1.223737e+00	1.223189e+00	1.402635e+00	3.609063e+01	3.603774e+01	4.029767e+01	4.186118e+01	2.682262e+01	2.694489e+01	3.506023e+01	4.348550e+00	2.573679e+00	2.573255e+00	2.636678e+00
-2.300000e+00	1.167609e+00	1.166645e+00	1.367602e+00	3.399310e+01	3.394925e+01	3.833586e+01	3.955748e+01	2.573486e+01	2.593089e+01	3.299318e+01	4.252946e+00	2.428380e+00	2.427893e+00	2.498029e+00
-2.250000e+00	1.111117e+00	1.110049e+00	1.335171e+00	3.196025e+01	3.192193e+01	3.641188e+01	3.727127e+01	2.464590e+01	2.487982e+01	3.099373e+01	4.143751e+00	2.283377e+00	2.282885e+00	2.360425e+00
-2.200000e+00	1.054675e+00	1.053771e+00	1.306341e+00	2.998104e+01	2.994066e+01	3.450455e+01	3.497539e+01	2.346300e+01	2.377012e+01	2.904713e+01	4.017889e+00	2.137741e+00	2.137301e+00	2.222876e+00
-2.150000e+00	9.989270e-01	9.986140e-01	1.281557e+00	2.806867e+01	2.802385e+01	3.261186e+01	3.270264e+01	2.226919e+01	2.263321e+01	2.717208e+01	3.880329e+00	1.994405e+00	1.994033e+00	2.088631e+00
-2.100000e+00	9.442150e-01	9.442630e-01	1.260563e+00	2.622103e+01	2.617071e+01	3.072959e+01	3.046385e+01	2.106352e+01	2.147410e+01	2.536879e+01	3.732503e+00	1.854129e+00	1.853778e+00	1.957930e+00
-2.050000e+00	8.908800e-01	8.909110e-01	1.243657e+00	2.443842e+01	2.438609e+01	2.884988e+01	2.826890e+01	1.985755e+01	2.030004e+01	2.363781e+01	3.576128e+00	1.717537e+00	1.717166e+00	1.831393e+00
-2.000000e+00	8.391770e-01	8.390390e-01	1.231221e+00	2.272352e+01	2.267346e+01	2.696602e+01	2.612983e+01	1.865821e+01	1.911864e+01	2.198126e+01	3.412735e+00	1.585192e+00	1.584785e+00	1.709670e+00
-1.950000e+00	7.892190e-01	7.892310e-01	1.223265e+00	2.108103e+01	2.103028e+01	2.507598e+01	2.406244e+01	1.745565e+01	1.793639e+01	2.040340e+01	3.243312e+00	1.457633e+00	1.457204e+00	1.593197e+00
-1.900000e+00	7.412650e-01	7.410940e-01	1.222438e+00	1.950550e+01	1.944795e+01	2.316529e+01	2.206301e+01	1.625517e+01	1.674655e+01	1.888957e+01	3.066859e+00	1.334110e+00	1.333622e+00	1.481949e+00
-1.850000e+00	6.949780e-01	6.945070e-01	1.226315e+00	1.800685e+01	1.794848e+01	2.132008e+01	2.014698e+01	1.508139e+01	1.557587e+01	1.745338e+01	2.887945e+00	1.216426e+00	1.215910e+00	1.377379e+00
-1.800000e+00	6.509070e-01	6.507160e-01	1.235302e+00	1.658235e+01	1.652708e+01	1.957765e+01	1.831672e+01	1.393842e+01	1.443000e+01	1.609298e+01	2.707995e+00	1.104898e+00	1.104409e+00	1.279192e+00
-1.750000e+00	6.093810e-01	6.096270e-01	1.250025e+00	1.523475e+01	1.518225e+01	1.793268e+01	1.657043e+01	1.283010e+01	1.331368e+01	1.480666e+01	2.528702e+00	9.997480e-01	9.992700e-01	1.187603e+00
-1.700000e+00	5.706190e-01	5.708240e-01	1.270340e+00	1.396419e+01	1.391294e+01	1.636570e+01	1.490892e+01	1.176024e+01	1.223118e+01	1.359332e+01	2.351409e+00	9.011090e-01	9.005740e-01	1.102762e+00
-1.650000e+00	5.348230e-01	5.343430e-01	1.294187e+00	1.276356e+01	1.271683e+01	1.486197e+01	1.333915e+01	1.073269e+01	1.118649e+01	1.245270e+01	2.176712e+00	8.090340e-01	8.084110e-01	1.024385e+00
-1.600000e+00	5.007360e-01	5.002420e-01	1.323282e+00	1.162367e+01	1.158224e+01	1.340063e+01	1.184383e+01	9.736439e+00	1.017133e+01	1.137089e+01	2.003344e+00	7.226360e-01	7.220380e-01	9.527990e-01
-1.550000e+00	4.690290e-01	4.690570e-01	1.355710e+00	1.055247e+01	1.051720e+01	1.200740e+01	1.044337e+01	8.790179e+00	9.202180e+00	1.036010e+01	1.835267e+00	6.429570e-01	6.424080e-01	8.877270e-01
-1.500000e+00	4.397710e-01	4.400150e-01	1.391799e+00	9.548604e+00	9.522969e+00	1.068596e+01	9.142545e+00	7.896542e+00	8.282698e+00	9.416799e+00	1.673078e+00	5.698140e-01	5.692600e-01	8.288730e-01
-1.450000e+00	4.130400e-01	4.131390e-01	1.431151e+00	8.611353e+00	8.594759e+00	9.440162e+00	7.943018e+00	7.056920e+00	7.415234e+00	8.536341e+00	1.517271e+00	5.030190e-01	5.024020e-01	7.758810e-01
-1.400000e+00	3.887980e-01	3.885550e-01	1.473037e+00	7.738844e+00	7.729013e+00	8.273694e+00	6.845155e+00	6.272334e+00	6.601511e+00	7.715165e+00	1.368366e+00	4.423880e-01	4.416800e-01	7.283630e-01
-1.350000e+00	3.667930e-01	3.659710e-01	1.516877e+00	6.927213e+00	6.927257e+00	7.189752e+00	5.848889e+00	5.543861e+00	5.843012e+00	6.951911e+00	1.226979e+00	3.877370e-01	3.869390e-01	6.859220e-01
-1.300000e+00	3.467860e-01	3.457420e-01	1.560430e+00	6.164973e+00	6.176239e+00	6.177632e+00	4.941958e+00	4.864346e+00	5.131425e+00	6.237815e+00	1.092301e+00	3.383250e-01	3.374610e-01	6.484250e-01
-1.250000e+00	3.285960e-01	3.273680e-01	1.602321e+00	5.463125e+00	5.485140e+00	5.253062e+00	4.135084e+00	4.243803e+00	4.477636e+00	5.576414e+00	9.663420e-01	2.942920e-01	2.933800e-01	6.148000e-01
-1.200000e+00	3.122300e-01	3.109210e-01	1.641722e+00	4.816047e+00	4.850108e+00	4.416758e+00	3.425851e+00	3.678616e+00	3.880615e+00	4.965711e+00	8.495460e-01	2.553780e-01	2.544210e-01	5.844950e-01
-1.150000e+00	2.976640e-01	2.961930e-01	1.677036e+00	4.222089e+00	4.268652e+00	3.668579e+00	2.808715e+00	3.167815e+00	3.338855e+00	4.401514e+00	7.416000e-01	2.212140e-01	2.201980e-01	5.569250e-01
-1.100000e+00	2.847360e-01	2.829220e-01	1.706837e+00	3.679593e+00	3.737752e+00	3.008472e+00	2.277889e+00	2.710214e+00	2.850661e+00	3.880572e+00	6.422760e-01	1.913900e-01	1.903040e-01	5.315360e-01
-1.050000e+00	2.730770e-01	2.709520e-01	1.730941e+00	3.185030e+00	3.253110e+00	2.436186e+00	1.828121e+00	2.303133e+00	2.414248e+00	3.402023e+00	5.517990e-01	1.654990e-01	1.643530e-01	5.078510e-01
-1.000000e+00	2.624930e-01	2.602490e-01	1.744150e+00	2.730473e+00	2.809018e+00	1.936771e+00	1.446372e+00	1.940857e+00	2.022666e+00	2.959223e+00	4.690060e-01	1.432150e-01	1.420480e-01	4.850660e-01
-9.500000e-01	2.530080e-01	2.508450e-01	1.747158e+00	2.322520e+00	2.409440e+00	1.515840e+00	1.131312e+00	1.624225e+00	1.678521e+00	2.555833e+00	3.950520e-01	1.242350e-01	1.230530e-01	4.623590e-01
-9.000000e-01	2.444650e-01	2.423040e-01	1.737408e+00	1.958105e+00	2.051154e+00	1.168776e+00	8.744890e-01	1.349918e+00	1.378817e+00	2.189558e+00	3.293550e-01	1.081600e-01	1.069500e-01	4.392280e-01
-8.500000e-01	2.367370e-01	2.344860e-01	1.713172e+00	1.635236e+00	1.730495e+00	8.871310e-01	6.688740e-01	1.114378e+00	1.120112e+00	1.858299e+00	2.715110e-01	9.467500e-02	9.341600e-02	4.152530e-01
-8.000000e-01	2.295790e-01	2.272060e-01	1.673684e+00	1.351601e+00	1.444670e+00	6.623650e-01	5.069100e-01	9.141340e-01	8.991600e-01	1.560927e+00	2.212570e-01	8.340700e-02	8.209200e-02	3.901570e-01
-7.500000e-01	2.225000e-01	2.199450e-01	1.619200e+00	1.104149e+00	1.192090e+00	4.867990e-01	3.805790e-01	7.458790e-01	7.130050e-01	1.297270e+00	1.783710e-01	7.388400e-02	7.252400e-02	3.638550e-01
-7.000000e-01	2.159340e-01	2.133110e-01	1.544537e+00	8.866720e-01	9.687270e-01	3.508560e-01	2.825640e-01	6.057880e-01	5.557110e-01	1.060086e+00	1.418650e-01	6.610900e-02	6.469800e-02	3.351180e-01
-6.500000e-01	2.095500e-01	2.065780e-01	1.452655e+00	7.017980e-01	7.754420e-01	2.493800e-01	2.088580e-01	4.911060e-01	4.262920e-01	8.516290e-01	1.106850e-01	6.001300e-02	5.852800e-02	3.048060e-01
-6.000000e-01	2.030070e-01	1.996680e-01	1.345479e+00	5.454390e-01	6.096550e-01	1.746330e-01	1.542920e-01	3.989910e-01	3.215420e-01	6.716350e-01	8.497300e-02	5.470000e-02	5.315300e-02	2.733060e-01
-5.500000e-01	1.963180e-01	1.926530e-01	1.225021e+00	4.157170e-01	4.695300e-01	1.207890e-01	1.144300e-01	3.263850e-01	2.383560e-01	5.193780e-01	6.434100e-02	4.986800e-02	4.825200e-02	2.410040e-01
-5.000000e-01	1.896590e-01	1.855290e-01	1.093965e+00	3.104240e-01	3.534440e-01	8.291200e-02	8.563600e-02	2.703210e-01	1.735450e-01	3.929510e-01	4.805900e-02	4.560200e-02	4.389300e-02	2.084380e-01
-4.500000e-01	1.832190e-01	1.780420e-01	9.559940e-01	2.265030e-01	2.596000e-01	5.679200e-02	6.504600e-02	2.281570e-01	1.239490e-01	2.895360e-01	3.528300e-02	4.222800e-02	4.041800e-02	1.763480e-01
-4.000000e-01	1.759860e-01	1.703270e-01	8.097290e-01	1.609810e-01	1.834520e-01	3.911000e-02	5.070600e-02	1.996010e-01	8.616300e-02	2.053650e-01	2.529800e-02	3.917100e-02	3.732400e-02	1.445630e-01
-3.500000e-01	1.683550e-01	1.625280e-01	6.646400e-01	1.120000e-01	1.257530e-01	2.750300e-02	4.088700e-02	1.818190e-01	5.860600e-02	1.404570e-01	1.792000e-02	3.629200e-02	3.444800e-02	1.148330e-01
-3.000000e-01	1.606100e-01	1.546170e-01	5.277910e-01	7.669800e-02	8.307500e-02	2.005900e-02	3.388400e-02	1.742670e-01	3.914300e-02	9.229500e-02	1.246500e-02	3.358100e-02	3.174700e-02	8.831700e-02
-2.500000e-01	1.528150e-01	1.466790e-01	4.064880e-01	5.207700e-02	5.287200e-02	1.515600e-02	2.853000e-02	1.763910e-01	2.581400e-02	5.857200e-02	8.466000e-03	3.098900e-02	2.915200e-02	6.595500e-02
-2.000000e-01	1.454310e-01	1.384640e-01	2.998500e-01	3.535200e-02	3.219200e-02	1.204800e-02	2.448400e-02	1.952130e-01	1.679500e-02	3.557300e-02	5.724000e-03	2.873400e-02	2.678700e-02	4.734500e-02
-1.500000e-01	1.387350e-01	1.301840e-01	2.141530e-01	2.428500e-02	1.931900e-02	9.816000e-03	2.120000e-02	2.400200e-01	1.053800e-02	2.112800e-02	4.844000e-03	2.557700e-02	2.352900e-02	3.297600e-02
-1.000000e-01	1.323340e-01	1.217960e-01	1.526600e-01	1.710200e-02	1.188600e-02	7.930000e-03	1.791900e-02	3.608680e-01	6.426000e-03	1.286600e-02	4.295900e-02	2.240600e-02	2.028800e-02	2.292100e-02
-5.000000e-02	1.259630e-01	1.131610e-01	1.138270e-01	1.204900e-02	7.614000e-03	6.032000e-03	1.462800e-02	8.230210e-01	3.320000e-03	8.286000e-03	2.275557e+00	1.672700e-02	1.489400e-02	1.437600e-02
0.000000e+00	1.213070e-01	1.073480e-01	9.766100e-02	9.510000e-03	5.749000e-03	4.619000e-03	1.252300e-02	1.642548e+00	1.224000e-03	6.389000e-03	5.702417e+01	7.773000e-03	6.866000e-03	6.195000e-03
