-8.900000e+00	6.500000e-05	6.500000e-05	6.500000e-05	6.600000e-05	6.500000e-05	1.210000e-04	3.950000e-04	4.160000e-04	5.040000e-04	0.000000e+00	1.310000e-04	1.320000e-04	1.320000e-04	1.320000e-04
-8.850000e+00	7.400000e-05	7.500000e-05	7.400000e-05	7.400000e-05	7.300000e-05	1.350000e-04	4.440000e-04	4.660000e-04	5.660000e-04	0.000000e+00	1.470000e-04	1.490000e-04	1.490000e-04	1.490000e-04
-8.800000e+00	8.200000e-05	8.200000e-05	8.200000e-05	8.100000e-05	8.000000e-05	1.480000e-04	4.980000e-04	5.080000e-04	6.230000e-04	0.000000e+00	1.620000e-04	1.650000e-04	1.650000e-04	1.650000e-04
-8.750000e+00	8.900000e-05	8.900000e-05	8.800000e-05	8.900000e-05	8.700000e-05	1.620000e-04	5.550000e-04	5.600000e-04	6.800000e-04	0.000000e+00	1.760000e-04	1.800000e-04	1.800000e-04	1.800000e-04
-8.700000e+00	9.700000e-05	9.600000e-05	9.500000e-05	9.600000e-05	9.500000e-05	1.760000e-04	6.190000e-04	6.150000e-04	7.390000e-04	0.000000e+00	1.910000e-04	1.950000e-04	1.950000e-04	1.960000e-04
-8.650000e+00	1.050000e-04	1.040000e-04	1.030000e-04	1.050000e-04	1.030000e-04	1.920000e-04	6.940000e-04	6.770000e-04	8.050000e-04	0.000000e+00	2.080000e-04	2.120000e-04	2.120000e-04	2.140000e-04
-8.600000e+00	1.120000e-04	1.140000e-04	1.130000e-04	1.150000e-04	1.120000e-04	2.100000e-04	7.820000e-04	7.480000e-04	8.800000e-04	0.000000e+00	2.260000e-04	2.310000e-04	2.310000e-04	2.350000e-04
-8.550000e+00	1.230000e-04	1.230000e-04	1.240000e-04	1.250000e-04	1.230000e-04	2.310000e-04	8.720000e-04	8.230000e-04	9.630000e-04	0.000000e+00	2.470000e-04	2.530000e-04	2.530000e-04	2.600000e-04
-8.500000e+00	1.350000e-04	1.340000e-04	1.360000e-04	1.370000e-04	1.330000e-04	2.530000e-04	9.600000e-04	9.040000e-04	1.051000e-03	0.000000e+00	2.690000e-04	2.760000e-04	2.750000e-04	2.850000e-04
-8.450000e+00	1.470000e-04	1.460000e-04	1.500000e-04	1.480000e-04	1.440000e-04	2.780000e-04	1.075000e-03	9.930000e-04	1.144000e-03	2.000000e-06	2.920000e-04	2.990000e-04	2.990000e-04	3.130000e-04
-8.400000e+00	1.600000e-04	1.590000e-04	1.630000e-04	1.610000e-04	1.570000e-04	3.030000e-04	1.187000e-03	1.084000e-03	1.249000e-03	3.000000e-06	3.190000e-04	3.260000e-04	3.260000e-04	3.450000e-04
-8.350000e+00	1.730000e-04	1.710000e-04	1.780000e-04	1.740000e-04	1.710000e-04	3.290000e-04	1.297000e-03	1.182000e-03	1.361000e-03	3.000000e-06	3.470000e-04	3.540000e-04	3.540000e-04	3.810000e-04
-8.300000e+00	1.840000e-04	1.830000e-04	1.930000e-04	1.880000e-04	1.840000e-04	3.550000e-04	1.427000e-03	1.292000e-03	1.472000e-03	3.000000e-06	3.720000e-04	3.790000e-04	3.790000e-04	4.170000e-04
-8.250000e+00	1.940000e-04	1.940000e-04	2.070000e-04	2.000000e-04	1.950000e-04	3.810000e-04	1.600000e-03	1.383000e-03	1.573000e-03	4.000000e-06	3.950000e-04	4.010000e-04	4.010000e-04	4.490000e-04
-8.200000e+00	2.060000e-04	2.060000e-04	2.230000e-04	2.130000e-04	2.090000e-04	4.100000e-04	1.780000e-03	1.508000e-03	1.684000e-03	5.000000e-06	4.210000e-04	4.240000e-04	4.240000e-04	4.810000e-04
-8.150000e+00	2.180000e-04	2.190000e-04	2.390000e-04	2.270000e-04	2.240000e-04	4.420000e-04	1.986000e-03	1.646000e-03	1.805000e-03	7.000000e-06	4.500000e-04	4.510000e-04	4.510000e-04	5.180000e-04
-8.100000e+00	2.330000e-04	2.320000e-04	2.590000e-04	2.440000e-04	2.400000e-04	4.760000e-04	2.192000e-03	1.787000e-03	1.938000e-03	9.000000e-06	4.810000e-04	4.800000e-04	4.800000e-04	5.580000e-04
-8.050000e+00	2.490000e-04	2.440000e-04	2.840000e-04	2.630000e-04	2.550000e-04	5.140000e-04	2.401000e-03	1.940000e-03	2.085000e-03	1.100000e-05	5.140000e-04	5.110000e-04	5.110000e-04	6.070000e-04
-8.000000e+00	2.620000e-04	2.590000e-04	3.160000e-04	2.810000e-04	2.730000e-04	5.580000e-04	2.633000e-03	2.116000e-03	2.246000e-03	1.700000e-05	5.500000e-04	5.430000e-04	5.420000e-04	6.660000e-04
-7.950000e+00	2.740000e-04	2.730000e-04	3.530000e-04	3.000000e-04	2.910000e-04	6.020000e-04	2.896000e-03	2.292000e-03	2.407000e-03	2.100000e-05	5.850000e-04	5.720000e-04	5.720000e-04	7.300000e-04
-7.900000e+00	2.850000e-04	2.870000e-04	3.880000e-04	3.190000e-04	3.120000e-04	6.450000e-04	3.189000e-03	2.466000e-03	2.558000e-03	2.900000e-05	6.180000e-04	5.990000e-04	5.990000e-04	7.830000e-04
-7.850000e+00	3.000000e-04	3.030000e-04	4.220000e-04	3.450000e-04	3.410000e-04	6.940000e-04	3.498000e-03	2.654000e-03	2.716000e-03	4.000000e-05	6.540000e-04	6.280000e-04	6.280000e-04	8.410000e-04
-7.800000e+00	3.160000e-04	3.180000e-04	4.670000e-04	3.790000e-04	3.710000e-04	7.450000e-04	3.809000e-03	2.865000e-03	2.890000e-03	5.500000e-05	6.920000e-04	6.580000e-04	6.580000e-04	9.150000e-04
-7.750000e+00	3.320000e-04	3.330000e-04	5.250000e-04	4.130000e-04	4.030000e-04	8.010000e-04	4.137000e-03	3.103000e-03	3.077000e-03	7.800000e-05	7.330000e-04	6.880000e-04	6.880000e-04	1.007000e-03
-7.700000e+00	3.490000e-04	3.520000e-04	6.000000e-04	4.460000e-04	4.390000e-04	8.650000e-04	4.503000e-03	3.365000e-03	3.271000e-03	1.040000e-04	7.750000e-04	7.180000e-04	7.180000e-04	1.113000e-03
-7.650000e+00	3.670000e-04	3.700000e-04	7.320000e-04	4.950000e-04	4.820000e-04	9.490000e-04	4.890000e-03	3.651000e-03	3.473000e-03	1.380000e-04	8.190000e-04	7.480000e-04	7.480000e-04	1.227000e-03
-7.600000e+00	4.000000e-04	4.010000e-04	1.010000e-03	5.600000e-04	5.450000e-04	1.039000e-03	5.327000e-03	3.971000e-03	3.696000e-03	1.710000e-04	8.700000e-04	7.850000e-04	7.840000e-04	1.398000e-03
-7.550000e+00	4.580000e-04	4.560000e-04	1.597000e-03	6.240000e-04	6.170000e-04	1.143000e-03	5.733000e-03	4.292000e-03	3.942000e-03	2.220000e-04	9.210000e-04	8.240000e-04	8.230000e-04	1.631000e-03
-7.500000e+00	5.740000e-04	5.660000e-04	2.865000e-03	6.940000e-04	7.110000e-04	1.257000e-03	6.157000e-03	4.663000e-03	4.209000e-03	2.850000e-04	9.740000e-04	8.700000e-04	8.690000e-04	1.945000e-03
-7.450000e+00	8.340000e-04	8.120000e-04	5.263000e-03	7.820000e-04	8.240000e-04	1.387000e-03	6.627000e-03	5.096000e-03	4.499000e-03	3.660000e-04	1.029000e-03	9.330000e-04	9.310000e-04	2.354000e-03
-7.400000e+00	1.438000e-03	1.388000e-03	8.874000e-03	9.060000e-04	9.490000e-04	1.548000e-03	7.135000e-03	5.575000e-03	4.809000e-03	4.860000e-04	1.085000e-03	1.029000e-03	1.026000e-03	2.858000e-03
-7.350000e+00	2.809000e-03	2.745000e-03	1.319000e-02	1.087000e-03	1.115000e-03	1.760000e-03	7.603000e-03	6.089000e-03	5.144000e-03	6.590000e-04	1.142000e-03	1.187000e-03	1.185000e-03	3.424000e-03
-7.300000e+00	4.699000e-03	4.679000e-03	1.799900e-02	1.322000e-03	1.339000e-03	2.023000e-03	8.180000e-03	6.706000e-03	5.526000e-03	8.670000e-04	1.210000e-03	1.421000e-03	1.423000e-03	4.059000e-03
-7.250000e+00	6.869000e-03	6.943000e-03	2.410000e-02	1.607000e-03	1.631000e-03	2.322000e-03	8.698000e-03	7.373000e-03	5.948000e-03	1.125000e-03	1.274000e-03	1.686000e-03	1.693000e-03	4.776000e-03
-7.200000e+00	9.234000e-03	9.321000e-03	3.239400e-02	1.982000e-03	2.011000e-03	2.698000e-03	9.281000e-03	8.089000e-03	6.423000e-03	1.473000e-03	1.335000e-03	1.971000e-03	1.980000e-03	5.523000e-03
-7.150000e+00	1.169500e-02	1.172600e-02	4.407600e-02	2.474000e-03	2.493000e-03	3.196000e-03	9.978000e-03	8.850000e-03	6.940000e-03	1.940000e-03	1.397000e-03	2.269000e-03	2.278000e-03	6.260000e-03
-7.100000e+00	1.414900e-02	1.418500e-02	5.859000e-02	3.086000e-03	3.094000e-03	3.850000e-03	1.079800e-02	9.632000e-03	7.485000e-03	2.534000e-03	1.460000e-03	2.579000e-03	2.586000e-03	6.923000e-03
-7.050000e+00	1.670000e-02	1.666800e-02	6.827300e-02	3.795000e-03	3.848000e-03	4.645000e-03	1.176500e-02	1.035900e-02	8.079000e-03	3.250000e-03	1.520000e-03	2.896000e-03	2.902000e-03	7.381000e-03
-7.000000e+00	1.905200e-02	1.898000e-02	7.261300e-02	4.772000e-03	4.811000e-03	5.670000e-03	1.298700e-02	1.109100e-02	8.770000e-03	4.239000e-03	1.578000e-03	3.231000e-03	3.218000e-03	7.737000e-03
-6.950000e+00	2.142000e-02	2.137900e-02	7.567700e-02	6.023000e-03	6.050000e-03	6.966000e-03	1.444500e-02	1.191200e-02	9.577000e-03	5.493000e-03	1.648000e-03	3.570000e-03	3.565000e-03	8.082000e-03
-6.900000e+00	2.381100e-02	2.383400e-02	7.815700e-02	7.601000e-03	7.629000e-03	8.601000e-03	1.626000e-02	1.282800e-02	1.050100e-02	7.049000e-03	1.725000e-03	3.919000e-03	3.926000e-03	8.427000e-03
-6.850000e+00	2.621700e-02	2.635700e-02	8.033800e-02	9.592000e-03	9.627000e-03	1.065100e-02	1.857500e-02	1.389600e-02	1.160000e-02	9.003000e-03	1.816000e-03	4.284000e-03	4.299000e-03	8.782000e-03
-6.800000e+00	2.862700e-02	2.891600e-02	8.232500e-02	1.212000e-02	1.213400e-02	1.322300e-02	2.150900e-02	1.520300e-02	1.295400e-02	1.149900e-02	1.928000e-03	4.673000e-03	4.693000e-03	9.156000e-03
-6.750000e+00	3.105900e-02	3.128600e-02	8.436200e-02	1.535000e-02	1.525300e-02	1.650100e-02	2.505000e-02	1.682200e-02	1.458700e-02	1.464500e-02	2.061000e-03	5.088000e-03	5.107000e-03	9.563000e-03
-6.700000e+00	3.330900e-02	3.360100e-02	8.656600e-02	1.949300e-02	1.930800e-02	2.071000e-02	2.957300e-02	1.878800e-02	1.653000e-02	1.862700e-02	2.216000e-03	5.535000e-03	5.559000e-03	1.000700e-02
-6.650000e+00	3.579100e-02	3.610900e-02	8.873700e-02	2.467000e-02	2.450800e-02	2.596300e-02	3.524500e-02	2.113400e-02	1.885400e-02	2.379400e-02	2.394000e-03	6.013000e-03	6.056000e-03	1.048800e-02
-6.600000e+00	3.836100e-02	3.859600e-02	9.082300e-02	3.119500e-02	3.097100e-02	3.251100e-02	4.225500e-02	2.393000e-02	2.161600e-02	3.019500e-02	2.605000e-03	6.549000e-03	6.585000e-03	1.101400e-02
-6.550000e+00	4.103700e-02	4.107300e-02	9.290000e-02	3.934600e-02	3.899500e-02	4.064300e-02	5.094500e-02	2.731600e-02	2.492800e-02	3.809100e-02	2.856000e-03	7.146000e-03	7.167000e-03	1.159800e-02
-6.500000e+00	4.379500e-02	4.364500e-02	9.510800e-02	4.942900e-02	4.906900e-02	5.076600e-02	6.181000e-02	3.146700e-02	2.895000e-02	4.793900e-02	3.152000e-03	7.804000e-03	7.834000e-03	1.225200e-02
-6.450000e+00	4.625200e-02	4.630300e-02	9.757000e-02	6.207200e-02	6.170000e-02	6.363700e-02	7.538300e-02	3.651900e-02	3.383100e-02	6.010300e-02	3.493000e-03	8.531000e-03	8.580000e-03	1.298400e-02
-6.400000e+00	4.885700e-02	4.866100e-02	1.002350e-01	7.758400e-02	7.745200e-02	7.963100e-02	9.231500e-02	4.268900e-02	3.975800e-02	7.577000e-02	3.897000e-03	9.354000e-03	9.410000e-03	1.381000e-02
-6.350000e+00	5.144400e-02	5.141800e-02	1.027550e-01	9.716000e-02	9.706300e-02	9.933200e-02	1.129560e-01	5.021200e-02	4.694200e-02	9.528600e-02	4.369000e-03	1.029200e-02	1.036100e-02	1.474200e-02
-6.300000e+00	5.410900e-02	5.432500e-02	1.048650e-01	1.214910e-01	1.211780e-01	1.238230e-01	1.385600e-01	5.935000e-02	5.564700e-02	1.192630e-01	4.926000e-03	1.136600e-02	1.145100e-02	1.580000e-02
-6.250000e+00	5.681100e-02	5.725300e-02	1.069180e-01	1.512940e-01	1.508680e-01	1.539360e-01	1.702250e-01	7.043200e-02	6.622000e-02	1.487420e-01	5.581000e-03	1.259900e-02	1.269900e-02	1.701500e-02
-6.200000e+00	5.953300e-02	6.015400e-02	1.093610e-01	1.876450e-01	1.875940e-01	1.905870e-01	2.089150e-01	8.389000e-02	7.908400e-02	1.851390e-01	6.351000e-03	1.401700e-02	1.413100e-02	1.841700e-02
-6.150000e+00	6.249700e-02	6.299900e-02	1.121500e-01	2.327980e-01	2.328080e-01	2.359880e-01	2.558170e-01	1.003410e-01	9.469600e-02	2.297690e-01	7.248000e-03	1.564800e-02	1.578200e-02	2.002600e-02
-6.100000e+00	6.547900e-02	6.606900e-02	1.146000e-01	2.881200e-01	2.876670e-01	2.917510e-01	3.134330e-01	1.203550e-01	1.133940e-01	2.840260e-01	8.305000e-03	1.753300e-02	1.769300e-02	2.189600e-02
-6.050000e+00	6.862200e-02	6.934800e-02	1.172560e-01	3.550410e-01	3.544420e-01	3.591480e-01	3.830940e-01	1.445340e-01	1.360740e-01	3.503370e-01	9.533000e-03	1.970800e-02	1.989500e-02	2.405400e-02
-6.000000e+00	7.195700e-02	7.256600e-02	1.201210e-01	4.360630e-01	4.359050e-01	4.411870e-01	4.680300e-01	1.736560e-01	1.633890e-01	4.308440e-01	1.095900e-02	2.222600e-02	2.244000e-02	2.655800e-02
-5.950000e+00	7.545400e-02	7.592200e-02	1.232700e-01	5.342500e-01	5.347550e-01	5.403790e-01	5.707460e-01	2.086000e-01	1.961320e-01	5.281720e-01	1.261800e-02	2.514400e-02	2.538300e-02	2.945800e-02
-5.900000e+00	7.910700e-02	7.965500e-02	1.266530e-01	6.528670e-01	6.536100e-01	6.591580e-01	6.933490e-01	2.504590e-01	2.353160e-01	6.454340e-01	1.457100e-02	2.852000e-02	2.878300e-02	3.281100e-02
-5.850000e+00	8.304900e-02	8.347300e-02	1.298630e-01	7.944250e-01	7.954390e-01	8.016580e-01	8.392640e-01	3.007910e-01	2.822950e-01	7.860510e-01	1.694600e-02	3.242100e-02	3.271000e-02	3.667900e-02
-5.800000e+00	8.683000e-02	8.740400e-02	1.332240e-01	9.633650e-01	9.640300e-01	9.712480e-01	1.013129e+00	3.598470e-01	3.373790e-01	9.529130e-01	1.941900e-02	3.692900e-02	3.725500e-02	4.142300e-02
-5.750000e+00	9.097800e-02	9.172500e-02	1.372830e-01	1.164698e+00	1.164798e+00	1.171983e+00	1.219495e+00	4.300420e-01	4.028110e-01	1.151845e+00	2.236600e-02	4.211500e-02	4.248900e-02	4.646800e-02
-5.700000e+00	9.538000e-02	9.638100e-02	1.416430e-01	1.402233e+00	1.401644e+00	1.409617e+00	1.463396e+00	5.128470e-01	4.798910e-01	1.386943e+00	2.579000e-02	4.807100e-02	4.849300e-02	5.230200e-02
-5.650000e+00	1.001630e-01	1.014600e-01	1.461350e-01	1.680899e+00	1.679865e+00	1.689564e+00	1.750002e+00	6.099530e-01	5.701560e-01	1.663368e+00	2.973500e-02	5.489900e-02	5.537200e-02	5.910700e-02
-5.600000e+00	1.054990e-01	1.070850e-01	1.508950e-01	2.006664e+00	2.005696e+00	2.016887e+00	2.084935e+00	7.233120e-01	6.754070e-01	1.986882e+00	3.426300e-02	6.271300e-02	6.324100e-02	6.689000e-02
-5.550000e+00	1.113550e-01	1.132620e-01	1.564400e-01	2.385713e+00	2.384540e+00	2.396984e+00	2.475191e+00	8.551620e-01	7.976690e-01	2.362319e+00	3.939200e-02	7.164100e-02	7.222600e-02	7.578600e-02
-5.500000e+00	1.176280e-01	1.196310e-01	1.622460e-01	2.820413e+00	2.821154e+00	2.832953e+00	2.922722e+00	1.006570e+00	9.383080e-01	2.793747e+00	4.523500e-02	8.176700e-02	8.241700e-02	8.588700e-02
-5.450000e+00	1.245570e-01	1.266660e-01	1.686640e-01	3.321743e+00	3.320948e+00	3.336809e+00	3.439194e+00	1.180595e+00	1.099593e+00	3.290558e+00	5.186600e-02	9.324300e-02	9.396900e-02	9.733300e-02
-5.400000e+00	1.319730e-01	1.342920e-01	1.756340e-01	3.894767e+00	3.892914e+00	3.912209e+00	4.029577e+00	1.379375e+00	1.283848e+00	3.859432e+00	5.936400e-02	1.062060e-01	1.070220e-01	1.102650e-01
-5.350000e+00	1.399470e-01	1.426710e-01	1.832110e-01	4.546162e+00	4.544555e+00	4.565486e+00	4.700351e+00	1.605270e+00	1.493141e+00	4.506882e+00	6.781600e-02	1.208030e-01	1.217200e-01	1.248270e-01
-5.300000e+00	1.486140e-01	1.519480e-01	1.914480e-01	5.283473e+00	5.282240e+00	5.304284e+00	5.459002e+00	1.860725e+00	1.729479e+00	5.238880e+00	7.731500e-02	1.371880e-01	1.382080e-01	1.411660e-01
-5.250000e+00	1.579270e-01	1.618820e-01	2.002650e-01	6.112803e+00	6.113058e+00	6.133338e+00	6.312170e+00	2.147932e+00	1.995378e+00	6.060333e+00	8.795400e-02	1.555300e-01	1.566600e-01	1.594540e-01
-5.200000e+00	1.679320e-01	1.726850e-01	2.098670e-01	7.031021e+00	7.032739e+00	7.054470e+00	7.254333e+00	2.466135e+00	2.289859e+00	6.968431e+00	9.977300e-02	1.758730e-01	1.771340e-01	1.797460e-01
-5.150000e+00	1.788830e-01	1.843890e-01	2.203150e-01	8.049557e+00	8.050818e+00	8.076003e+00	8.297688e+00	2.819211e+00	2.616579e+00	7.977867e+00	1.129210e-01	1.984390e-01	1.998460e-01	2.022530e-01
-5.100000e+00	1.909710e-01	1.970960e-01	2.315120e-01	9.173258e+00	9.171433e+00	9.200753e+00	9.445844e+00	3.208474e+00	2.976923e+00	9.091087e+00	1.274950e-01	2.233810e-01	2.249630e-01	2.271400e-01
-5.050000e+00	2.040860e-01	2.108750e-01	2.438710e-01	1.040436e+01	1.039968e+01	1.043329e+01	1.070313e+01	3.635133e+00	3.371986e+00	1.031050e+01	1.435830e-01	2.508490e-01	2.526370e-01	2.545560e-01
-5.000000e+00	2.180520e-01	2.258650e-01	2.576270e-01	1.174395e+01	1.173989e+01	1.177776e+01	1.207358e+01	4.100089e+00	3.802504e+00	1.163842e+01	1.612730e-01	2.809860e-01	2.830080e-01	2.846380e-01
-4.950000e+00	2.329570e-01	2.424370e-01	2.719440e-01	1.319529e+01	1.319219e+01	1.323318e+01	1.355879e+01	4.603548e+00	4.268745e+00	1.307657e+01	1.806730e-01	3.139280e-01	3.162180e-01	3.175020e-01
-4.900000e+00	2.491380e-01	2.603190e-01	2.873810e-01	1.473607e+01	1.473153e+01	1.477990e+01	1.513757e+01	5.139665e+00	4.766290e+00	1.460224e+01	2.017600e-01	3.495520e-01	3.521330e-01	3.530510e-01
-4.850000e+00	2.666380e-01	2.801270e-01	3.040900e-01	1.637936e+01	1.637384e+01	1.642889e+01	1.682225e+01	5.712227e+00	5.297872e+00	1.623186e+01	2.247180e-01	3.881420e-01	3.910580e-01	3.915580e-01
-4.800000e+00	2.853890e-01	3.021990e-01	3.219940e-01	1.812361e+01	1.811739e+01	1.817619e+01	1.861128e+01	6.319941e+00	5.862268e+00	1.795785e+01	2.496540e-01	4.297740e-01	4.330640e-01	4.331000e-01
-4.750000e+00	3.053420e-01	3.266910e-01	3.410560e-01	1.996079e+01	1.995384e+01	2.001536e+01	2.049665e+01	6.960908e+00	6.457818e+00	1.977159e+01	2.766510e-01	4.745150e-01	4.781880e-01	4.777410e-01
-4.700000e+00	3.263840e-01	3.532550e-01	3.612210e-01	2.187931e+01	2.187117e+01	2.193800e+01	2.246798e+01	7.632684e+00	7.082568e+00	2.166598e+01	3.057710e-01	5.224140e-01	5.264160e-01	5.255300e-01
-4.650000e+00	3.482520e-01	3.805750e-01	3.823370e-01	2.386986e+01	2.385938e+01	2.393473e+01	2.452006e+01	8.332389e+00	7.734487e+00	2.363914e+01	3.370510e-01	5.734790e-01	5.776530e-01	5.764870e-01
-4.600000e+00	3.716920e-01	4.053090e-01	4.048440e-01	2.589139e+01	2.588297e+01	2.596544e+01	2.660801e+01	9.046475e+00	8.401393e+00	2.564698e+01	3.702960e-01	6.272170e-01	6.314180e-01	6.300950e-01
-4.550000e+00	3.961630e-01	4.305600e-01	4.279970e-01	2.795383e+01	2.794788e+01	2.804106e+01	2.875090e+01	9.779996e+00	9.087711e+00	2.769335e+01	4.057740e-01	6.839940e-01	6.881900e-01	6.867260e-01
-4.500000e+00	4.217360e-01	4.564020e-01	4.523420e-01	3.005149e+01	3.004302e+01	3.014980e+01	3.092998e+01	1.052879e+01	9.789776e+00	2.977162e+01	4.435120e-01	7.437280e-01	7.478910e-01	7.463070e-01
-4.450000e+00	4.484290e-01	4.829710e-01	4.777110e-01	3.216799e+01	3.215492e+01	3.227638e+01	3.312957e+01	1.128800e+01	1.050338e+01	3.186611e+01	4.835200e-01	8.062900e-01	8.103970e-01	8.087130e-01
-4.400000e+00	4.762660e-01	5.104120e-01	5.038810e-01	3.428155e+01	3.426763e+01	3.440386e+01	3.533616e+01	1.205255e+01	1.122421e+01	3.395746e+01	5.257860e-01	8.715170e-01	8.755530e-01	8.737810e-01
-4.350000e+00	5.053440e-01	5.388120e-01	5.314420e-01	3.637380e+01	3.636271e+01	3.651647e+01	3.753648e+01	1.281803e+01	1.194840e+01	3.603104e+01	5.702800e-01	9.392370e-01	9.431820e-01	9.413420e-01
-4.300000e+00	5.352170e-01	5.680960e-01	5.594570e-01	3.839757e+01	3.838613e+01	3.855949e+01	3.967213e+01	1.356792e+01	1.266025e+01	3.803192e+01	6.168370e-01	1.008525e+00	1.012397e+00	1.010479e+00
-4.250000e+00	5.654500e-01	5.981530e-01	5.880270e-01	4.037053e+01	4.036016e+01	4.054880e+01	4.176474e+01	1.430868e+01	1.336712e+01	3.998090e+01	6.655870e-01	1.079781e+00	1.083578e+00	1.081596e+00
-4.200000e+00	5.963000e-01	6.285550e-01	6.173600e-01	4.227566e+01	4.226888e+01	4.247059e+01	4.379956e+01	1.503683e+01	1.406535e+01	4.186403e+01	7.165620e-01	1.152757e+00	1.156453e+00	1.154431e+00
-4.150000e+00	6.277760e-01	6.591090e-01	6.471900e-01	4.410159e+01	4.409634e+01	4.431304e+01	4.576487e+01	1.574850e+01	1.475176e+01	4.366727e+01	7.697130e-01	1.227132e+00	1.230706e+00	1.228655e+00
-4.100000e+00	6.597250e-01	6.898790e-01	6.772170e-01	4.583801e+01	4.582819e+01	4.606555e+01	4.765004e+01	1.644030e+01	1.542364e+01	4.537658e+01	8.249450e-01	1.302532e+00	1.305980e+00	1.303898e+00
-4.050000e+00	6.919610e-01	7.212050e-01	7.076650e-01	4.746957e+01	4.745370e+01	4.771774e+01	4.944266e+01	1.711039e+01	1.607886e+01	4.697800e+01	8.821750e-01	1.378564e+00	1.381898e+00	1.379787e+00
-4.000000e+00	7.239420e-01	7.522780e-01	7.376450e-01	4.894698e+01	4.892490e+01	4.922143e+01	5.108790e+01	1.774454e+01	1.670485e+01	4.842389e+01	9.407500e-01	1.453874e+00	1.457094e+00	1.454977e+00
-3.950000e+00	7.561230e-01	7.832440e-01	7.684430e-01	5.029780e+01	5.027923e+01	5.060913e+01	5.262043e+01	1.835418e+01	1.731420e+01	4.975551e+01	1.001051e+00	1.528998e+00	1.532088e+00	1.529999e+00
-3.900000e+00	7.879920e-01	8.140790e-01	7.990100e-01	5.152611e+01	5.151176e+01	5.187539e+01	5.403762e+01	1.893925e+01	1.790597e+01	5.096196e+01	1.063085e+00	1.603566e+00	1.606521e+00	1.604478e+00
-3.850000e+00	8.193080e-01	8.445550e-01	8.289770e-01	5.262810e+01	5.261488e+01	5.301236e+01	5.533504e+01	1.949986e+01	1.847970e+01	5.203911e+01	1.126715e+00	1.677144e+00	1.679964e+00	1.677978e+00
-3.800000e+00	8.500130e-01	8.744090e-01	8.583190e-01	5.359724e+01	5.358362e+01	5.401547e+01	5.651056e+01	2.003642e+01	1.903550e+01	5.298588e+01	1.191723e+00	1.749265e+00	1.751951e+00	1.750030e+00
-3.750000e+00	8.801090e-01	9.035490e-01	8.869410e-01	5.443053e+01	5.442169e+01	5.488997e+01	5.756887e+01	2.054978e+01	1.957412e+01	5.379993e+01	1.257907e+00	1.819471e+00	1.822012e+00	1.820179e+00
-3.700000e+00	9.088350e-01	9.310570e-01	9.140550e-01	5.510003e+01	5.508479e+01	5.560685e+01	5.845697e+01	2.103042e+01	2.008871e+01	5.444709e+01	1.324453e+00	1.886043e+00	1.888446e+00	1.886718e+00
-3.650000e+00	9.363160e-01	9.575670e-01	9.401550e-01	5.563254e+01	5.561215e+01	5.619311e+01	5.921607e+01	2.148846e+01	2.058863e+01	5.496130e+01	1.391855e+00	1.949756e+00	1.952024e+00	1.950431e+00
-3.600000e+00	9.627360e-01	9.826300e-01	9.653570e-01	5.602332e+01	5.600714e+01	5.664693e+01	5.985162e+01	2.192502e+01	2.107315e+01	5.534455e+01	1.459868e+00	2.010105e+00	2.012225e+00	2.010801e+00
-3.550000e+00	9.878570e-01	1.006120e+00	9.893880e-01	5.628008e+01	5.626914e+01	5.697074e+01	6.035839e+01	2.234050e+01	2.154343e+01	5.559237e+01	1.528206e+00	2.066668e+00	2.068633e+00	2.067416e+00
-3.500000e+00	1.011307e+00	1.027972e+00	1.011913e+00	5.641017e+01	5.639672e+01	5.716832e+01	6.073159e+01	2.273500e+01	2.200061e+01	5.570155e+01	1.596559e+00	2.119044e+00	2.120856e+00	2.119887e+00
-3.450000e+00	1.032904e+00	1.047901e+00	1.032907e+00	5.640735e+01	5.639097e+01	5.724174e+01	6.097862e+01	2.310886e+01	2.244366e+01	5.567807e+01	1.664622e+00	2.166764e+00	2.168424e+00	2.167743e+00
-3.400000e+00	1.051729e+00	1.065940e+00	1.051761e+00	5.624603e+01	5.623226e+01	5.716278e+01	6.106305e+01	2.345521e+01	2.286680e+01	5.550706e+01	1.731250e+00	2.207887e+00	2.209411e+00	2.209058e+00
-3.350000e+00	1.068326e+00	1.081666e+00	1.068453e+00	5.595933e+01	5.594850e+01	5.696330e+01	6.101687e+01	2.378206e+01	2.327463e+01	5.521187e+01	1.796896e+00	2.243578e+00	2.244942e+00	2.244971e+00
-3.300000e+00	1.082786e+00	1.094789e+00	1.082965e+00	5.555863e+01	5.553636e+01	5.664910e+01	6.084415e+01	2.408888e+01	2.366661e+01	5.479686e+01	1.861096e+00	2.273489e+00	2.274698e+00	2.275156e+00
-3.250000e+00	1.094998e+00	1.105495e+00	1.095333e+00	5.504350e+01	5.500780e+01	5.622768e+01	6.055198e+01	2.437445e+01	2.404237e+01	5.426591e+01	1.923416e+00	2.297343e+00	2.298405e+00	2.299341e+00
-3.200000e+00	1.104738e+00	1.113848e+00	1.105670e+00	5.441211e+01	5.437399e+01	5.570438e+01	6.014467e+01	2.463748e+01	2.440087e+01	5.362347e+01	1.983420e+00	2.314873e+00	2.315788e+00	2.317265e+00
-3.150000e+00	1.111772e+00	1.119149e+00	1.114185e+00	5.367121e+01	5.363008e+01	5.507861e+01	5.961829e+01	2.487710e+01	2.473972e+01	5.287554e+01	2.040622e+00	2.325766e+00	2.326523e+00	2.328629e+00
-3.100000e+00	1.115205e+00	1.121925e+00	1.119742e+00	5.280219e+01	5.275916e+01	5.432840e+01	5.895966e+01	2.508277e+01	2.504730e+01	5.200477e+01	2.093158e+00	2.328196e+00	2.328793e+00	2.331613e+00
-3.050000e+00	1.116166e+00	1.121805e+00	1.122783e+00	5.183740e+01	5.179554e+01	5.350217e+01	5.819003e+01	2.526103e+01	2.532833e+01	5.104392e+01	2.141796e+00	2.323722e+00	2.324157e+00	2.327764e+00
-3.000000e+00	1.114518e+00	1.118953e+00	1.123709e+00	5.078478e+01	5.074862e+01	5.259710e+01	5.731593e+01	2.540889e+01	2.557918e+01	4.999394e+01	2.185913e+00	2.312287e+00	2.312569e+00	2.317051e+00
-2.950000e+00	1.110031e+00	1.113382e+00	1.122561e+00	4.965221e+01	4.962065e+01	5.161864e+01	5.634440e+01	2.552226e+01	2.579690e+01	4.886021e+01	2.225025e+00	2.293915e+00	2.294046e+00	2.299500e+00
-2.900000e+00	1.102668e+00	1.104978e+00	1.119271e+00	4.844716e+01	4.841543e+01	5.057522e+01	5.528305e+01	2.559814e+01	2.597789e+01	4.765140e+01	2.258706e+00	2.268693e+00	2.268667e+00	2.275198e+00
-2.850000e+00	1.092851e+00	1.093518e+00	1.113939e+00	4.717637e+01	4.714602e+01	4.947353e+01	5.414001e+01	2.563662e+01	2.611643e+01	4.637849e+01	2.286497e+00	2.236757e+00	2.236568e+00	2.244290e+00
-2.800000e+00	1.079514e+00	1.079292e+00	1.106183e+00	4.581989e+01	4.578953e+01	4.830558e+01	5.288825e+01	2.562017e+01	2.619640e+01	4.502558e+01	2.306063e+00	2.196548e+00	2.196204e+00	2.205290e+00
-2.750000e+00	1.063488e+00	1.062149e+00	1.097338e+00	4.441336e+01	4.438021e+01	4.709075e+01	5.156688e+01	2.555624e+01	2.622303e+01	4.362864e+01	2.318672e+00	2.150059e+00	2.149545e+00	2.160162e+00
-2.700000e+00	1.044854e+00	1.042561e+00	1.087018e+00	4.296484e+01	4.292584e+01	4.584287e+01	5.018000e+01	2.543997e+01	2.619341e+01	4.219065e+01	2.324027e+00	2.097673e+00	2.097002e+00	2.109292e+00
-2.650000e+00	1.023786e+00	1.020915e+00	1.075310e+00	4.147783e+01	4.143697e+01	4.456761e+01	4.872931e+01	2.526939e+01	2.610297e+01	4.071727e+01	2.321957e+00	2.039792e+00	2.038985e+00	2.053095e+00
-2.600000e+00	1.000472e+00	9.974000e-01	1.062741e+00	3.995723e+01	3.992110e+01	4.326946e+01	4.721919e+01	2.504364e+01	2.594803e+01	3.921472e+01	2.312349e+00	1.976856e+00	1.975934e+00	1.992023e+00
-2.550000e+00	9.750400e-01	9.719050e-01	1.050235e+00	3.841411e+01	3.837801e+01	4.195757e+01	4.566100e+01	2.476106e+01	2.572835e+01	3.768802e+01	2.295083e+00	1.909347e+00	1.908332e+00	1.926580e+00
-2.500000e+00	9.471390e-01	9.441530e-01	1.037136e+00	3.684116e+01	3.679852e+01	4.061519e+01	4.402378e+01	2.440009e+01	2.541569e+01	3.613225e+01	2.267839e+00	1.835990e+00	1.834861e+00	1.855578e+00
-2.450000e+00	9.182850e-01	9.146160e-01	1.024392e+00	3.525695e+01	3.521774e+01	3.926287e+01	4.234421e+01	2.397299e+01	2.503258e+01	3.456363e+01	2.232903e+00	1.759225e+00	1.757982e+00	1.781401e+00
-2.400000e+00	8.883810e-01	8.841240e-01	1.012464e+00	3.367230e+01	3.363506e+01	3.790476e+01	4.062674e+01	2.348168e+01	2.457524e+01	3.299625e+01	2.190560e+00	1.679619e+00	1.678274e+00	1.704624e+00
-2.350000e+00	8.574890e-01	8.528030e-01	1.001803e+00	3.209292e+01	3.205367e+01	3.654597e+01	3.887247e+01	2.292708e+01	2.404344e+01	3.143652e+01	2.141100e+00	1.597780e+00	1.596336e+00	1.625854e+00
-2.300000e+00	8.258400e-01	8.206640e-01	9.928870e-01	3.052367e+01	3.048051e+01	3.518714e+01	3.708174e+01	2.231060e+01	2.343923e+01	2.988766e+01	2.084854e+00	1.514328e+00	1.512777e+00	1.545708e+00
-2.250000e+00	7.938440e-01	7.880970e-01	9.862680e-01	2.897180e+01	2.892590e+01	3.382027e+01	3.525618e+01	2.163540e+01	2.276570e+01	2.835329e+01	2.022216e+00	1.429862e+00	1.428208e+00	1.464793e+00
-2.200000e+00	7.606690e-01	7.546020e-01	9.832310e-01	2.742430e+01	2.737449e+01	3.242608e+01	3.337204e+01	2.088540e+01	2.200304e+01	2.683218e+01	1.952145e+00	1.343804e+00	1.342041e+00	1.382739e+00
-2.150000e+00	7.277550e-01	7.211430e-01	9.830380e-01	2.590281e+01	2.584997e+01	3.100512e+01	3.146332e+01	2.008312e+01	2.118078e+01	2.533736e+01	1.877367e+00	1.258104e+00	1.256234e+00	1.301299e+00
-2.100000e+00	6.954210e-01	6.878320e-01	9.856750e-01	2.440892e+01	2.435289e+01	2.955547e+01	2.953816e+01	1.923882e+01	2.030447e+01	2.387287e+01	1.798380e+00	1.173338e+00	1.171352e+00	1.221010e+00
-2.050000e+00	6.637260e-01	6.548270e-01	9.916650e-01	2.294832e+01	2.288995e+01	2.806733e+01	2.761195e+01	1.835909e+01	1.937844e+01	2.244551e+01	1.715935e+00	1.090041e+00	1.087932e+00	1.142380e+00
-2.000000e+00	6.326460e-01	6.224300e-01	1.001744e+00	2.152627e+01	2.146664e+01	2.652768e+01	2.570563e+01	1.744985e+01	1.841048e+01	2.106032e+01	1.630987e+00	1.008714e+00	1.006484e+00	1.065913e+00
-1.950000e+00	6.022240e-01	5.911620e-01	1.016524e+00	2.014438e+01	2.008204e+01	2.492438e+01	2.384385e+01	1.651868e+01	1.741513e+01	1.971754e+01	1.544633e+00	9.298150e-01	9.274820e-01	9.921170e-01
-1.900000e+00	5.721880e-01	5.602390e-01	1.036636e+00	1.879434e+01	1.873194e+01	2.322999e+01	2.202162e+01	1.556013e+01	1.638780e+01	1.841185e+01	1.455596e+00	8.527860e-01	8.503210e-01	9.209300e-01
-1.850000e+00	5.438710e-01	5.304420e-01	1.061169e+00	1.749761e+01	1.743222e+01	2.154967e+01	2.025651e+01	1.460738e+01	1.535785e+01	1.714907e+01	1.366318e+00	7.789410e-01	7.763480e-01	8.529070e-01
-1.800000e+00	5.169000e-01	5.018280e-01	1.090308e+00	1.625270e+01	1.618519e+01	1.995042e+01	1.854666e+01	1.365671e+01	1.433516e+01	1.593735e+01	1.277433e+00	7.085090e-01	7.058020e-01	7.884370e-01
-1.750000e+00	4.910260e-01	4.746030e-01	1.123432e+00	1.505905e+01	1.499104e+01	1.843789e+01	1.689406e+01	1.271260e+01	1.332230e+01	1.477711e+01	1.189394e+00	6.416920e-01	6.388830e-01	7.276820e-01
-1.700000e+00	4.662990e-01	4.489420e-01	1.160248e+00	1.391621e+01	1.384980e+01	1.698830e+01	1.530191e+01	1.178210e+01	1.232250e+01	1.366858e+01	1.102848e+00	5.786560e-01	5.757510e-01	6.707110e-01
-1.650000e+00	4.432030e-01	4.248490e-01	1.202169e+00	1.282329e+01	1.276254e+01	1.557165e+01	1.377295e+01	1.087075e+01	1.134479e+01	1.261660e+01	1.018850e+00	5.195240e-01	5.165220e-01	6.175910e-01
-1.600000e+00	4.218100e-01	4.016860e-01	1.248734e+00	1.177734e+01	1.172271e+01	1.416484e+01	1.230171e+01	9.969253e+00	1.037918e+01	1.160913e+01	9.356320e-01	4.638160e-01	4.607170e-01	5.683220e-01
-1.550000e+00	4.013570e-01	3.804690e-01	1.298538e+00	1.078390e+01	1.073593e+01	1.280324e+01	1.091159e+01	9.098741e+00	9.444149e+00	1.065135e+01	8.554060e-01	4.121950e-01	4.090200e-01	5.229780e-01
-1.500000e+00	3.821370e-01	3.608860e-01	1.350470e+00	9.842441e+00	9.801733e+00	1.149446e+01	9.608209e+00	8.262541e+00	8.546931e+00	9.745417e+00	7.782470e-01	3.646030e-01	3.613510e-01	4.814300e-01
-1.450000e+00	3.645290e-01	3.425810e-01	1.403973e+00	8.953518e+00	8.920735e+00	1.024441e+01	8.395592e+00	7.464600e+00	7.690971e+00	8.890356e+00	7.046260e-01	3.210290e-01	3.176890e-01	4.435140e-01
-1.400000e+00	3.487120e-01	3.253810e-01	1.458894e+00	8.116935e+00	8.093458e+00	9.058031e+00	7.276044e+00	6.708196e+00	6.879606e+00	8.085092e+00	6.348350e-01	2.813890e-01	2.779640e-01	4.090660e-01
-1.350000e+00	3.344620e-01	3.094800e-01	1.515271e+00	7.330747e+00	7.319605e+00	7.939703e+00	6.250226e+00	5.995229e+00	6.117966e+00	7.330259e+00	5.686770e-01	2.454890e-01	2.420080e-01	3.779460e-01
-1.300000e+00	3.212190e-01	2.952240e-01	1.570988e+00	6.585824e+00	6.587403e+00	6.879680e+00	5.305562e+00	5.319098e+00	5.397139e+00	6.619293e+00	5.063480e-01	2.129000e-01	2.094060e-01	3.500250e-01
-1.250000e+00	3.090320e-01	2.821210e-01	1.624849e+00	5.890741e+00	5.905401e+00	5.898681e+00	4.459325e+00	4.691797e+00	4.727868e+00	5.953047e+00	4.480630e-01	1.838730e-01	1.803100e-01	3.247800e-01
-1.200000e+00	2.980020e-01	2.699530e-01	1.674801e+00	5.242579e+00	5.271197e+00	5.002154e+00	3.710427e+00	4.111518e+00	4.111636e+00	5.330704e+00	3.942080e-01	1.581600e-01	1.545140e-01	3.019290e-01
-1.150000e+00	2.879320e-01	2.590920e-01	1.719497e+00	4.640355e+00	4.683675e+00	4.190011e+00	3.054053e+00	3.578549e+00	3.548991e+00	4.752219e+00	3.446440e-01	1.355230e-01	1.318240e-01	2.811790e-01
-1.100000e+00	2.785950e-01	2.496190e-01	1.758140e+00	4.083173e+00	4.141058e+00	3.462436e+00	2.485527e+00	3.093108e+00	3.039154e+00	4.215795e+00	2.992390e-01	1.157280e-01	1.120150e-01	2.622460e-01
-1.050000e+00	2.699620e-01	2.406240e-01	1.790260e+00	3.569294e+00	3.640064e+00	2.821536e+00	2.001222e+00	2.654269e+00	2.580071e+00	3.716914e+00	2.581090e-01	9.854200e-02	9.481300e-02	2.448500e-01
-1.000000e+00	2.625270e-01	2.318360e-01	1.810482e+00	3.092777e+00	3.174120e+00	2.257153e+00	1.587370e+00	2.255183e+00	2.165692e+00	3.251914e+00	2.202250e-01	8.371800e-02	8.000600e-02	2.285570e-01
-9.500000e-01	2.554530e-01	2.239430e-01	1.818041e+00	2.658282e+00	2.749528e+00	1.777757e+00	1.243493e+00	1.900650e+00	1.800538e+00	2.824298e+00	1.865990e-01	7.114200e-02	6.735700e-02	2.130850e-01
-9.000000e-01	2.486780e-01	2.165040e-01	1.812317e+00	2.264408e+00	2.362708e+00	1.377101e+00	9.621150e-01	1.588798e+00	1.480836e+00	2.434131e+00	1.567980e-01	6.048800e-02	5.666500e-02	1.981590e-01
-8.500000e-01	2.424020e-01	2.095550e-01	1.791692e+00	1.909511e+00	2.012322e+00	1.049042e+00	7.355880e-01	1.316352e+00	1.204262e+00	2.078831e+00	1.305160e-01	5.152600e-02	4.770400e-02	1.834980e-01
-8.000000e-01	2.366400e-01	2.031210e-01	1.754601e+00	1.592422e+00	1.697094e+00	7.859240e-01	5.558510e-01	1.080087e+00	9.678470e-01	1.756804e+00	1.075770e-01	4.404500e-02	4.024300e-02	1.689010e-01
-7.500000e-01	2.308360e-01	1.968040e-01	1.700595e+00	1.312510e+00	1.414921e+00	5.787630e-01	4.148500e-01	8.773190e-01	7.675020e-01	1.468673e+00	8.788000e-02	3.783100e-02	3.407300e-02	1.542920e-01
-7.000000e-01	2.247090e-01	1.906320e-01	1.622010e+00	1.061945e+00	1.160466e+00	4.166280e-01	3.056210e-01	7.055660e-01	5.983400e-01	1.207472e+00	7.105300e-02	3.277400e-02	2.914500e-02	1.396980e-01
-6.500000e-01	2.184010e-01	1.846830e-01	1.525988e+00	8.451140e-01	9.371130e-01	2.944290e-01	2.227310e-01	5.626410e-01	4.581650e-01	9.777960e-01	5.661200e-02	2.871300e-02	2.508100e-02	1.243120e-01
-6.000000e-01	2.120600e-01	1.785620e-01	1.413674e+00	6.607170e-01	7.432760e-01	2.045030e-01	1.611330e-01	4.463690e-01	3.454100e-01	7.776000e-01	4.471100e-02	2.534500e-02	2.175600e-02	1.095420e-01
-5.500000e-01	2.056220e-01	1.721290e-01	1.287084e+00	5.064580e-01	5.777930e-01	1.397560e-01	1.161620e-01	3.530570e-01	2.556140e-01	6.058890e-01	3.487300e-02	2.253400e-02	1.903600e-02	9.472500e-02
-5.000000e-01	1.989970e-01	1.654370e-01	1.148876e+00	3.798260e-01	4.390770e-01	9.408400e-02	8.381800e-02	2.793880e-01	1.850890e-01	4.612790e-01	2.679600e-02	2.017700e-02	1.678400e-02	7.969300e-02
-4.500000e-01	1.922260e-01	1.586690e-01	1.002251e+00	2.782540e-01	3.249660e-01	6.249300e-02	6.084800e-02	2.229050e-01	1.313740e-01	3.416870e-01	2.048600e-02	1.814000e-02	1.486900e-02	6.580500e-02
-4.000000e-01	1.847190e-01	1.516530e-01	8.458810e-01	1.975070e-01	2.309240e-01	4.115700e-02	4.493800e-02	1.826650e-01	9.041500e-02	2.435980e-01	1.547700e-02	1.654000e-02	1.341500e-02	5.251900e-02
-3.500000e-01	1.771690e-01	1.445680e-01	6.915360e-01	1.362050e-01	1.584400e-01	2.718900e-02	3.398400e-02	1.551560e-01	6.067900e-02	1.671660e-01	1.162800e-02	1.508200e-02	1.207400e-02	4.059800e-02
-3.000000e-01	1.691750e-01	1.372870e-01	5.443860e-01	9.135000e-02	1.041740e-01	1.831000e-02	2.652200e-02	1.387040e-01	3.971100e-02	1.097690e-01	8.540000e-03	1.367100e-02	1.081000e-02	3.014300e-02
-2.500000e-01	1.611830e-01	1.298530e-01	4.138120e-01	5.998200e-02	6.571200e-02	1.271700e-02	2.121100e-02	1.314180e-01	2.547300e-02	6.917400e-02	6.066000e-03	1.231300e-02	9.629000e-03	2.162200e-02
-2.000000e-01	1.536290e-01	1.225110e-01	2.992390e-01	3.852100e-02	3.907900e-02	9.456000e-03	1.750600e-02	1.372810e-01	1.582700e-02	4.123200e-02	4.330000e-03	1.105500e-02	8.556000e-03	1.498300e-02
-1.500000e-01	1.463540e-01	1.149650e-01	2.080170e-01	2.472600e-02	2.220700e-02	7.444000e-03	1.462800e-02	1.599250e-01	9.526000e-03	2.354600e-02	4.180000e-03	9.552000e-03	7.283000e-03	9.844000e-03
-1.000000e-01	1.391710e-01	1.074440e-01	1.422320e-01	1.635500e-02	1.261200e-02	5.807000e-03	1.200100e-02	2.228250e-01	5.437000e-03	1.326400e-02	4.758200e-02	7.645000e-03	5.744000e-03	6.236000e-03
-5.000000e-02	1.323670e-01	9.994800e-02	1.013270e-01	1.111600e-02	7.378000e-03	4.417000e-03	9.542000e-03	3.823720e-01	2.706000e-03	7.796000e-03	2.579765e+00	4.633000e-03	3.435000e-03	3.201000e-03
0.000000e+00	1.280980e-01	9.509400e-02	8.478900e-02	8.754000e-03	5.300000e-03	3.607000e-03	8.040000e-03	1.552550e-01	1.211000e-03	5.699000e-03	6.465777e+01	5.540000e-04	4.100000e-04	3.580000e-04
