-8.900000e+00	0.000000e+00	0.000000e+00	0.000000e+00	0.000000e+00	0.000000e+00	0.000000e+00	0.000000e+00	0.000000e+00	0.000000e+00	0.000000e+00	0.000000e+00	0.000000e+00	0.000000e+00	0.000000e+00
-8.850000e+00	0.000000e+00	0.000000e+00	0.000000e+00	0.000000e+00	0.000000e+00	0.000000e+00	0.000000e+00	0.000000e+00	0.000000e+00	0.000000e+00	0.000000e+00	0.000000e+00	0.000000e+00	0.000000e+00
-8.800000e+00	0.000000e+00	0.000000e+00	0.000000e+00	0.000000e+00	0.000000e+00	0.000000e+00	0.000000e+00	0.000000e+00	0.000000e+00	0.000000e+00	0.000000e+00	0.000000e+00	0.000000e+00	0.000000e+00
-8.750000e+00	0.000000e+00	0.000000e+00	0.000000e+00	0.000000e+00	0.000000e+00	0.000000e+00	0.000000e+00	0.000000e+00	0.000000e+00	0.000000e+00	0.000000e+00	0.000000e+00	0.000000e+00	0.000000e+00
-8.700000e+00	0.000000e+00	0.000000e+00	0.000000e+00	0.000000e+00	0.000000e+00	0.000000e+00	0.000000e+00	0.000000e+00	0.000000e+00	0.000000e+00	0.000000e+00	0.000000e+00	0.000000e+00	0.000000e+00
-8.650000e+00	0.000000e+00	0.000000e+00	0.000000e+00	0.000000e+00	0.000000e+00	0.000000e+00	0.000000e+00	0.000000e+00	0.000000e+00	0.000000e+00	0.000000e+00	0.000000e+00	0.000000e+00	0.000000e+00
-8.600000e+00	0.000000e+00	0.000000e+00	0.000000e+00	0.000000e+00	0.000000e+00	0.000000e+00	0.000000e+00	0.000000e+00	0.000000e+00	0.000000e+00	0.000000e+00	0.000000e+00	0.000000e+00	0.000000e+00
-8.550000e+00	0.000000e+00	0.000000e+00	0.000000e+00	0.000000e+00	0.000000e+00	0.000000e+00	0.000000e+00	0.000000e+00	0.000000e+00	0.000000e+00	0.000000e+00	0.000000e+00	0.000000e+00	0.000000e+00
-8.500000e+00	0.000000e+00	0.000000e+00	0.000000e+00	0.000000e+00	0.000000e+00	0.000000e+00	0.000000e+00	0.000000e+00	0.000000e+00	0.000000e+00	0.000000e+00	0.000000e+00	0.000000e+00	0.000000e+00
-8.450000e+00	0.000000e+00	0.000000e+00	0.000000e+00	0.000000e+00	0.000000e+00	0.000000e+00	0.000000e+00	0.000000e+00	0.000000e+00	0.000000e+00	0.000000e+00	0.000000e+00	0.000000e+00	0.000000e+00
-8.400000e+00	0.000000e+00	0.000000e+00	0.000000e+00	0.000000e+00	0.000000e+00	0.000000e+00	0.000000e+00	0.000000e+00	0.000000e+00	0.000000e+00	0.000000e+00	0.000000e+00	0.000000e+00	0.000000e+00
-8.350000e+00	0.000000e+00	0.000000e+00	0.000000e+00	0.000000e+00	0.000000e+00	0.000000e+00	0.000000e+00	0.000000e+00	0.000000e+00	0.000000e+00	0.000000e+00	0.000000e+00	0.000000e+00	0.000000e+00
-8.300000e+00	0.000000e+00	0.000000e+00	0.000000e+00	0.000000e+00	0.000000e+00	0.000000e+00	0.000000e+00	0.000000e+00	0.000000e+00	0.000000e+00	0.000000e+00	0.000000e+00	0.000000e+00	0.000000e+00
-8.250000e+00	0.000000e+00	0.000000e+00	0.000000e+00	0.000000e+00	0.000000e+00	0.000000e+00	0.000000e+00	0.000000e+00	0.000000e+00	0.000000e+00	0.000000e+00	0.000000e+00	0.000000e+00	0.000000e+00
-8.200000e+00	0.000000e+00	0.000000e+00	0.000000e+00	0.000000e+00	0.000000e+00	0.000000e+00	0.000000e+00	0.000000e+00	0.000000e+00	0.000000e+00	0.000000e+00	0.000000e+00	0.000000e+00	0.000000e+00
-8.150000e+00	0.000000e+00	0.000000e+00	0.000000e+00	0.000000e+00	0.000000e+00	0.000000e+00	0.000000e+00	0.000000e+00	0.000000e+00	0.000000e+00	0.000000e+00	0.000000e+00	0.000000e+00	0.000000e+00
-8.100000e+00	0.000000e+00	0.000000e+00	0.000000e+00	0.000000e+00	0.000000e+00	0.000000e+00	0.000000e+00	0.000000e+00	0.000000e+00	0.000000e+00	0.000000e+00	0.000000e+00	0.000000e+00	0.000000e+00
-8.050000e+00	0.000000e+00	0.000000e+00	0.000000e+00	0.000000e+00	0.000000e+00	0.000000e+00	0.000000e+00	0.000000e+00	0.000000e+00	0.000000e+00	0.000000e+00	0.000000e+00	0.000000e+00	0.000000e+00
-8.000000e+00	0.000000e+00	0.000000e+00	0.000000e+00	0.000000e+00	0.000000e+00	0.000000e+00	0.000000e+00	0.000000e+00	0.000000e+00	0.000000e+00	0.000000e+00	0.000000e+00	0.000000e+00	0.000000e+00
-7.950000e+00	0.000000e+00	0.000000e+00	0.000000e+00	0.000000e+00	0.000000e+00	0.000000e+00	0.000000e+00	0.000000e+00	0.000000e+00	0.000000e+00	0.000000e+00	0.000000e+00	0.000000e+00	0.000000e+00
-7.900000e+00	0.000000e+00	0.000000e+00	0.000000e+00	0.000000e+00	0.000000e+00	0.000000e+00	0.000000e+00	0.000000e+00	0.000000e+00	0.000000e+00	0.000000e+00	0.000000e+00	0.000000e+00	0.000000e+00
-7.850000e+00	0.000000e+00	0.000000e+00	0.000000e+00	0.000000e+00	0.000000e+00	0.000000e+00	0.000000e+00	0.000000e+00	0.000000e+00	0.000000e+00	0.000000e+00	0.000000e+00	0.000000e+00	0.000000e+00
-7.800000e+00	0.000000e+00	0.000000e+00	0.000000e+00	0.000000e+00	0.000000e+00	0.000000e+00	0.000000e+00	0.000000e+00	0.000000e+00	0.000000e+00	0.000000e+00	0.000000e+00	0.000000e+00	0.000000e+00
-7.750000e+00	0.000000e+00	0.000000e+00	0.000000e+00	0.000000e+00	0.000000e+00	0.000000e+00	0.000000e+00	0.000000e+00	0.000000e+00	0.000000e+00	1.000000e-06	0.000000e+00	0.000000e+00	0.000000e+00
-7.700000e+00	0.000000e+00	0.000000e+00	0.000000e+00	0.000000e+00	0.000000e+00	0.000000e+00	0.000000e+00	0.000000e+00	0.000000e+00	0.000000e+00	0.000000e+00	0.000000e+00	0.000000e+00	0.000000e+00
-7.650000e+00	0.000000e+00	0.000000e+00	0.000000e+00	0.000000e+00	0.000000e+00	0.000000e+00	0.000000e+00	0.000000e+00	0.000000e+00	0.000000e+00	0.000000e+00	0.000000e+00	0.000000e+00	0.000000e+00
-7.600000e+00	0.000000e+00	0.000000e+00	0.000000e+00	0.000000e+00	0.000000e+00	0.000000e+00	0.000000e+00	0.000000e+00	0.000000e+00	0.000000e+00	0.000000e+00	0.000000e+00	0.000000e+00	0.000000e+00
-7.550000e+00	0.000000e+00	0.000000e+00	0.000000e+00	0.000000e+00	0.000000e+00	0.000000e+00	0.000000e+00	0.000000e+00	0.000000e+00	0.000000e+00	0.000000e+00	0.000000e+00	0.000000e+00	0.000000e+00
-7.500000e+00	0.000000e+00	0.000000e+00	0.000000e+00	0.000000e+00	0.000000e+00	0.000000e+00	0.000000e+00	0.000000e+00	0.000000e+00	0.000000e+00	0.000000e+00	0.000000e+00	0.000000e+00	0.000000e+00
-7.450000e+00	0.000000e+00	0.000000e+00	0.000000e+00	0.000000e+00	0.000000e+00	0.000000e+00	0.000000e+00	0.000000e+00	0.000000e+00	0.000000e+00	0.000000e+00	0.000000e+00	0.000000e+00	0.000000e+00
-7.400000e+00	0.000000e+00	0.000000e+00	0.000000e+00	0.000000e+00	0.000000e+00	0.000000e+00	0.000000e+00	0.000000e+00	0.000000e+00	0.000000e+00	0.000000e+00	0.000000e+00	0.000000e+00	0.000000e+00
-7.350000e+00	0.000000e+00	0.000000e+00	0.000000e+00	0.000000e+00	0.000000e+00	0.000000e+00	0.000000e+00	0.000000e+00	0.000000e+00	0.000000e+00	2.000000e-06	0.000000e+00	0.000000e+00	0.000000e+00
-7.300000e+00	0.000000e+00	0.000000e+00	0.000000e+00	0.000000e+00	0.000000e+00	0.000000e+00	0.000000e+00	0.000000e+00	0.000000e+00	0.000000e+00	2.000000e-06	0.000000e+00	0.000000e+00	0.000000e+00
-7.250000e+00	0.000000e+00	0.000000e+00	2.000000e-06	0.000000e+00	0.000000e+00	0.000000e+00	0.000000e+00	0.000000e+00	0.000000e+00	0.000000e+00	2.000000e-06	0.000000e+00	0.000000e+00	0.000000e+00
-7.200000e+00	0.000000e+00	0.000000e+00	3.000000e-06	0.000000e+00	0.000000e+00	0.000000e+00	0.000000e+00	0.000000e+00	0.000000e+00	0.000000e+00	2.000000e-06	0.000000e+00	0.000000e+00	0.000000e+00
-7.150000e+00	0.000000e+00	0.000000e+00	7.000000e-06	0.000000e+00	0.000000e+00	0.000000e+00	0.000000e+00	0.000000e+00	0.000000e+00	0.000000e+00	2.000000e-06	0.000000e+00	0.000000e+00	0.000000e+00
-7.100000e+00	0.000000e+00	0.000000e+00	1.600000e-05	0.000000e+00	0.000000e+00	0.000000e+00	0.000000e+00	0.000000e+00	0.000000e+00	0.000000e+00	3.000000e-06	0.000000e+00	0.000000e+00	0.000000e+00
-7.050000e+00	0.000000e+00	2.000000e-06	3.500000e-05	0.000000e+00	0.000000e+00	0.000000e+00	0.000000e+00	0.000000e+00	0.000000e+00	0.000000e+00	3.000000e-06	0.000000e+00	0.000000e+00	0.000000e+00
-7.000000e+00	1.000000e-06	2.000000e-06	8.000000e-05	0.000000e+00	0.000000e+00	0.000000e+00	0.000000e+00	0.000000e+00	0.000000e+00	0.000000e+00	4.000000e-06	0.000000e+00	0.000000e+00	0.000000e+00
-6.950000e+00	0.000000e+00	2.000000e-06	1.960000e-04	0.000000e+00	0.000000e+00	0.000000e+00	0.000000e+00	0.000000e+00	0.000000e+00	0.000000e+00	4.000000e-06	0.000000e+00	0.000000e+00	0.000000e+00
-6.900000e+00	0.000000e+00	2.000000e-06	4.910000e-04	0.000000e+00	0.000000e+00	0.000000e+00	0.000000e+00	0.000000e+00	0.000000e+00	0.000000e+00	5.000000e-06	0.000000e+00	0.000000e+00	0.000000e+00
-6.850000e+00	0.000000e+00	1.000000e-06	1.250000e-03	0.000000e+00	0.000000e+00	0.000000e+00	0.000000e+00	0.000000e+00	0.000000e+00	0.000000e+00	6.000000e-06	0.000000e+00	0.000000e+00	0.000000e+00
-6.800000e+00	1.000000e-06	0.000000e+00	3.181000e-03	0.000000e+00	0.000000e+00	0.000000e+00	0.000000e+00	0.000000e+00	0.000000e+00	0.000000e+00	9.000000e-06	0.000000e+00	0.000000e+00	0.000000e+00
-6.750000e+00	0.000000e+00	0.000000e+00	7.765000e-03	0.000000e+00	0.000000e+00	0.000000e+00	0.000000e+00	0.000000e+00	0.000000e+00	0.000000e+00	1.200000e-05	0.000000e+00	0.000000e+00	0.000000e+00
-6.700000e+00	1.000000e-06	1.000000e-06	1.238300e-02	0.000000e+00	0.000000e+00	0.000000e+00	0.000000e+00	0.000000e+00	0.000000e+00	0.000000e+00	1.200000e-05	0.000000e+00	0.000000e+00	0.000000e+00
-6.650000e+00	1.000000e-06	1.000000e-06	1.668700e-02	0.000000e+00	0.000000e+00	0.000000e+00	0.000000e+00	0.000000e+00	0.000000e+00	0.000000e+00	1.400000e-05	0.000000e+00	0.000000e+00	0.000000e+00
-6.600000e+00	1.000000e-06	1.000000e-06	2.046500e-02	0.000000e+00	0.000000e+00	0.000000e+00	0.000000e+00	0.000000e+00	0.000000e+00	0.000000e+00	1.500000e-05	0.000000e+00	0.000000e+00	0.000000e+00
-6.550000e+00	2.000000e-06	3.000000e-06	2.383500e-02	0.000000e+00	0.000000e+00	0.000000e+00	0.000000e+00	0.000000e+00	0.000000e+00	0.000000e+00	1.700000e-05	0.000000e+00	0.000000e+00	0.000000e+00
-6.500000e+00	0.000000e+00	3.000000e-06	2.692300e-02	0.000000e+00	0.000000e+00	0.000000e+00	0.000000e+00	0.000000e+00	0.000000e+00	0.000000e+00	2.000000e-05	0.000000e+00	0.000000e+00	0.000000e+00
-6.450000e+00	0.000000e+00	4.000000e-06	2.979000e-02	0.000000e+00	0.000000e+00	0.000000e+00	0.000000e+00	0.000000e+00	0.000000e+00	0.000000e+00	2.200000e-05	0.000000e+00	0.000000e+00	0.000000e+00
-6.400000e+00	2.000000e-06	5.000000e-06	3.248100e-02	0.000000e+00	0.000000e+00	0.000000e+00	0.000000e+00	0.000000e+00	0.000000e+00	0.000000e+00	2.200000e-05	0.000000e+00	0.000000e+00	0.000000e+00
-6.350000e+00	3.000000e-06	6.000000e-06	3.503300e-02	0.000000e+00	0.000000e+00	0.000000e+00	0.000000e+00	0.000000e+00	0.000000e+00	0.000000e+00	2.400000e-05	0.000000e+00	0.000000e+00	0.000000e+00
-6.300000e+00	3.000000e-06	8.000000e-06	3.764500e-02	0.000000e+00	0.000000e+00	0.000000e+00	0.000000e+00	0.000000e+00	0.000000e+00	0.000000e+00	2.900000e-05	0.000000e+00	0.000000e+00	0.000000e+00
-6.250000e+00	3.000000e-06	1.000000e-05	4.029900e-02	0.000000e+00	0.000000e+00	0.000000e+00	0.000000e+00	0.000000e+00	0.000000e+00	0.000000e+00	3.500000e-05	0.000000e+00	0.000000e+00	0.000000e+00
-6.200000e+00	4.000000e-06	1.100000e-05	4.284900e-02	0.000000e+00	0.000000e+00	0.000000e+00	0.000000e+00	0.000000e+00	0.000000e+00	0.000000e+00	4.100000e-05	0.000000e+00	0.000000e+00	0.000000e+00
-6.150000e+00	7.000000e-06	1.200000e-05	4.518400e-02	2.000000e-06	0.000000e+00	2.000000e-06	0.000000e+00	0.000000e+00	0.000000e+00	0.000000e+00	4.800000e-05	0.000000e+00	0.000000e+00	0.000000e+00
-6.100000e+00	6.000000e-06	1.500000e-05	4.759700e-02	3.000000e-06	0.000000e+00	1.000000e-06	0.000000e+00	0.000000e+00	0.000000e+00	0.000000e+00	4.900000e-05	0.000000e+00	0.000000e+00	0.000000e+00
-6.050000e+00	5.000000e-06	1.800000e-05	5.011500e-02	1.000000e-06	0.000000e+00	1.000000e-06	0.000000e+00	0.000000e+00	0.000000e+00	0.000000e+00	5.500000e-05	0.000000e+00	0.000000e+00	0.000000e+00
-6.000000e+00	5.000000e-06	2.400000e-05	5.258800e-02	0.000000e+00	0.000000e+00	0.000000e+00	0.000000e+00	0.000000e+00	0.000000e+00	0.000000e+00	5.900000e-05	0.000000e+00	0.000000e+00	0.000000e+00
-5.950000e+00	6.000000e-06	3.100000e-05	5.498500e-02	0.000000e+00	1.000000e-06	0.000000e+00	0.000000e+00	0.000000e+00	0.000000e+00	0.000000e+00	6.300000e-05	0.000000e+00	0.000000e+00	0.000000e+00
-5.900000e+00	6.000000e-06	3.400000e-05	5.730400e-02	0.000000e+00	0.000000e+00	0.000000e+00	0.000000e+00	0.000000e+00	0.000000e+00	0.000000e+00	7.000000e-05	0.000000e+00	0.000000e+00	0.000000e+00
-5.850000e+00	5.000000e-06	3.800000e-05	5.945200e-02	1.000000e-06	0.000000e+00	2.000000e-06	0.000000e+00	0.000000e+00	0.000000e+00	0.000000e+00	7.600000e-05	0.000000e+00	0.000000e+00	0.000000e+00
-5.800000e+00	8.000000e-06	4.500000e-05	6.152700e-02	3.000000e-06	0.000000e+00	1.000000e-06	0.000000e+00	0.000000e+00	0.000000e+00	1.000000e-06	7.800000e-05	0.000000e+00	0.000000e+00	0.000000e+00
-5.750000e+00	1.200000e-05	6.100000e-05	6.367200e-02	4.000000e-06	0.000000e+00	1.000000e-06	0.000000e+00	0.000000e+00	0.000000e+00	0.000000e+00	7.800000e-05	0.000000e+00	0.000000e+00	0.000000e+00
-5.700000e+00	1.700000e-05	8.400000e-05	6.560800e-02	4.000000e-06	0.000000e+00	2.000000e-06	0.000000e+00	0.000000e+00	0.000000e+00	0.000000e+00	8.100000e-05	0.000000e+00	0.000000e+00	0.000000e+00
-5.650000e+00	2.500000e-05	1.180000e-04	6.742600e-02	3.000000e-06	0.000000e+00	4.000000e-06	0.000000e+00	0.000000e+00	0.000000e+00	2.000000e-06	8.700000e-05	0.000000e+00	0.000000e+00	0.000000e+00
-5.600000e+00	3.800000e-05	1.720000e-04	6.929200e-02	4.000000e-06	2.000000e-06	5.000000e-06	0.000000e+00	0.000000e+00	0.000000e+00	3.000000e-06	9.600000e-05	0.000000e+00	0.000000e+00	0.000000e+00
-5.550000e+00	8.200000e-05	2.820000e-04	7.108700e-02	6.000000e-06	3.000000e-06	6.000000e-06	0.000000e+00	0.000000e+00	0.000000e+00	5.000000e-06	1.100000e-04	0.000000e+00	0.000000e+00	0.000000e+00
-5.500000e+00	1.900000e-04	5.600000e-04	7.269800e-02	8.000000e-06	7.000000e-06	5.000000e-06	0.000000e+00	0.000000e+00	0.000000e+00	7.000000e-06	1.180000e-04	0.000000e+00	0.000000e+00	0.000000e+00
-5.450000e+00	4.640000e-04	1.243000e-03	7.411300e-02	1.200000e-05	1.200000e-05	6.000000e-06	0.000000e+00	0.000000e+00	0.000000e+00	1.100000e-05	1.300000e-04	0.000000e+00	0.000000e+00	0.000000e+00
-5.400000e+00	1.153000e-03	2.692000e-03	7.517200e-02	1.600000e-05	1.700000e-05	9.000000e-06	0.000000e+00	0.000000e+00	0.000000e+00	1.700000e-05	1.420000e-04	0.000000e+00	0.000000e+00	0.000000e+00
-5.350000e+00	2.585000e-03	5.069000e-03	7.599600e-02	2.100000e-05	2.500000e-05	1.400000e-05	0.000000e+00	0.000000e+00	0.000000e+00	2.300000e-05	1.510000e-04	0.000000e+00	0.000000e+00	0.000000e+00
-5.300000e+00	4.709000e-03	7.903000e-03	7.672900e-02	3.100000e-05	3.900000e-05	2.100000e-05	0.000000e+00	0.000000e+00	0.000000e+00	3.200000e-05	1.570000e-04	0.000000e+00	0.000000e+00	0.000000e+00
-5.250000e+00	7.113000e-03	1.083800e-02	7.726300e-02	4.800000e-05	6.000000e-05	3.700000e-05	0.000000e+00	0.000000e+00	0.000000e+00	4.200000e-05	1.750000e-04	0.000000e+00	0.000000e+00	0.000000e+00
-5.200000e+00	9.420000e-03	1.379100e-02	7.790900e-02	7.700000e-05	8.600000e-05	5.200000e-05	0.000000e+00	0.000000e+00	0.000000e+00	7.200000e-05	2.090000e-04	0.000000e+00	0.000000e+00	0.000000e+00
-5.150000e+00	1.189000e-02	1.696600e-02	7.845300e-02	1.160000e-04	1.160000e-04	7.500000e-05	0.000000e+00	0.000000e+00	0.000000e+00	1.090000e-04	2.300000e-04	0.000000e+00	0.000000e+00	0.000000e+00
-5.100000e+00	1.447900e-02	2.027300e-02	7.878400e-02	1.730000e-04	1.620000e-04	1.070000e-04	0.000000e+00	0.000000e+00	0.000000e+00	1.580000e-04	2.430000e-04	0.000000e+00	0.000000e+00	0.000000e+00
-5.050000e+00	1.707900e-02	2.368000e-02	7.897500e-02	2.510000e-04	2.310000e-04	1.570000e-04	0.000000e+00	0.000000e+00	0.000000e+00	2.310000e-04	2.530000e-04	0.000000e+00	0.000000e+00	0.000000e+00
-5.000000e+00	1.956700e-02	2.726900e-02	7.914900e-02	3.560000e-04	3.290000e-04	2.410000e-04	0.000000e+00	0.000000e+00	0.000000e+00	3.490000e-04	2.710000e-04	0.000000e+00	0.000000e+00	0.000000e+00
-4.950000e+00	2.197400e-02	3.130200e-02	7.933200e-02	4.850000e-04	4.740000e-04	3.870000e-04	0.000000e+00	0.000000e+00	0.000000e+00	4.940000e-04	3.140000e-04	0.000000e+00	0.000000e+00	0.000000e+00
-4.900000e+00	2.442500e-02	3.592500e-02	7.947600e-02	6.770000e-04	6.760000e-04	5.870000e-04	0.000000e+00	0.000000e+00	0.000000e+00	6.770000e-04	3.460000e-04	0.000000e+00	0.000000e+00	0.000000e+00
-4.850000e+00	2.682400e-02	4.154100e-02	7.946400e-02	9.550000e-04	9.410000e-04	8.700000e-04	0.000000e+00	0.000000e+00	0.000000e+00	9.150000e-04	3.770000e-04	0.000000e+00	0.000000e+00	0.000000e+00
-4.800000e+00	2.923200e-02	4.896400e-02	7.948800e-02	1.311000e-03	1.294000e-03	1.260000e-03	0.000000e+00	0.000000e+00	0.000000e+00	1.252000e-03	4.110000e-04	0.000000e+00	0.000000e+00	0.000000e+00
-4.750000e+00	3.163900e-02	5.968800e-02	7.967700e-02	1.760000e-03	1.784000e-03	1.814000e-03	0.000000e+00	0.000000e+00	0.000000e+00	1.732000e-03	4.550000e-04	0.000000e+00	0.000000e+00	0.000000e+00
-4.700000e+00	3.405600e-02	7.614500e-02	8.001500e-02	2.371000e-03	2.463000e-03	2.621000e-03	0.000000e+00	0.000000e+00	0.000000e+00	2.397000e-03	5.120000e-04	0.000000e+00	0.000000e+00	0.000000e+00
-4.650000e+00	3.665600e-02	1.019870e-01	8.025000e-02	3.257000e-03	3.294000e-03	3.686000e-03	0.000000e+00	0.000000e+00	0.000000e+00	3.273000e-03	5.630000e-04	0.000000e+00	0.000000e+00	0.000000e+00
-4.600000e+00	3.927200e-02	1.185820e-01	8.006100e-02	4.476000e-03	4.400000e-03	5.234000e-03	0.000000e+00	0.000000e+00	0.000000e+00	4.483000e-03	5.770000e-04	0.000000e+00	0.000000e+00	0.000000e+00
-4.550000e+00	4.173300e-02	1.276920e-01	8.012300e-02	6.003000e-03	5.955000e-03	7.437000e-03	0.000000e+00	0.000000e+00	0.000000e+00	6.043000e-03	6.140000e-04	0.000000e+00	0.000000e+00	0.000000e+00
-4.500000e+00	4.413200e-02	1.325420e-01	8.034000e-02	8.073000e-03	8.055000e-03	1.061100e-02	0.000000e+00	0.000000e+00	0.000000e+00	8.088000e-03	6.400000e-04	0.000000e+00	0.000000e+00	0.000000e+00
-4.450000e+00	4.656300e-02	1.351990e-01	8.070300e-02	1.089000e-02	1.082300e-02	1.528200e-02	0.000000e+00	0.000000e+00	0.000000e+00	1.082300e-02	6.680000e-04	0.000000e+00	0.000000e+00	0.000000e+00
-4.400000e+00	4.902000e-02	1.366250e-01	8.112200e-02	1.459300e-02	1.443000e-02	2.211500e-02	0.000000e+00	0.000000e+00	0.000000e+00	1.450000e-02	7.190000e-04	0.000000e+00	0.000000e+00	0.000000e+00
-4.350000e+00	5.127400e-02	1.376420e-01	8.124200e-02	1.935500e-02	1.912400e-02	3.134600e-02	0.000000e+00	0.000000e+00	0.000000e+00	1.932300e-02	7.660000e-04	0.000000e+00	0.000000e+00	0.000000e+00
-4.300000e+00	5.373400e-02	1.381730e-01	8.150000e-02	2.544100e-02	2.539400e-02	4.250100e-02	0.000000e+00	0.000000e+00	0.000000e+00	2.555700e-02	7.950000e-04	0.000000e+00	0.000000e+00	0.000000e+00
-4.250000e+00	5.632400e-02	1.383920e-01	8.185500e-02	3.359000e-02	3.351000e-02	5.637800e-02	0.000000e+00	0.000000e+00	0.000000e+00	3.371200e-02	8.210000e-04	0.000000e+00	0.000000e+00	0.000000e+00
-4.200000e+00	5.903100e-02	1.387070e-01	8.212200e-02	4.429300e-02	4.403000e-02	7.359100e-02	0.000000e+00	0.000000e+00	0.000000e+00	4.426400e-02	8.470000e-04	0.000000e+00	0.000000e+00	0.000000e+00
-4.150000e+00	6.170800e-02	1.390460e-01	8.238700e-02	5.814900e-02	5.769600e-02	9.488600e-02	0.000000e+00	0.000000e+00	0.000000e+00	5.789600e-02	8.820000e-04	0.000000e+00	0.000000e+00	0.000000e+00
-4.100000e+00	6.423700e-02	1.392330e-01	8.285800e-02	7.591900e-02	7.540200e-02	1.212190e-01	0.000000e+00	0.000000e+00	0.000000e+00	7.544700e-02	9.340000e-04	0.000000e+00	0.000000e+00	0.000000e+00
-4.050000e+00	6.675900e-02	1.393590e-01	8.371700e-02	9.861300e-02	9.801000e-02	1.539720e-01	0.000000e+00	0.000000e+00	0.000000e+00	9.756500e-02	9.770000e-04	0.000000e+00	0.000000e+00	0.000000e+00
-4.000000e+00	6.907100e-02	1.397150e-01	8.412900e-02	1.270590e-01	1.262930e-01	1.941570e-01	0.000000e+00	0.000000e+00	0.000000e+00	1.258480e-01	1.028000e-03	0.000000e+00	0.000000e+00	0.000000e+00
-3.950000e+00	7.152000e-02	1.397580e-01	8.470700e-02	1.629520e-01	1.621610e-01	2.434820e-01	0.000000e+00	0.000000e+00	0.000000e+00	1.616210e-01	1.107000e-03	0.000000e+00	0.000000e+00	0.000000e+00
-3.900000e+00	7.414100e-02	1.395730e-01	8.538000e-02	2.080400e-01	2.073260e-01	3.035830e-01	0.000000e+00	0.000000e+00	0.000000e+00	2.067390e-01	1.212000e-03	0.000000e+00	0.000000e+00	0.000000e+00
-3.850000e+00	7.670100e-02	1.393150e-01	8.610100e-02	2.641910e-01	2.634110e-01	3.766460e-01	0.000000e+00	0.000000e+00	0.000000e+00	2.630700e-01	1.328000e-03	0.000000e+00	0.000000e+00	0.000000e+00
-3.800000e+00	7.900300e-02	1.391960e-01	8.685500e-02	3.334400e-01	3.322460e-01	4.653680e-01	0.000000e+00	0.000000e+00	0.000000e+00	3.324690e-01	1.452000e-03	0.000000e+00	0.000000e+00	0.000000e+00
-3.750000e+00	8.127900e-02	1.394710e-01	8.767200e-02	4.183300e-01	4.170030e-01	5.725380e-01	0.000000e+00	0.000000e+00	0.000000e+00	4.170870e-01	1.615000e-03	0.000000e+00	0.000000e+00	0.000000e+00
-3.700000e+00	8.341300e-02	1.394680e-01	8.882700e-02	5.211610e-01	5.201520e-01	6.995040e-01	0.000000e+00	0.000000e+00	0.000000e+00	5.198230e-01	1.784000e-03	0.000000e+00	0.000000e+00	0.000000e+00
-3.650000e+00	8.589300e-02	1.393030e-01	9.011600e-02	6.451270e-01	6.444750e-01	8.504410e-01	0.000000e+00	0.000000e+00	0.000000e+00	6.436110e-01	1.948000e-03	0.000000e+00	0.000000e+00	0.000000e+00
-3.600000e+00	8.834600e-02	1.390940e-01	9.138100e-02	7.934780e-01	7.931530e-01	1.028701e+00	0.000000e+00	0.000000e+00	0.000000e+00	7.916430e-01	2.105000e-03	0.000000e+00	0.000000e+00	0.000000e+00
-3.550000e+00	9.087000e-02	1.389950e-01	9.267300e-02	9.697130e-01	9.694740e-01	1.238277e+00	0.000000e+00	0.000000e+00	0.000000e+00	9.674720e-01	2.268000e-03	0.000000e+00	0.000000e+00	0.000000e+00
-3.500000e+00	9.361000e-02	1.390940e-01	9.411700e-02	1.177471e+00	1.176978e+00	1.483075e+00	0.000000e+00	0.000000e+00	0.000000e+00	1.174964e+00	2.452000e-03	0.000000e+00	0.000000e+00	0.000000e+00
-3.450000e+00	9.623100e-02	1.393170e-01	9.575800e-02	1.420314e+00	1.419890e+00	1.765109e+00	0.000000e+00	0.000000e+00	0.000000e+00	1.418090e+00	2.649000e-03	0.000000e+00	0.000000e+00	0.000000e+00
-3.400000e+00	9.870000e-02	1.397240e-01	9.781500e-02	1.699087e+00	1.696489e+00	2.090190e+00	0.000000e+00	0.000000e+00	0.000000e+00	1.695427e+00	2.916000e-03	0.000000e+00	0.000000e+00	0.000000e+00
-3.350000e+00	1.011920e-01	1.397920e-01	1.001610e-01	2.018135e+00	2.013428e+00	2.461203e+00	0.000000e+00	0.000000e+00	0.000000e+00	2.012734e+00	3.248000e-03	0.000000e+00	0.000000e+00	0.000000e+00
-3.300000e+00	1.036690e-01	1.400150e-01	1.026390e-01	2.381522e+00	2.375461e+00	2.880971e+00	0.000000e+00	0.000000e+00	0.000000e+00	2.372937e+00	3.602000e-03	0.000000e+00	0.000000e+00	0.000000e+00
-3.250000e+00	1.061420e-01	1.403040e-01	1.053720e-01	2.791332e+00	2.784879e+00	3.353617e+00	0.000000e+00	0.000000e+00	0.000000e+00	2.779680e+00	3.960000e-03	0.000000e+00	0.000000e+00	0.000000e+00
-3.200000e+00	1.086480e-01	1.403080e-01	1.084900e-01	3.248600e+00	3.242060e+00	3.883413e+00	0.000000e+00	0.000000e+00	0.000000e+00	3.236194e+00	4.338000e-03	0.000000e+00	0.000000e+00	0.000000e+00
-3.150000e+00	1.112340e-01	1.397400e-01	1.118180e-01	3.756241e+00	3.747999e+00	4.471893e+00	0.000000e+00	0.000000e+00	0.000000e+00	3.742693e+00	4.806000e-03	0.000000e+00	0.000000e+00	0.000000e+00
-3.100000e+00	1.136980e-01	1.396260e-01	1.158990e-01	4.307429e+00	4.297591e+00	5.109731e+00	0.000000e+00	0.000000e+00	0.000000e+00	4.291896e+00	5.300000e-03	0.000000e+00	0.000000e+00	0.000000e+00
-3.050000e+00	1.160960e-01	1.395290e-01	1.203850e-01	4.905265e+00	4.894281e+00	5.804686e+00	0.000000e+00	0.000000e+00	0.000000e+00	4.887847e+00	5.839000e-03	0.000000e+00	0.000000e+00	0.000000e+00
-3.000000e+00	1.185090e-01	1.395110e-01	1.251930e-01	5.548282e+00	5.536780e+00	6.556566e+00	0.000000e+00	0.000000e+00	0.000000e+00	5.528336e+00	6.446000e-03	0.000000e+00	0.000000e+00	0.000000e+00
-2.950000e+00	1.209380e-01	1.394870e-01	1.305710e-01	6.232389e+00	6.221161e+00	7.363386e+00	0.000000e+00	0.000000e+00	0.000000e+00	6.210342e+00	7.123000e-03	0.000000e+00	0.000000e+00	0.000000e+00
-2.900000e+00	1.234020e-01	1.394490e-01	1.367750e-01	6.952246e+00	6.941584e+00	8.221471e+00	0.000000e+00	0.000000e+00	0.000000e+00	6.930057e+00	7.894000e-03	0.000000e+00	0.000000e+00	0.000000e+00
-2.850000e+00	1.260540e-01	1.396960e-01	1.436580e-01	7.704099e+00	7.692073e+00	9.125971e+00	0.000000e+00	0.000000e+00	0.000000e+00	7.682896e+00	8.853000e-03	0.000000e+00	0.000000e+00	0.000000e+00
-2.800000e+00	1.285400e-01	1.396100e-01	1.518020e-01	8.465954e+00	8.452375e+00	1.006002e+01	0.000000e+00	0.000000e+00	0.000000e+00	8.441909e+00	9.796000e-03	0.000000e+00	0.000000e+00	0.000000e+00
-2.750000e+00	1.308470e-01	1.396950e-01	1.608580e-01	9.242356e+00	9.225311e+00	1.102308e+01	0.000000e+00	0.000000e+00	0.000000e+00	9.214539e+00	1.074900e-02	0.000000e+00	0.000000e+00	0.000000e+00
-2.700000e+00	1.331410e-01	1.397500e-01	1.708600e-01	1.002206e+01	1.000321e+01	1.200944e+01	0.000000e+00	0.000000e+00	0.000000e+00	9.990600e+00	1.183900e-02	0.000000e+00	0.000000e+00	0.000000e+00
-2.650000e+00	1.356380e-01	1.398150e-01	1.818780e-01	1.079625e+01	1.077646e+01	1.300896e+01	0.000000e+00	0.000000e+00	0.000000e+00	1.075927e+01	1.305900e-02	0.000000e+00	0.000000e+00	0.000000e+00
-2.600000e+00	1.383930e-01	1.400270e-01	1.940830e-01	1.155509e+01	1.153288e+01	1.401083e+01	0.000000e+00	0.000000e+00	0.000000e+00	1.150996e+01	1.436400e-02	0.000000e+00	0.000000e+00	0.000000e+00
-2.550000e+00	1.410680e-01	1.404700e-01	2.078400e-01	1.228223e+01	1.225711e+01	1.500956e+01	0.000000e+00	0.000000e+00	0.000000e+00	1.223345e+01	1.584500e-02	0.000000e+00	0.000000e+00	0.000000e+00
-2.500000e+00	1.436290e-01	1.403390e-01	2.236800e-01	1.294519e+01	1.291884e+01	1.597122e+01	0.000000e+00	0.000000e+00	0.000000e+00	1.289845e+01	1.750000e-02	0.000000e+00	0.000000e+00	0.000000e+00
-2.450000e+00	1.460190e-01	1.401920e-01	2.412470e-01	1.355627e+01	1.353066e+01	1.690227e+01	0.000000e+00	0.000000e+00	0.000000e+00	1.350616e+01	1.927500e-02	0.000000e+00	0.000000e+00	0.000000e+00
-2.400000e+00	1.484000e-01	1.400030e-01	2.606620e-01	1.410492e+01	1.407664e+01	1.778843e+01	0.000000e+00	0.000000e+00	0.000000e+00	1.404922e+01	2.133900e-02	0.000000e+00	0.000000e+00	0.000000e+00
-2.350000e+00	1.508110e-01	1.398680e-01	2.823780e-01	1.457710e+01	1.454610e+01	1.861809e+01	0.000000e+00	0.000000e+00	0.000000e+00	1.451899e+01	2.350900e-02	0.000000e+00	0.000000e+00	0.000000e+00
-2.300000e+00	1.531980e-01	1.398740e-01	3.068660e-01	1.496088e+01	1.493132e+01	1.938141e+01	0.000000e+00	0.000000e+00	0.000000e+00	1.490616e+01	2.555700e-02	0.000000e+00	0.000000e+00	0.000000e+00
-2.250000e+00	1.554580e-01	1.399800e-01	3.341000e-01	1.525307e+01	1.522430e+01	2.006878e+01	0.000000e+00	0.000000e+00	0.000000e+00	1.520165e+01	2.776500e-02	0.000000e+00	0.000000e+00	0.000000e+00
-2.200000e+00	1.579370e-01	1.396260e-01	3.651550e-01	1.543034e+01	1.539767e+01	2.063336e+01	0.000000e+00	0.000000e+00	0.000000e+00	1.537291e+01	3.019200e-02	0.000000e+00	0.000000e+00	0.000000e+00
-2.150000e+00	1.602010e-01	1.394490e-01	3.987970e-01	1.551250e+01	1.547265e+01	2.108419e+01	0.000000e+00	0.000000e+00	0.000000e+00	1.544629e+01	3.275300e-02	0.000000e+00	0.000000e+00	0.000000e+00
-2.100000e+00	1.623980e-01	1.392970e-01	4.360640e-01	1.549927e+01	1.545232e+01	2.140576e+01	0.000000e+00	0.000000e+00	0.000000e+00	1.542637e+01	3.531200e-02	0.000000e+00	0.000000e+00	0.000000e+00
-2.050000e+00	1.647540e-01	1.391330e-01	4.770330e-01	1.539340e+01	1.534023e+01	2.157111e+01	0.000000e+00	0.000000e+00	0.000000e+00	1.531479e+01	3.793200e-02	0.000000e+00	0.000000e+00	0.000000e+00
-2.000000e+00	1.672840e-01	1.390040e-01	5.214580e-01	1.519909e+01	1.514107e+01	2.154517e+01	0.000000e+00	0.000000e+00	0.000000e+00	1.511449e+01	4.074300e-02	0.000000e+00	0.000000e+00	0.000000e+00
-1.950000e+00	1.694760e-01	1.390000e-01	5.698870e-01	1.492036e+01	1.486144e+01	2.128970e+01	0.000000e+00	0.000000e+00	0.000000e+00	1.483396e+01	4.374100e-02	0.000000e+00	0.000000e+00	0.000000e+00
-1.900000e+00	1.714060e-01	1.389210e-01	6.224190e-01	1.455649e+01	1.449049e+01	2.067022e+01	0.000000e+00	0.000000e+00	0.000000e+00	1.446773e+01	4.607600e-02	0.000000e+00	0.000000e+00	0.000000e+00
-1.850000e+00	1.733670e-01	1.384260e-01	6.784560e-01	1.413406e+01	1.406167e+01	1.980809e+01	0.000000e+00	0.000000e+00	0.000000e+00	1.404143e+01	4.846900e-02	0.000000e+00	0.000000e+00	0.000000e+00
-1.800000e+00	1.752080e-01	1.380420e-01	7.381130e-01	1.366158e+01	1.358449e+01	1.890499e+01	0.000000e+00	0.000000e+00	0.000000e+00	1.356486e+01	5.090300e-02	0.000000e+00	0.000000e+00	0.000000e+00
-1.750000e+00	1.770400e-01	1.379120e-01	8.015330e-01	1.314724e+01	1.306758e+01	1.804041e+01	0.000000e+00	0.000000e+00	0.000000e+00	1.304765e+01	5.320100e-02	0.000000e+00	0.000000e+00	0.000000e+00
-1.700000e+00	1.790290e-01	1.378460e-01	8.685410e-01	1.259926e+01	1.251843e+01	1.720344e+01	0.000000e+00	0.000000e+00	0.000000e+00	1.249816e+01	5.524200e-02	0.000000e+00	0.000000e+00	0.000000e+00
-1.650000e+00	1.811910e-01	1.373780e-01	9.381090e-01	1.202601e+01	1.194335e+01	1.632257e+01	0.000000e+00	0.000000e+00	0.000000e+00	1.192271e+01	5.724600e-02	0.000000e+00	0.000000e+00	0.000000e+00
-1.600000e+00	1.832340e-01	1.369100e-01	1.009919e+00	1.142297e+01	1.133961e+01	1.534909e+01	0.000000e+00	0.000000e+00	0.000000e+00	1.131834e+01	5.869300e-02	0.000000e+00	0.000000e+00	0.000000e+00
-1.550000e+00	1.852190e-01	1.364660e-01	1.084012e+00	1.080792e+01	1.072627e+01	1.432845e+01	0.000000e+00	0.000000e+00	0.000000e+00	1.070416e+01	5.951800e-02	0.000000e+00	0.000000e+00	0.000000e+00
-1.500000e+00	1.868720e-01	1.358210e-01	1.159665e+00	1.018416e+01	1.010441e+01	1.327159e+01	0.000000e+00	0.000000e+00	0.000000e+00	1.008355e+01	6.003800e-02	0.000000e+00	0.000000e+00	0.000000e+00
-1.450000e+00	1.881920e-01	1.351590e-01	1.236549e+00	9.554838e+00	9.480132e+00	1.219295e+01	0.000000e+00	0.000000e+00	0.000000e+00	9.461034e+00	6.023300e-02	0.000000e+00	0.000000e+00	0.000000e+00
-1.400000e+00	1.894110e-01	1.345760e-01	1.314197e+00	8.924026e+00	8.858896e+00	1.110580e+01	0.000000e+00	0.000000e+00	0.000000e+00	8.840900e+00	5.998400e-02	0.000000e+00	0.000000e+00	0.000000e+00
-1.350000e+00	1.909470e-01	1.335970e-01	1.391226e+00	8.297449e+00	8.241686e+00	1.001954e+01	0.000000e+00	0.000000e+00	0.000000e+00	8.226180e+00	5.932400e-02	0.000000e+00	0.000000e+00	0.000000e+00
-1.300000e+00	1.921150e-01	1.325630e-01	1.464933e+00	7.668749e+00	7.625382e+00	8.927229e+00	0.000000e+00	0.000000e+00	0.000000e+00	7.613281e+00	5.857700e-02	0.000000e+00	0.000000e+00	0.000000e+00
-1.250000e+00	1.929650e-01	1.314090e-01	1.536210e+00	7.053564e+00	7.024300e+00	7.872593e+00	0.000000e+00	0.000000e+00	0.000000e+00	7.011979e+00	5.704400e-02	0.000000e+00	0.000000e+00	0.000000e+00
-1.200000e+00	1.937340e-01	1.305440e-01	1.602608e+00	6.451148e+00	6.439585e+00	6.861935e+00	0.000000e+00	0.000000e+00	0.000000e+00	6.425329e+00	5.532800e-02	0.000000e+00	0.000000e+00	0.000000e+00
-1.150000e+00	1.945880e-01	1.296460e-01	1.662661e+00	5.864024e+00	5.871578e+00	5.905710e+00	0.000000e+00	0.000000e+00	0.000000e+00	5.856914e+00	5.336900e-02	0.000000e+00	0.000000e+00	0.000000e+00
-1.100000e+00	1.952920e-01	1.283230e-01	1.715603e+00	5.295760e+00	5.322491e+00	5.013589e+00	0.000000e+00	0.000000e+00	0.000000e+00	5.310264e+00	5.098900e-02	0.000000e+00	0.000000e+00	0.000000e+00
-1.050000e+00	1.948670e-01	1.267660e-01	1.760921e+00	4.749501e+00	4.797692e+00	4.192069e+00	0.000000e+00	0.000000e+00	0.000000e+00	4.788456e+00	4.836100e-02	0.000000e+00	0.000000e+00	0.000000e+00
-1.000000e+00	1.946220e-01	1.252690e-01	1.792157e+00	4.220412e+00	4.290597e+00	3.437423e+00	0.000000e+00	0.000000e+00	0.000000e+00	4.282584e+00	4.562000e-02	0.000000e+00	0.000000e+00	0.000000e+00
-9.500000e-01	1.939660e-01	1.234430e-01	1.809729e+00	3.719364e+00	3.808995e+00	2.772257e+00	0.000000e+00	0.000000e+00	0.000000e+00	3.802130e+00	4.254900e-02	0.000000e+00	0.000000e+00	0.000000e+00
-9.000000e-01	1.934670e-01	1.215450e-01	1.813389e+00	3.247205e+00	3.353935e+00	2.197588e+00	0.000000e+00	0.000000e+00	0.000000e+00	3.348219e+00	3.948300e-02	0.000000e+00	0.000000e+00	0.000000e+00
-8.500000e-01	1.927820e-01	1.195780e-01	1.801190e+00	2.806366e+00	2.927093e+00	1.710297e+00	0.000000e+00	0.000000e+00	0.000000e+00	2.921562e+00	3.630800e-02	0.000000e+00	0.000000e+00	0.000000e+00
-8.000000e-01	1.913930e-01	1.173800e-01	1.770557e+00	2.399063e+00	2.529436e+00	1.305781e+00	0.000000e+00	0.000000e+00	0.000000e+00	2.523766e+00	3.285700e-02	0.000000e+00	0.000000e+00	0.000000e+00
-7.500000e-01	1.893380e-01	1.147060e-01	1.719493e+00	2.026424e+00	2.160745e+00	9.784680e-01	0.000000e+00	0.000000e+00	0.000000e+00	2.157649e+00	2.917900e-02	0.000000e+00	0.000000e+00	0.000000e+00
-7.000000e-01	1.865620e-01	1.122980e-01	1.643186e+00	1.681138e+00	1.817359e+00	7.163000e-01	0.000000e+00	0.000000e+00	0.000000e+00	1.814380e+00	2.600000e-02	0.000000e+00	0.000000e+00	0.000000e+00
-6.500000e-01	1.833820e-01	1.094140e-01	1.547441e+00	1.372418e+00	1.506510e+00	5.127310e-01	0.000000e+00	0.000000e+00	0.000000e+00	1.504406e+00	2.297700e-02	0.000000e+00	0.000000e+00	0.000000e+00
-6.000000e-01	1.796780e-01	1.062030e-01	1.433628e+00	1.100584e+00	1.227376e+00	3.591470e-01	0.000000e+00	0.000000e+00	0.000000e+00	1.226248e+00	2.009500e-02	0.000000e+00	0.000000e+00	0.000000e+00
-5.500000e-01	1.753600e-01	1.025430e-01	1.303894e+00	8.645040e-01	9.810190e-01	2.457620e-01	0.000000e+00	0.000000e+00	0.000000e+00	9.803630e-01	1.734300e-02	0.000000e+00	0.000000e+00	0.000000e+00
-5.000000e-01	1.703970e-01	9.846300e-02	1.161156e+00	6.631470e-01	7.676810e-01	1.639930e-01	0.000000e+00	0.000000e+00	0.000000e+00	7.668550e-01	1.475400e-02	0.000000e+00	0.000000e+00	0.000000e+00
-4.500000e-01	1.648480e-01	9.446800e-02	1.009135e+00	4.956850e-01	5.860580e-01	1.067480e-01	0.000000e+00	0.000000e+00	0.000000e+00	5.847390e-01	1.240500e-02	0.000000e+00	0.000000e+00	0.000000e+00
-4.000000e-01	1.589830e-01	9.022600e-02	8.445750e-01	3.567200e-01	4.300650e-01	6.691300e-02	0.000000e+00	0.000000e+00	0.000000e+00	4.291910e-01	1.003300e-02	0.000000e+00	0.000000e+00	0.000000e+00
-3.500000e-01	1.525490e-01	8.580900e-02	6.816790e-01	2.475690e-01	3.036890e-01	4.041800e-02	0.000000e+00	0.000000e+00	0.000000e+00	3.031730e-01	8.179000e-03	0.000000e+00	0.000000e+00	0.000000e+00
-3.000000e-01	1.457500e-01	8.136300e-02	5.264620e-01	1.648590e-01	2.047080e-01	2.351100e-02	0.000000e+00	0.000000e+00	0.000000e+00	2.043980e-01	6.529000e-03	0.000000e+00	0.000000e+00	0.000000e+00
-2.500000e-01	1.386540e-01	7.679500e-02	3.893620e-01	1.054030e-01	1.314050e-01	1.331500e-02	0.000000e+00	0.000000e+00	0.000000e+00	1.314700e-01	5.098000e-03	0.000000e+00	0.000000e+00	0.000000e+00
-2.000000e-01	1.310970e-01	7.207300e-02	2.679640e-01	6.316400e-02	7.770100e-02	7.520000e-03	0.000000e+00	0.000000e+00	0.000000e+00	7.797100e-02	3.721000e-03	0.000000e+00	0.000000e+00	0.000000e+00
-1.500000e-01	1.234260e-01	6.717800e-02	1.710100e-01	3.541800e-02	4.240600e-02	4.347000e-03	0.000000e+00	0.000000e+00	0.000000e+00	4.254900e-02	3.945000e-03	0.000000e+00	0.000000e+00	0.000000e+00
-1.000000e-01	1.157340e-01	6.196200e-02	1.008220e-01	1.896100e-02	2.093300e-02	2.730000e-03	0.000000e+00	0.000000e+00	0.000000e+00	2.106400e-02	5.133500e-02	0.000000e+00	0.000000e+00	0.000000e+00
-5.000000e-02	1.080090e-01	5.663400e-02	5.820400e-02	1.036500e-02	1.012000e-02	1.764000e-03	0.000000e+00	0.000000e+00	0.000000e+00	1.022400e-02	2.812585e+00	0.000000e+00	0.000000e+00	0.000000e+00
0.000000e+00	1.031330e-01	5.327200e-02	4.162800e-02	7.207000e-03	6.416000e-03	1.329000e-03	0.000000e+00	0.000000e+00	0.000000e+00	6.476000e-03	7.049959e+01	0.000000e+00	0.000000e+00	0.000000e+00
