-8.900000e+00	0.000000e+00	0.000000e+00	0.000000e+00	0.000000e+00	0.000000e+00	2.000000e-06	8.900000e-05	7.800000e-05	1.300000e-05	0.000000e+00	3.000000e-06	2.000000e-06	2.000000e-06	2.000000e-06
-8.850000e+00	1.000000e-06	1.000000e-06	1.000000e-06	1.000000e-06	1.000000e-06	3.000000e-06	1.140000e-04	9.000000e-05	1.700000e-05	0.000000e+00	4.000000e-06	2.000000e-06	2.000000e-06	2.000000e-06
-8.800000e+00	1.000000e-06	1.000000e-06	1.000000e-06	1.000000e-06	1.000000e-06	4.000000e-06	1.520000e-04	1.060000e-04	2.300000e-05	0.000000e+00	5.000000e-06	3.000000e-06	3.000000e-06	3.000000e-06
-8.750000e+00	2.000000e-06	2.000000e-06	2.000000e-06	2.000000e-06	2.000000e-06	6.000000e-06	1.900000e-04	1.270000e-04	3.000000e-05	0.000000e+00	7.000000e-06	4.000000e-06	4.000000e-06	4.000000e-06
-8.700000e+00	3.000000e-06	2.000000e-06	2.000000e-06	2.000000e-06	2.000000e-06	8.000000e-06	2.320000e-04	1.530000e-04	3.900000e-05	0.000000e+00	8.000000e-06	5.000000e-06	5.000000e-06	5.000000e-06
-8.650000e+00	4.000000e-06	3.000000e-06	3.000000e-06	3.000000e-06	3.000000e-06	1.000000e-05	2.780000e-04	1.830000e-04	5.100000e-05	0.000000e+00	1.000000e-05	6.000000e-06	6.000000e-06	6.000000e-06
-8.600000e+00	4.000000e-06	4.000000e-06	4.000000e-06	4.000000e-06	4.000000e-06	1.300000e-05	3.250000e-04	2.140000e-04	6.600000e-05	0.000000e+00	1.200000e-05	8.000000e-06	8.000000e-06	8.000000e-06
-8.550000e+00	5.000000e-06	5.000000e-06	5.000000e-06	5.000000e-06	5.000000e-06	1.700000e-05	3.680000e-04	2.330000e-04	8.300000e-05	0.000000e+00	1.500000e-05	9.000000e-06	9.000000e-06	9.000000e-06
-8.500000e+00	6.000000e-06	6.000000e-06	6.000000e-06	6.000000e-06	6.000000e-06	2.100000e-05	4.170000e-04	2.600000e-04	1.030000e-04	0.000000e+00	1.800000e-05	1.200000e-05	1.200000e-05	1.200000e-05
-8.450000e+00	7.000000e-06	7.000000e-06	8.000000e-06	7.000000e-06	7.000000e-06	2.700000e-05	5.000000e-04	3.020000e-04	1.280000e-04	0.000000e+00	2.200000e-05	1.400000e-05	1.400000e-05	1.400000e-05
-8.400000e+00	9.000000e-06	9.000000e-06	9.000000e-06	9.000000e-06	9.000000e-06	3.300000e-05	6.010000e-04	3.540000e-04	1.590000e-04	0.000000e+00	2.700000e-05	1.800000e-05	1.800000e-05	1.800000e-05
-8.350000e+00	1.100000e-05	1.100000e-05	1.100000e-05	1.100000e-05	1.100000e-05	4.100000e-05	7.080000e-04	4.140000e-04	1.960000e-04	0.000000e+00	3.200000e-05	2.100000e-05	2.100000e-05	2.100000e-05
-8.300000e+00	1.400000e-05	1.300000e-05	1.300000e-05	1.300000e-05	1.300000e-05	4.900000e-05	8.180000e-04	4.840000e-04	2.390000e-04	0.000000e+00	3.800000e-05	2.600000e-05	2.600000e-05	2.600000e-05
-8.250000e+00	1.500000e-05	1.500000e-05	1.500000e-05	1.500000e-05	1.500000e-05	5.800000e-05	9.460000e-04	5.430000e-04	2.860000e-04	0.000000e+00	4.400000e-05	3.000000e-05	3.000000e-05	3.000000e-05
-8.200000e+00	1.800000e-05	1.700000e-05	1.800000e-05	1.700000e-05	1.700000e-05	6.800000e-05	1.104000e-03	6.200000e-04	3.360000e-04	0.000000e+00	5.100000e-05	3.500000e-05	3.500000e-05	3.500000e-05
-8.150000e+00	2.000000e-05	2.000000e-05	2.100000e-05	2.000000e-05	2.000000e-05	7.900000e-05	1.254000e-03	6.990000e-04	3.870000e-04	0.000000e+00	5.900000e-05	4.100000e-05	4.100000e-05	4.100000e-05
-8.100000e+00	2.400000e-05	2.400000e-05	2.400000e-05	2.300000e-05	2.300000e-05	8.900000e-05	1.439000e-03	7.920000e-04	4.390000e-04	0.000000e+00	6.700000e-05	4.700000e-05	4.700000e-05	4.700000e-05
-8.050000e+00	2.700000e-05	2.800000e-05	2.800000e-05	2.700000e-05	2.600000e-05	1.000000e-04	1.660000e-03	9.040000e-04	4.980000e-04	0.000000e+00	7.700000e-05	5.300000e-05	5.300000e-05	5.300000e-05
-8.000000e+00	3.000000e-05	3.100000e-05	3.100000e-05	3.100000e-05	3.000000e-05	1.120000e-04	1.889000e-03	1.033000e-03	5.620000e-04	0.000000e+00	8.700000e-05	6.100000e-05	6.100000e-05	6.100000e-05
-7.950000e+00	3.400000e-05	3.500000e-05	3.500000e-05	3.400000e-05	3.400000e-05	1.230000e-04	2.118000e-03	1.178000e-03	6.240000e-04	0.000000e+00	9.800000e-05	6.900000e-05	6.800000e-05	6.900000e-05
-7.900000e+00	3.800000e-05	4.000000e-05	3.900000e-05	3.800000e-05	3.800000e-05	1.350000e-04	2.340000e-03	1.337000e-03	6.840000e-04	0.000000e+00	1.090000e-04	7.600000e-05	7.600000e-05	7.700000e-05
-7.850000e+00	4.200000e-05	4.400000e-05	4.500000e-05	4.300000e-05	4.200000e-05	1.460000e-04	2.617000e-03	1.495000e-03	7.470000e-04	0.000000e+00	1.210000e-04	8.500000e-05	8.500000e-05	8.600000e-05
-7.800000e+00	4.600000e-05	4.900000e-05	5.100000e-05	4.700000e-05	4.600000e-05	1.580000e-04	2.939000e-03	1.654000e-03	8.140000e-04	0.000000e+00	1.340000e-04	9.300000e-05	9.300000e-05	9.500000e-05
-7.750000e+00	5.000000e-05	5.400000e-05	5.800000e-05	5.100000e-05	5.000000e-05	1.700000e-04	3.282000e-03	1.827000e-03	8.910000e-04	1.000000e-06	1.470000e-04	1.030000e-04	1.030000e-04	1.070000e-04
-7.700000e+00	5.600000e-05	5.800000e-05	6.500000e-05	5.500000e-05	5.500000e-05	1.820000e-04	3.628000e-03	2.030000e-03	9.750000e-04	2.000000e-06	1.610000e-04	1.120000e-04	1.120000e-04	1.210000e-04
-7.650000e+00	6.100000e-05	6.300000e-05	7.500000e-05	6.000000e-05	5.900000e-05	1.940000e-04	4.003000e-03	2.260000e-03	1.055000e-03	2.000000e-06	1.750000e-04	1.220000e-04	1.220000e-04	1.400000e-04
-7.600000e+00	6.700000e-05	6.700000e-05	9.000000e-05	6.400000e-05	6.400000e-05	2.050000e-04	4.426000e-03	2.490000e-03	1.134000e-03	0.000000e+00	1.900000e-04	1.310000e-04	1.310000e-04	1.640000e-04
-7.550000e+00	7.100000e-05	7.200000e-05	1.150000e-04	6.800000e-05	6.800000e-05	2.170000e-04	4.779000e-03	2.752000e-03	1.223000e-03	1.000000e-06	2.030000e-04	1.400000e-04	1.400000e-04	1.940000e-04
-7.500000e+00	7.500000e-05	7.800000e-05	1.540000e-04	7.300000e-05	7.200000e-05	2.270000e-04	5.149000e-03	3.057000e-03	1.318000e-03	1.000000e-06	2.170000e-04	1.490000e-04	1.490000e-04	2.320000e-04
-7.450000e+00	7.900000e-05	8.200000e-05	2.140000e-04	7.700000e-05	7.600000e-05	2.370000e-04	5.547000e-03	3.399000e-03	1.419000e-03	0.000000e+00	2.300000e-04	1.580000e-04	1.580000e-04	2.790000e-04
-7.400000e+00	8.200000e-05	8.500000e-05	3.100000e-04	8.000000e-05	8.000000e-05	2.470000e-04	5.936000e-03	3.769000e-03	1.526000e-03	0.000000e+00	2.430000e-04	1.660000e-04	1.660000e-04	3.350000e-04
-7.350000e+00	8.500000e-05	8.900000e-05	4.780000e-04	8.400000e-05	8.400000e-05	2.550000e-04	6.295000e-03	4.203000e-03	1.612000e-03	0.000000e+00	2.550000e-04	1.740000e-04	1.740000e-04	4.050000e-04
-7.300000e+00	8.700000e-05	9.300000e-05	8.370000e-04	8.800000e-05	8.700000e-05	2.630000e-04	6.614000e-03	4.633000e-03	1.691000e-03	0.000000e+00	2.660000e-04	1.800000e-04	1.810000e-04	4.890000e-04
-7.250000e+00	9.000000e-05	9.500000e-05	1.639000e-03	9.100000e-05	9.000000e-05	2.690000e-04	6.867000e-03	5.085000e-03	1.785000e-03	0.000000e+00	2.760000e-04	1.870000e-04	1.870000e-04	5.880000e-04
-7.200000e+00	9.400000e-05	9.600000e-05	3.498000e-03	9.400000e-05	9.300000e-05	2.760000e-04	7.086000e-03	5.575000e-03	1.886000e-03	0.000000e+00	2.840000e-04	1.930000e-04	1.930000e-04	6.930000e-04
-7.150000e+00	9.700000e-05	9.800000e-05	7.890000e-03	9.600000e-05	9.600000e-05	2.820000e-04	7.276000e-03	6.091000e-03	2.010000e-03	2.000000e-06	2.900000e-04	1.980000e-04	1.980000e-04	7.910000e-04
-7.100000e+00	9.900000e-05	1.010000e-04	1.648800e-02	9.900000e-05	9.900000e-05	2.870000e-04	7.420000e-03	6.564000e-03	2.159000e-03	4.000000e-06	2.940000e-04	2.020000e-04	2.020000e-04	8.710000e-04
-7.050000e+00	9.900000e-05	1.030000e-04	2.297200e-02	1.010000e-04	1.020000e-04	2.920000e-04	7.467000e-03	6.823000e-03	2.269000e-03	5.000000e-06	2.980000e-04	2.070000e-04	2.070000e-04	9.410000e-04
-7.000000e+00	1.020000e-04	1.060000e-04	2.678200e-02	1.040000e-04	1.050000e-04	2.970000e-04	7.508000e-03	7.058000e-03	2.397000e-03	5.000000e-06	3.000000e-04	2.100000e-04	2.110000e-04	1.005000e-03
-6.950000e+00	1.060000e-04	1.060000e-04	3.003600e-02	1.070000e-04	1.060000e-04	3.040000e-04	7.535000e-03	7.261000e-03	2.556000e-03	6.000000e-06	3.030000e-04	2.140000e-04	2.140000e-04	1.069000e-03
-6.900000e+00	1.120000e-04	1.070000e-04	3.290700e-02	1.110000e-04	1.080000e-04	3.090000e-04	7.614000e-03	7.416000e-03	2.715000e-03	9.000000e-06	3.070000e-04	2.180000e-04	2.180000e-04	1.131000e-03
-6.850000e+00	1.160000e-04	1.110000e-04	3.558800e-02	1.160000e-04	1.120000e-04	3.120000e-04	7.713000e-03	7.524000e-03	2.875000e-03	1.300000e-05	3.100000e-04	2.210000e-04	2.210000e-04	1.192000e-03
-6.800000e+00	1.170000e-04	1.180000e-04	3.821900e-02	1.220000e-04	1.190000e-04	3.150000e-04	7.784000e-03	7.588000e-03	3.050000e-03	1.600000e-05	3.120000e-04	2.250000e-04	2.250000e-04	1.253000e-03
-6.750000e+00	1.180000e-04	1.250000e-04	4.085800e-02	1.310000e-04	1.250000e-04	3.230000e-04	7.862000e-03	7.612000e-03	3.245000e-03	2.000000e-05	3.150000e-04	2.290000e-04	2.290000e-04	1.313000e-03
-6.700000e+00	1.260000e-04	1.330000e-04	4.340600e-02	1.360000e-04	1.370000e-04	3.380000e-04	7.906000e-03	7.634000e-03	3.493000e-03	3.100000e-05	3.200000e-04	2.330000e-04	2.330000e-04	1.373000e-03
-6.650000e+00	1.450000e-04	1.520000e-04	4.597800e-02	1.500000e-04	1.480000e-04	3.630000e-04	7.986000e-03	7.683000e-03	3.675000e-03	4.300000e-05	3.250000e-04	2.370000e-04	2.380000e-04	1.433000e-03
-6.600000e+00	1.830000e-04	1.920000e-04	4.850200e-02	1.680000e-04	1.650000e-04	3.920000e-04	8.077000e-03	7.753000e-03	3.867000e-03	5.800000e-05	3.290000e-04	2.420000e-04	2.430000e-04	1.492000e-03
-6.550000e+00	2.700000e-04	2.800000e-04	5.099000e-02	1.910000e-04	1.890000e-04	4.240000e-04	8.150000e-03	7.851000e-03	4.094000e-03	7.800000e-05	3.310000e-04	2.490000e-04	2.500000e-04	1.551000e-03
-6.500000e+00	4.850000e-04	5.000000e-04	5.340600e-02	2.240000e-04	2.250000e-04	4.640000e-04	8.214000e-03	7.982000e-03	4.342000e-03	1.060000e-04	3.360000e-04	2.580000e-04	2.600000e-04	1.610000e-03
-6.450000e+00	1.008000e-03	1.061000e-03	5.548300e-02	2.670000e-04	2.690000e-04	5.360000e-04	8.365000e-03	8.127000e-03	4.586000e-03	1.440000e-04	3.430000e-04	2.750000e-04	2.790000e-04	1.671000e-03
-6.400000e+00	2.215000e-03	2.373000e-03	5.812200e-02	3.280000e-04	3.150000e-04	6.190000e-04	8.630000e-03	8.214000e-03	4.851000e-03	1.910000e-04	3.520000e-04	3.090000e-04	3.180000e-04	1.733000e-03
-6.350000e+00	4.026000e-03	4.307000e-03	6.053300e-02	4.060000e-04	3.780000e-04	7.300000e-04	8.860000e-03	8.414000e-03	5.129000e-03	2.630000e-04	3.640000e-04	3.570000e-04	3.700000e-04	1.794000e-03
-6.300000e+00	6.239000e-03	6.626000e-03	6.306500e-02	5.090000e-04	4.700000e-04	8.770000e-04	9.157000e-03	8.638000e-03	5.430000e-03	3.570000e-04	3.780000e-04	4.150000e-04	4.310000e-04	1.855000e-03
-6.250000e+00	8.643000e-03	9.092000e-03	6.575400e-02	6.440000e-04	5.950000e-04	1.073000e-03	9.476000e-03	8.871000e-03	5.768000e-03	4.760000e-04	3.920000e-04	4.790000e-04	4.980000e-04	1.918000e-03
-6.200000e+00	1.117400e-02	1.161300e-02	6.844200e-02	8.180000e-04	7.540000e-04	1.333000e-03	9.792000e-03	9.144000e-03	6.142000e-03	6.280000e-04	4.040000e-04	5.480000e-04	5.680000e-04	1.982000e-03
-6.150000e+00	1.368800e-02	1.406700e-02	7.095100e-02	1.051000e-03	9.780000e-04	1.642000e-03	1.029400e-02	9.497000e-03	6.495000e-03	8.410000e-04	4.160000e-04	6.200000e-04	6.420000e-04	2.048000e-03
-6.100000e+00	1.616700e-02	1.658800e-02	7.327900e-02	1.300000e-03	1.255000e-03	2.076000e-03	1.088300e-02	9.936000e-03	7.069000e-03	1.140000e-03	4.360000e-04	6.920000e-04	7.170000e-04	2.116000e-03
-6.050000e+00	1.873100e-02	1.905800e-02	7.580000e-02	1.656000e-03	1.623000e-03	2.555000e-03	1.163000e-02	1.039800e-02	7.691000e-03	1.510000e-03	4.570000e-04	7.660000e-04	7.940000e-04	2.188000e-03
-6.000000e+00	2.121700e-02	2.161900e-02	7.828800e-02	2.157000e-03	2.098000e-03	3.154000e-03	1.257600e-02	1.100100e-02	8.365000e-03	1.991000e-03	4.860000e-04	8.460000e-04	8.770000e-04	2.264000e-03
-5.950000e+00	2.360900e-02	2.423200e-02	8.065200e-02	2.809000e-03	2.730000e-03	3.930000e-03	1.380900e-02	1.173400e-02	9.163000e-03	2.611000e-03	5.210000e-04	9.320000e-04	9.660000e-04	2.343000e-03
-5.900000e+00	2.601400e-02	2.679000e-02	8.291600e-02	3.619000e-03	3.595000e-03	4.927000e-03	1.539300e-02	1.256600e-02	1.018300e-02	3.398000e-03	5.640000e-04	1.022000e-03	1.061000e-03	2.427000e-03
-5.850000e+00	2.858200e-02	2.937800e-02	8.517400e-02	4.725000e-03	4.727000e-03	6.200000e-03	1.723800e-02	1.359000e-02	1.148300e-02	4.471000e-03	6.160000e-04	1.119000e-03	1.164000e-03	2.516000e-03
-5.800000e+00	3.114400e-02	3.201200e-02	8.769400e-02	6.118000e-03	6.177000e-03	7.901000e-03	1.943300e-02	1.489300e-02	1.300000e-02	5.956000e-03	6.710000e-04	1.225000e-03	1.277000e-03	2.613000e-03
-5.750000e+00	3.366500e-02	3.458100e-02	9.023200e-02	7.926000e-03	8.028000e-03	1.015100e-02	2.232800e-02	1.651400e-02	1.482500e-02	7.818000e-03	7.380000e-04	1.342000e-03	1.402000e-03	2.705000e-03
-5.700000e+00	3.615200e-02	3.714300e-02	9.282500e-02	1.030000e-02	1.034500e-02	1.289400e-02	2.593700e-02	1.849400e-02	1.699900e-02	1.016500e-02	8.220000e-04	1.472000e-03	1.543000e-03	2.817000e-03
-5.650000e+00	3.855700e-02	3.976700e-02	9.538400e-02	1.342300e-02	1.333300e-02	1.629200e-02	3.052300e-02	2.091300e-02	1.961800e-02	1.316200e-02	9.230000e-04	1.618000e-03	1.702000e-03	2.952000e-03
-5.600000e+00	4.088500e-02	4.251900e-02	9.784700e-02	1.746600e-02	1.730800e-02	2.070700e-02	3.645300e-02	2.389200e-02	2.284500e-02	1.703100e-02	1.042000e-03	1.784000e-03	1.884000e-03	3.103000e-03
-5.550000e+00	4.334300e-02	4.544000e-02	1.003700e-01	2.247300e-02	2.242100e-02	2.635800e-02	4.377600e-02	2.758100e-02	2.690400e-02	2.200000e-02	1.182000e-03	1.975000e-03	2.097000e-03	3.275000e-03
-5.500000e+00	4.579600e-02	4.820700e-02	1.025920e-01	2.888800e-02	2.881700e-02	3.353100e-02	5.268400e-02	3.200300e-02	3.181600e-02	2.838500e-02	1.367000e-03	2.198000e-03	2.351000e-03	3.479000e-03
-5.450000e+00	4.836500e-02	5.089300e-02	1.048780e-01	3.709400e-02	3.711400e-02	4.250300e-02	6.399600e-02	3.730700e-02	3.773900e-02	3.655000e-02	1.589000e-03	2.459000e-03	2.649000e-03	3.719000e-03
-5.400000e+00	5.092500e-02	5.363200e-02	1.072800e-01	4.755800e-02	4.766300e-02	5.365500e-02	7.851700e-02	4.367600e-02	4.484600e-02	4.681100e-02	1.841000e-03	2.765000e-03	2.996000e-03	4.002000e-03
-5.350000e+00	5.351300e-02	5.651800e-02	1.095940e-01	6.068300e-02	6.088800e-02	6.754000e-02	9.693700e-02	5.137200e-02	5.341900e-02	5.971800e-02	2.140000e-03	3.126000e-03	3.405000e-03	4.337000e-03
-5.300000e+00	5.618600e-02	5.958500e-02	1.116820e-01	7.701800e-02	7.738400e-02	8.494200e-02	1.200750e-01	6.067400e-02	6.377800e-02	7.607500e-02	2.510000e-03	3.554000e-03	3.890000e-03	4.738000e-03
-5.250000e+00	5.883700e-02	6.279100e-02	1.138360e-01	9.797400e-02	9.813000e-02	1.069060e-01	1.496760e-01	7.169900e-02	7.609200e-02	9.673800e-02	2.969000e-03	4.060000e-03	4.459000e-03	5.215000e-03
-5.200000e+00	6.134300e-02	6.612700e-02	1.162390e-01	1.241790e-01	1.240390e-01	1.343640e-01	1.848720e-01	8.500000e-02	9.078900e-02	1.225710e-01	3.506000e-03	4.669000e-03	5.135000e-03	5.794000e-03
-5.150000e+00	6.400700e-02	6.941800e-02	1.184620e-01	1.568530e-01	1.566660e-01	1.683430e-01	2.269110e-01	1.008140e-01	1.080270e-01	1.548220e-01	4.151000e-03	5.395000e-03	5.945000e-03	6.499000e-03
-5.100000e+00	6.687900e-02	7.278000e-02	1.205500e-01	1.974830e-01	1.971550e-01	2.101320e-01	2.778770e-01	1.195170e-01	1.285290e-01	1.950170e-01	4.922000e-03	6.260000e-03	6.903000e-03	7.339000e-03
-5.050000e+00	6.978000e-02	7.642700e-02	1.225290e-01	2.476190e-01	2.469300e-01	2.615830e-01	3.398210e-01	1.417040e-01	1.528750e-01	2.447180e-01	5.842000e-03	7.289000e-03	8.035000e-03	8.334000e-03
-5.000000e+00	7.260400e-02	8.049600e-02	1.245020e-01	3.090370e-01	3.080250e-01	3.249930e-01	4.150150e-01	1.680080e-01	1.816290e-01	3.056600e-01	6.932000e-03	8.513000e-03	9.380000e-03	9.516000e-03
-4.950000e+00	7.571100e-02	8.482400e-02	1.267530e-01	3.842950e-01	3.836790e-01	4.024520e-01	5.069080e-01	1.986150e-01	2.157630e-01	3.803240e-01	8.219000e-03	9.968000e-03	1.096800e-02	1.092700e-02
-4.900000e+00	7.864900e-02	9.018900e-02	1.284980e-01	4.764720e-01	4.758580e-01	4.970950e-01	6.171020e-01	2.350970e-01	2.554590e-01	4.711790e-01	9.746000e-03	1.169800e-02	1.285600e-02	1.261600e-02
-4.850000e+00	8.171200e-02	9.661100e-02	1.301820e-01	5.871170e-01	5.867870e-01	6.105280e-01	7.505010e-01	2.777970e-01	3.019970e-01	5.813110e-01	1.154900e-02	1.373800e-02	1.507000e-02	1.461200e-02
-4.800000e+00	8.514700e-02	1.048520e-01	1.318900e-01	7.203690e-01	7.202450e-01	7.462100e-01	9.102060e-01	3.274310e-01	3.561500e-01	7.139080e-01	1.366300e-02	1.613500e-02	1.764500e-02	1.696400e-02
-4.750000e+00	8.890300e-02	1.164900e-01	1.337530e-01	8.797860e-01	8.797580e-01	9.083800e-01	1.100190e+00	3.850780e-01	4.190970e-01	8.722780e-01	1.611800e-02	1.893600e-02	2.060700e-02	1.972500e-02
-4.700000e+00	9.278100e-02	1.336150e-01	1.358400e-01	1.068906e+00	1.068941e+00	1.101805e+00	1.325160e+00	4.519010e-01	4.921880e-01	1.060165e+00	1.895500e-02	2.219600e-02	2.398000e-02	2.295100e-02
-4.650000e+00	9.662900e-02	1.582510e-01	1.380360e-01	1.293521e+00	1.292890e+00	1.331012e+00	1.589773e+00	5.284410e-01	5.762970e-01	1.282584e+00	2.226600e-02	2.601600e-02	2.781200e-02	2.669700e-02
-4.600000e+00	1.009470e-01	1.740350e-01	1.402240e-01	1.555468e+00	1.554317e+00	1.598762e+00	1.898715e+00	6.162960e-01	6.722140e-01	1.543226e+00	2.603000e-02	3.041500e-02	3.218800e-02	3.105200e-02
-4.550000e+00	1.054650e-01	1.833630e-01	1.427030e-01	1.861479e+00	1.858789e+00	1.910232e+00	2.257757e+00	7.165910e-01	7.818680e-01	1.845148e+00	3.032000e-02	3.548000e-02	3.722400e-02	3.607100e-02
-4.500000e+00	1.099760e-01	1.896120e-01	1.454010e-01	2.215985e+00	2.212127e+00	2.270486e+00	2.673075e+00	8.312200e-01	9.068030e-01	2.195272e+00	3.523500e-02	4.127900e-02	4.299100e-02	4.182400e-02
-4.450000e+00	1.147790e-01	1.949180e-01	1.481980e-01	2.623441e+00	2.619684e+00	2.685107e+00	3.150787e+00	9.617810e-01	1.049036e+00	2.599337e+00	4.085000e-02	4.789000e-02	4.956600e-02	4.838600e-02
-4.400000e+00	1.201860e-01	2.000140e-01	1.511210e-01	3.089139e+00	3.086334e+00	3.159358e+00	3.696727e+00	1.109723e+00	1.210670e+00	3.061823e+00	4.722200e-02	5.539400e-02	5.702700e-02	5.584200e-02
-4.350000e+00	1.258880e-01	2.045110e-01	1.545600e-01	3.620870e+00	3.617004e+00	3.696361e+00	4.316232e+00	1.276833e+00	1.393020e+00	3.586992e+00	5.442600e-02	6.387200e-02	6.545700e-02	6.427300e-02
-4.300000e+00	1.320500e-01	2.097680e-01	1.589830e-01	4.213793e+00	4.209217e+00	4.299592e+00	5.009181e+00	1.463450e+00	1.596337e+00	4.175346e+00	6.243800e-02	7.334000e-02	7.488000e-02	7.369800e-02
-4.250000e+00	1.388620e-01	2.152290e-01	1.636920e-01	4.875538e+00	4.870740e+00	4.974455e+00	5.784431e+00	1.672040e+00	1.822911e+00	4.833875e+00	7.140800e-02	8.390800e-02	8.540100e-02	8.422700e-02
-4.200000e+00	1.459140e-01	2.208170e-01	1.688230e-01	5.609667e+00	5.606666e+00	5.722745e+00	6.645171e+00	1.904052e+00	2.074931e+00	5.565274e+00	8.138100e-02	9.564100e-02	9.708800e-02	9.592200e-02
-4.150000e+00	1.532670e-01	2.265390e-01	1.743250e-01	6.419221e+00	6.418842e+00	6.546223e+00	7.594330e+00	2.160895e+00	2.354345e+00	6.371419e+00	9.240200e-02	1.086010e-01	1.100010e-01	1.088450e-01
-4.100000e+00	1.612020e-01	2.325710e-01	1.801760e-01	7.306261e+00	7.307497e+00	7.447210e+00	8.634208e+00	2.443697e+00	2.662561e+00	7.253631e+00	1.045130e-01	1.228440e-01	1.241910e-01	1.230510e-01
-4.050000e+00	1.698670e-01	2.393480e-01	1.866470e-01	8.271146e+00	8.275418e+00	8.429335e+00	9.765679e+00	2.752883e+00	3.000015e+00	8.213224e+00	1.177470e-01	1.384140e-01	1.397050e-01	1.385850e-01
-4.000000e+00	1.788520e-01	2.470030e-01	1.937720e-01	9.302770e+00	9.302798e+00	9.477194e+00	1.097658e+01	3.089546e+00	3.365358e+00	9.234957e+00	1.321360e-01	1.551860e-01	1.564280e-01	1.553290e-01
-3.950000e+00	1.883920e-01	2.545850e-01	2.015900e-01	1.040261e+01	1.040020e+01	1.059867e+01	1.226930e+01	3.454563e+00	3.762489e+00	1.032664e+01	1.477080e-01	1.732750e-01	1.744670e-01	1.733940e-01
-3.900000e+00	1.984980e-01	2.623620e-01	2.099930e-01	1.156758e+01	1.156363e+01	1.178706e+01	1.364070e+01	3.848450e+00	4.193096e+00	1.148088e+01	1.644970e-01	1.926790e-01	1.938180e-01	1.927760e-01
-3.850000e+00	2.091670e-01	2.705420e-01	2.189050e-01	1.279229e+01	1.278693e+01	1.303744e+01	1.508708e+01	4.272091e+00	4.657119e+00	1.269300e+01	1.825010e-01	2.133750e-01	2.144580e-01	2.134530e-01
-3.800000e+00	2.202810e-01	2.792270e-01	2.282900e-01	1.406944e+01	1.406235e+01	1.434433e+01	1.660210e+01	4.726208e+00	5.154296e+00	1.395827e+01	2.017020e-01	2.353190e-01	2.363420e-01	2.353810e-01
-3.750000e+00	2.314790e-01	2.883520e-01	2.381840e-01	1.539078e+01	1.538162e+01	1.569725e+01	1.817329e+01	5.210400e+00	5.687062e+00	1.526637e+01	2.221120e-01	2.584290e-01	2.594060e-01	2.584810e-01
-3.700000e+00	2.435350e-01	2.979880e-01	2.485870e-01	1.671908e+01	1.671028e+01	1.706204e+01	1.976607e+01	5.717908e+00	6.248196e+00	1.658403e+01	2.433850e-01	2.823240e-01	2.832480e-01	2.823710e-01
-3.650000e+00	2.556360e-01	3.076170e-01	2.591460e-01	1.806429e+01	1.805550e+01	1.844829e+01	2.138645e+01	6.253651e+00	6.840158e+00	1.792197e+01	2.656720e-01	3.071190e-01	3.079890e-01	3.071650e-01
-3.600000e+00	2.681330e-01	3.177610e-01	2.704920e-01	1.941307e+01	1.940450e+01	1.984368e+01	2.301742e+01	6.816056e+00	7.462381e+00	1.926413e+01	2.888680e-01	3.326770e-01	3.334940e-01	3.327270e-01
-3.550000e+00	2.808220e-01	3.283370e-01	2.824580e-01	2.075104e+01	2.074301e+01	2.123473e+01	2.464392e+01	7.403885e+00	8.114079e+00	2.059368e+01	3.128550e-01	3.588340e-01	3.595950e-01	3.588960e-01
-3.500000e+00	2.934380e-01	3.390590e-01	2.945910e-01	2.206548e+01	2.205693e+01	2.260708e+01	2.625222e+01	8.015620e+00	8.793702e+00	2.189522e+01	3.374950e-01	3.853940e-01	3.860990e-01	3.854770e-01
-3.450000e+00	3.062860e-01	3.499040e-01	3.068050e-01	2.334901e+01	2.333434e+01	2.394590e+01	2.782858e+01	8.648452e+00	9.498115e+00	2.315749e+01	3.626360e-01	4.121360e-01	4.127850e-01	4.122500e-01
-3.400000e+00	3.193820e-01	3.605190e-01	3.193960e-01	2.454203e+01	2.452613e+01	2.520384e+01	2.931760e+01	9.292011e+00	1.021938e+01	2.433981e+01	3.876550e-01	4.383380e-01	4.389350e-01	4.384940e-01
-3.350000e+00	3.320150e-01	3.705210e-01	3.319770e-01	2.566612e+01	2.564758e+01	2.640344e+01	3.073704e+01	9.949924e+00	1.096115e+01	2.545236e+01	4.128260e-01	4.642040e-01	4.647480e-01	4.644150e-01
-3.300000e+00	3.444050e-01	3.804150e-01	3.444570e-01	2.670436e+01	2.668932e+01	2.752879e+01	3.207058e+01	1.062063e+01	1.171731e+01	2.648294e+01	4.378820e-01	4.894780e-01	4.899680e-01	4.897590e-01
-3.250000e+00	3.565690e-01	3.899730e-01	3.570210e-01	2.764786e+01	2.763742e+01	2.856720e+01	3.330521e+01	1.130057e+01	1.248368e+01	2.741842e+01	4.625810e-01	5.138930e-01	5.143290e-01	5.142590e-01
-3.200000e+00	3.684260e-01	3.989050e-01	3.697170e-01	2.849136e+01	2.847924e+01	2.950850e+01	3.442952e+01	1.198448e+01	1.325586e+01	2.824886e+01	4.866880e-01	5.371760e-01	5.375560e-01	5.376440e-01
-3.150000e+00	3.799040e-01	4.076350e-01	3.819350e-01	2.922754e+01	2.921062e+01	3.034405e+01	3.543132e+01	1.266585e+01	1.402596e+01	2.897249e+01	5.099490e-01	5.590500e-01	5.593760e-01	5.596360e-01
-3.100000e+00	3.904810e-01	4.157720e-01	3.937990e-01	2.981620e+01	2.979686e+01	3.104674e+01	3.626965e+01	1.332965e+01	1.477913e+01	2.955102e+01	5.315830e-01	5.786180e-01	5.788890e-01	5.793400e-01
-3.050000e+00	3.998690e-01	4.230610e-01	4.051900e-01	3.028110e+01	3.026362e+01	3.164547e+01	3.698109e+01	1.398237e+01	1.551829e+01	3.000645e+01	5.518960e-01	5.962610e-01	5.964780e-01	5.971430e-01
-3.000000e+00	4.084700e-01	4.293780e-01	4.163770e-01	3.062968e+01	3.061170e+01	3.213499e+01	3.755751e+01	1.462007e+01	1.623967e+01	3.034718e+01	5.706000e-01	6.117590e-01	6.119200e-01	6.128280e-01
-2.950000e+00	4.161650e-01	4.347150e-01	4.273080e-01	3.086397e+01	3.084371e+01	3.251712e+01	3.799892e+01	1.523834e+01	1.693896e+01	3.057418e+01	5.875130e-01	6.249210e-01	6.250260e-01	6.262070e-01
-2.900000e+00	4.227810e-01	4.390950e-01	4.378510e-01	3.098446e+01	3.096293e+01	3.279881e+01	3.831022e+01	1.583186e+01	1.760980e+01	3.068677e+01	6.024830e-01	6.355850e-01	6.356340e-01	6.371180e-01
-2.850000e+00	4.286140e-01	4.424710e-01	4.480820e-01	3.099423e+01	3.097213e+01	3.298986e+01	3.849758e+01	1.639386e+01	1.824191e+01	3.068884e+01	6.153030e-01	6.436080e-01	6.436020e-01	6.454200e-01
-2.800000e+00	4.328100e-01	4.442810e-01	4.579750e-01	3.087812e+01	3.084363e+01	3.305618e+01	3.852981e+01	1.690440e+01	1.881280e+01	3.056587e+01	6.249930e-01	6.481850e-01	6.481260e-01	6.503230e-01
-2.750000e+00	4.361000e-01	4.449180e-01	4.679180e-01	3.065822e+01	3.062394e+01	3.304269e+01	3.844856e+01	1.737059e+01	1.933388e+01	3.035096e+01	6.321800e-01	6.499150e-01	6.498030e-01	6.524160e-01
-2.700000e+00	4.382740e-01	4.444840e-01	4.777470e-01	3.034554e+01	3.031392e+01	3.295137e+01	3.825213e+01	1.778705e+01	1.979832e+01	3.003996e+01	6.367540e-01	6.487820e-01	6.486150e-01	6.516930e-01
-2.650000e+00	4.392980e-01	4.431170e-01	4.874920e-01	2.994780e+01	2.991525e+01	3.278540e+01	3.793940e+01	1.814699e+01	2.019775e+01	2.963931e+01	6.387230e-01	6.447840e-01	6.445610e-01	6.481600e-01
-2.600000e+00	4.391350e-01	4.408230e-01	4.973900e-01	2.947031e+01	2.943259e+01	3.255071e+01	3.751359e+01	1.844423e+01	2.052348e+01	2.915919e+01	6.380860e-01	6.379660e-01	6.376890e-01	6.418600e-01
-2.550000e+00	4.375710e-01	4.373140e-01	5.079020e-01	2.891691e+01	2.887570e+01	3.225747e+01	3.698564e+01	1.867535e+01	2.076796e+01	2.860700e+01	6.346960e-01	6.284460e-01	6.281130e-01	6.329060e-01
-2.500000e+00	4.349390e-01	4.320800e-01	5.184650e-01	2.827589e+01	2.823624e+01	3.188661e+01	3.633163e+01	1.881165e+01	2.091072e+01	2.796804e+01	6.281240e-01	6.156260e-01	6.152380e-01	6.207330e-01
-2.450000e+00	4.318540e-01	4.258070e-01	5.302440e-01	2.757231e+01	2.752990e+01	3.146907e+01	3.557900e+01	1.887500e+01	2.096526e+01	2.726977e+01	6.189980e-01	6.003730e-01	5.999310e-01	6.061880e-01
-2.400000e+00	4.278210e-01	4.189740e-01	5.432150e-01	2.681276e+01	2.676920e+01	3.100182e+01	3.472942e+01	1.886160e+01	2.092792e+01	2.651648e+01	6.077150e-01	5.828970e-01	5.824020e-01	5.894790e-01
-2.350000e+00	4.228590e-01	4.114400e-01	5.575050e-01	2.600655e+01	2.596285e+01	3.048533e+01	3.378382e+01	1.876787e+01	2.079605e+01	2.571674e+01	5.943760e-01	5.633910e-01	5.628420e-01	5.708090e-01
-2.300000e+00	4.170810e-01	4.030530e-01	5.734720e-01	2.515978e+01	2.511612e+01	2.992186e+01	3.274506e+01	1.859252e+01	2.057015e+01	2.487711e+01	5.790490e-01	5.420740e-01	5.414710e-01	5.504030e-01
-2.250000e+00	4.102860e-01	3.941970e-01	5.918060e-01	2.427049e+01	2.423133e+01	2.931378e+01	3.162014e+01	1.833858e+01	2.025596e+01	2.399691e+01	5.620000e-01	5.192200e-01	5.185680e-01	5.285280e-01
-2.200000e+00	4.028850e-01	3.845540e-01	6.135340e-01	2.334253e+01	2.329344e+01	2.863509e+01	3.037257e+01	1.799070e+01	1.982504e+01	2.307155e+01	5.426690e-01	4.945400e-01	4.938350e-01	5.049330e-01
-2.150000e+00	3.950760e-01	3.745230e-01	6.375440e-01	2.238733e+01	2.233705e+01	2.790027e+01	2.903134e+01	1.756773e+01	1.930857e+01	2.212768e+01	5.222190e-01	4.688800e-01	4.681220e-01	4.804330e-01
-2.100000e+00	3.869360e-01	3.639500e-01	6.643090e-01	2.141558e+01	2.136347e+01	2.709197e+01	2.760948e+01	1.707655e+01	1.871291e+01	2.116653e+01	5.007610e-01	4.425350e-01	4.417320e-01	4.553090e-01
-2.050000e+00	3.784730e-01	3.532190e-01	6.944400e-01	2.043425e+01	2.037825e+01	2.618917e+01	2.612567e+01	1.652299e+01	1.804428e+01	2.019358e+01	4.784230e-01	4.157800e-01	4.149260e-01	4.298740e-01
-2.000000e+00	3.698080e-01	3.426600e-01	7.283890e-01	1.944767e+01	1.938659e+01	2.517186e+01	2.460414e+01	1.591364e+01	1.730987e+01	1.921534e+01	4.554470e-01	3.888600e-01	3.879460e-01	4.043350e-01
-1.950000e+00	3.613250e-01	3.320410e-01	7.660360e-01	1.845842e+01	1.838978e+01	2.402548e+01	2.307394e+01	1.525736e+01	1.651870e+01	1.823677e+01	4.322590e-01	3.619930e-01	3.610320e-01	3.787020e-01
-1.900000e+00	3.529020e-01	3.210120e-01	8.074960e-01	1.746201e+01	1.739032e+01	2.269306e+01	2.155528e+01	1.454576e+01	1.567106e+01	1.725220e+01	4.087010e-01	3.350260e-01	3.340170e-01	3.532010e-01
-1.850000e+00	3.444340e-01	3.101100e-01	8.531090e-01	1.647712e+01	1.640476e+01	2.129230e+01	2.005152e+01	1.380498e+01	1.479914e+01	1.627997e+01	3.851260e-01	3.086320e-01	3.075690e-01	3.282690e-01
-1.800000e+00	3.362860e-01	2.992810e-01	9.025880e-01	1.550712e+01	1.543479e+01	1.993364e+01	1.856095e+01	1.304331e+01	1.391561e+01	1.532292e+01	3.615610e-01	2.829060e-01	2.818110e-01	3.040370e-01
-1.750000e+00	3.285460e-01	2.888610e-01	9.551870e-01	1.455381e+01	1.448137e+01	1.864175e+01	1.708799e+01	1.226976e+01	1.302687e+01	1.438347e+01	3.383010e-01	2.580110e-01	2.568730e-01	2.806390e-01
-1.700000e+00	3.211240e-01	2.789970e-01	1.010585e+00	1.361988e+01	1.354715e+01	1.739412e+01	1.563983e+01	1.149098e+01	1.213726e+01	1.346457e+01	3.155240e-01	2.341130e-01	2.329070e-01	2.581930e-01
-1.650000e+00	3.138530e-01	2.691740e-01	1.070120e+00	1.271065e+01	1.263792e+01	1.615086e+01	1.422399e+01	1.070936e+01	1.125216e+01	1.257024e+01	2.930330e-01	2.113330e-01	2.100850e-01	2.367880e-01
-1.600000e+00	3.066830e-01	2.598130e-01	1.131672e+00	1.181499e+01	1.174691e+01	1.488137e+01	1.282447e+01	9.917030e+00	1.036255e+01	1.169312e+01	2.715570e-01	1.894630e-01	1.881710e-01	2.163490e-01
-1.550000e+00	2.999870e-01	2.511810e-01	1.195936e+00	1.094923e+01	1.088396e+01	1.361754e+01	1.148129e+01	9.138279e+00	9.487336e+00	1.084275e+01	2.508610e-01	1.689090e-01	1.675740e-01	1.971240e-01
-1.500000e+00	2.936590e-01	2.426890e-01	1.262563e+00	1.011340e+01	1.005447e+01	1.237379e+01	1.020106e+01	8.376679e+00	8.636523e+00	1.002174e+01	2.309060e-01	1.497340e-01	1.483610e-01	1.791550e-01
-1.450000e+00	2.877140e-01	2.347810e-01	1.330674e+00	9.309446e+00	9.258921e+00	1.115834e+01	8.990649e+00	7.636579e+00	7.815283e+00	9.233999e+00	2.116090e-01	1.319680e-01	1.305570e-01	1.624430e-01
-1.400000e+00	2.822310e-01	2.277830e-01	1.399341e+00	8.538851e+00	8.496898e+00	9.979571e+00	7.856265e+00	6.922883e+00	7.027959e+00	8.482234e+00	1.930610e-01	1.156150e-01	1.141680e-01	1.469660e-01
-1.350000e+00	2.773020e-01	2.209350e-01	1.468253e+00	7.801193e+00	7.769611e+00	8.849493e+00	6.802875e+00	6.240748e+00	6.280335e+00	7.766430e+00	1.756260e-01	1.006660e-01	9.918600e-02	1.326900e-01
-1.300000e+00	2.730980e-01	2.143900e-01	1.535504e+00	7.087269e+00	7.069763e+00	7.753399e+00	5.820009e+00	5.584648e+00	5.565929e+00	7.074964e+00	1.587470e-01	8.695900e-02	8.544700e-02	1.195340e-01
-1.250000e+00	2.687970e-01	2.079050e-01	1.599550e+00	6.409114e+00	6.409732e+00	6.721043e+00	4.927998e+00	4.965385e+00	4.897377e+00	6.417860e+00	1.433590e-01	7.464200e-02	7.310400e-02	1.075050e-01
-1.200000e+00	2.646040e-01	2.017050e-01	1.659920e+00	5.768143e+00	5.786466e+00	5.760464e+00	4.126929e+00	4.383294e+00	4.276369e+00	5.796758e+00	1.290660e-01	6.365100e-02	6.209100e-02	9.651400e-02
-1.150000e+00	2.607000e-01	1.959740e-01	1.714687e+00	5.163197e+00	5.197942e+00	4.876499e+00	3.417296e+00	3.840883e+00	3.705301e+00	5.210901e+00	1.154580e-01	5.392000e-02	5.234300e-02	8.648400e-02
-1.100000e+00	2.571440e-01	1.908220e-01	1.761835e+00	4.593490e+00	4.644248e+00	4.072877e+00	2.797141e+00	3.339855e+00	3.185174e+00	4.659565e+00	1.026430e-01	4.538100e-02	4.379300e-02	7.734300e-02
-1.050000e+00	2.537670e-01	1.862550e-01	1.800938e+00	4.060126e+00	4.127825e+00	3.352893e+00	2.261400e+00	2.879766e+00	2.714818e+00	4.143361e+00	9.143300e-02	3.795500e-02	3.636600e-02	6.902100e-02
-1.000000e+00	2.505040e-01	1.816300e-01	1.827301e+00	3.554044e+00	3.639671e+00	2.709425e+00	1.802534e+00	2.456937e+00	2.286113e+00	3.656490e+00	8.061600e-02	3.151100e-02	2.991600e-02	6.137900e-02
-9.500000e-01	2.471020e-01	1.770650e-01	1.840922e+00	3.087380e+00	3.186269e+00	2.153816e+00	1.416822e+00	2.076252e+00	1.906328e+00	3.204082e+00	7.091300e-02	2.602400e-02	2.442700e-02	5.437300e-02
-9.000000e-01	2.436060e-01	1.727820e-01	1.839801e+00	2.658776e+00	2.767516e+00	1.683688e+00	1.098886e+00	1.741195e+00	1.573228e+00	2.785176e+00	6.177100e-02	2.138800e-02	1.980300e-02	4.792500e-02
-8.500000e-01	2.400970e-01	1.686050e-01	1.822422e+00	2.266466e+00	2.381553e+00	1.292903e+00	8.412820e-01	1.445944e+00	1.283101e+00	2.398868e+00	5.331600e-02	1.750600e-02	1.594600e-02	4.196200e-02
-8.000000e-01	2.363540e-01	1.642970e-01	1.787581e+00	1.910108e+00	2.028031e+00	9.744880e-01	6.353410e-01	1.185895e+00	1.032873e+00	2.045099e+00	4.588900e-02	1.428700e-02	1.276200e-02	3.645700e-02
-7.500000e-01	2.315610e-01	1.598550e-01	1.734241e+00	1.591077e+00	1.709079e+00	7.213060e-01	4.722310e-01	9.610840e-01	8.205040e-01	1.724729e+00	3.978100e-02	1.164400e-02	1.015600e-02	3.144700e-02
-7.000000e-01	2.270250e-01	1.550170e-01	1.656529e+00	1.300891e+00	1.416702e+00	5.214460e-01	3.440870e-01	7.660500e-01	6.398980e-01	1.431566e+00	3.348900e-02	9.501000e-03	8.070000e-03	2.681800e-02
-6.500000e-01	2.216320e-01	1.503980e-01	1.559758e+00	1.046291e+00	1.157181e+00	3.693030e-01	2.468700e-01	6.028870e-01	4.910170e-01	1.169634e+00	2.834400e-02	7.796000e-03	6.415000e-03	2.238300e-02
-6.000000e-01	2.157660e-01	1.457390e-01	1.444621e+00	8.261530e-01	9.289460e-01	2.563870e-01	1.745160e-01	4.688900e-01	3.699840e-01	9.386500e-01	2.369900e-02	6.435000e-03	5.126000e-03	1.838900e-02
-5.500000e-01	2.095150e-01	1.408580e-01	1.313934e+00	6.392350e-01	7.309300e-01	1.746500e-01	1.214500e-01	3.606190e-01	2.734240e-01	7.381450e-01	1.966000e-02	5.358000e-03	4.117000e-03	1.479100e-02
-5.000000e-01	2.029570e-01	1.356740e-01	1.171282e+00	4.835800e-01	5.619850e-01	1.166560e-01	8.316800e-02	2.746530e-01	1.978010e-01	5.672970e-01	1.629700e-02	4.501000e-03	3.319000e-03	1.162600e-02
-4.500000e-01	1.963960e-01	1.302310e-01	1.020163e+00	3.565140e-01	4.206390e-01	7.606900e-02	5.615000e-02	2.078100e-01	1.395140e-01	4.248280e-01	1.338700e-02	3.785000e-03	2.693000e-03	9.082000e-03
-4.000000e-01	1.893310e-01	1.243620e-01	8.583830e-01	2.534220e-01	3.024080e-01	4.843200e-02	3.754500e-02	1.578750e-01	9.551600e-02	3.056370e-01	1.079800e-02	3.170000e-03	2.186000e-03	6.517000e-03
-3.500000e-01	1.814750e-01	1.186820e-01	6.976610e-01	1.739410e-01	2.093430e-01	3.031800e-02	2.503600e-02	1.222610e-01	6.353900e-02	2.116940e-01	8.544000e-03	2.662000e-03	1.785000e-03	4.507000e-03
-3.000000e-01	1.732010e-01	1.126660e-01	5.450500e-01	1.153850e-01	1.384280e-01	1.892700e-02	1.676800e-02	9.822100e-02	4.100700e-02	1.401720e-01	6.682000e-03	2.232000e-03	1.452000e-03	3.014000e-03
-2.500000e-01	1.648790e-01	1.064340e-01	4.092870e-01	7.414300e-02	8.747200e-02	1.195800e-02	1.130200e-02	8.258100e-02	2.575800e-02	8.868900e-02	5.069000e-03	1.837000e-03	1.174000e-03	1.926000e-03
-2.000000e-01	1.568180e-01	1.000880e-01	2.891720e-01	4.554600e-02	5.140400e-02	7.989000e-03	7.687000e-03	7.528100e-02	1.560000e-02	5.226800e-02	3.870000e-03	1.412000e-03	8.920000e-04	1.151000e-03
-1.500000e-01	1.481060e-01	9.380800e-02	1.938460e-01	2.729000e-02	2.833700e-02	5.735000e-03	5.236000e-03	7.389200e-02	9.034000e-03	2.872800e-02	4.165000e-03	9.370000e-04	5.860000e-04	6.010000e-04
-1.000000e-01	1.392500e-01	8.739100e-02	1.246420e-01	1.642700e-02	1.480600e-02	4.243000e-03	3.354000e-03	6.701400e-02	4.911000e-03	1.500400e-02	5.054300e-02	3.920000e-04	2.430000e-04	2.170000e-04
-5.000000e-02	1.300230e-01	8.047400e-02	8.212400e-02	1.022300e-02	7.945000e-03	3.189000e-03	1.724000e-03	9.143000e-03	2.416000e-03	8.011000e-03	2.765226e+00	4.000000e-06	3.000000e-06	3.000000e-06
0.000000e+00	1.245590e-01	7.601300e-02	6.540100e-02	7.699000e-03	5.483000e-03	2.732000e-03	9.560000e-04	1.795000e-03	1.453000e-03	5.473000e-03	6.931012e+01	0.000000e+00	0.000000e+00	0.000000e+00
