-8.900000e+00	1.000000e-06	1.000000e-06	1.000000e-06	1.000000e-06	1.000000e-06	3.000000e-06	1.160000e-04	8.500000e-05	1.600000e-05	0.000000e+00	4.000000e-06	2.000000e-06	2.000000e-06	2.000000e-06
-8.850000e+00	1.000000e-06	1.000000e-06	1.000000e-06	1.000000e-06	1.000000e-06	4.000000e-06	1.400000e-04	1.010000e-04	2.100000e-05	0.000000e+00	5.000000e-06	3.000000e-06	3.000000e-06	3.000000e-06
-8.800000e+00	2.000000e-06	2.000000e-06	2.000000e-06	2.000000e-06	2.000000e-06	6.000000e-06	1.800000e-04	1.280000e-04	2.800000e-05	0.000000e+00	7.000000e-06	4.000000e-06	4.000000e-06	4.000000e-06
-8.750000e+00	2.000000e-06	2.000000e-06	2.000000e-06	2.000000e-06	2.000000e-06	7.000000e-06	2.140000e-04	1.450000e-04	3.700000e-05	0.000000e+00	8.000000e-06	5.000000e-06	5.000000e-06	5.000000e-06
-8.700000e+00	3.000000e-06	3.000000e-06	3.000000e-06	3.000000e-06	3.000000e-06	1.000000e-05	2.450000e-04	1.610000e-04	4.800000e-05	0.000000e+00	1.000000e-05	6.000000e-06	6.000000e-06	6.000000e-06
-8.650000e+00	4.000000e-06	4.000000e-06	4.000000e-06	4.000000e-06	4.000000e-06	1.200000e-05	2.850000e-04	1.830000e-04	6.300000e-05	0.000000e+00	1.200000e-05	7.000000e-06	7.000000e-06	7.000000e-06
-8.600000e+00	5.000000e-06	5.000000e-06	5.000000e-06	5.000000e-06	5.000000e-06	1.600000e-05	3.510000e-04	2.120000e-04	7.900000e-05	0.000000e+00	1.500000e-05	9.000000e-06	9.000000e-06	9.000000e-06
-8.550000e+00	6.000000e-06	6.000000e-06	6.000000e-06	6.000000e-06	6.000000e-06	2.000000e-05	4.260000e-04	2.410000e-04	1.010000e-04	0.000000e+00	1.800000e-05	1.100000e-05	1.100000e-05	1.100000e-05
-8.500000e+00	7.000000e-06	7.000000e-06	7.000000e-06	7.000000e-06	7.000000e-06	2.500000e-05	4.920000e-04	2.710000e-04	1.250000e-04	0.000000e+00	2.200000e-05	1.400000e-05	1.400000e-05	1.400000e-05
-8.450000e+00	9.000000e-06	9.000000e-06	9.000000e-06	9.000000e-06	9.000000e-06	3.200000e-05	5.770000e-04	3.220000e-04	1.560000e-04	0.000000e+00	2.600000e-05	1.700000e-05	1.700000e-05	1.700000e-05
-8.400000e+00	1.100000e-05	1.000000e-05	1.000000e-05	1.000000e-05	1.000000e-05	3.900000e-05	6.590000e-04	3.740000e-04	1.900000e-04	0.000000e+00	3.100000e-05	2.100000e-05	2.100000e-05	2.100000e-05
-8.350000e+00	1.300000e-05	1.200000e-05	1.300000e-05	1.200000e-05	1.200000e-05	4.700000e-05	7.430000e-04	4.300000e-04	2.280000e-04	0.000000e+00	3.700000e-05	2.500000e-05	2.500000e-05	2.500000e-05
-8.300000e+00	1.600000e-05	1.500000e-05	1.600000e-05	1.500000e-05	1.500000e-05	5.600000e-05	8.520000e-04	5.020000e-04	2.720000e-04	0.000000e+00	4.300000e-05	3.000000e-05	3.000000e-05	3.000000e-05
-8.250000e+00	1.900000e-05	1.700000e-05	1.900000e-05	1.700000e-05	1.700000e-05	6.500000e-05	9.850000e-04	5.840000e-04	3.210000e-04	0.000000e+00	5.000000e-05	3.400000e-05	3.400000e-05	3.400000e-05
-8.200000e+00	2.100000e-05	2.000000e-05	2.000000e-05	2.000000e-05	2.000000e-05	7.600000e-05	1.113000e-03	6.480000e-04	3.700000e-04	0.000000e+00	5.800000e-05	4.000000e-05	4.000000e-05	4.000000e-05
-8.150000e+00	2.400000e-05	2.300000e-05	2.300000e-05	2.300000e-05	2.300000e-05	8.600000e-05	1.283000e-03	7.310000e-04	4.200000e-04	0.000000e+00	6.600000e-05	4.600000e-05	4.600000e-05	4.600000e-05
-8.100000e+00	2.700000e-05	2.700000e-05	2.700000e-05	2.600000e-05	2.600000e-05	9.700000e-05	1.477000e-03	8.270000e-04	4.740000e-04	0.000000e+00	7.500000e-05	5.300000e-05	5.300000e-05	5.300000e-05
-8.050000e+00	3.000000e-05	3.100000e-05	3.100000e-05	3.000000e-05	3.000000e-05	1.090000e-04	1.686000e-03	9.300000e-04	5.320000e-04	0.000000e+00	8.500000e-05	6.000000e-05	6.000000e-05	6.000000e-05
-8.000000e+00	3.500000e-05	3.400000e-05	3.500000e-05	3.400000e-05	3.300000e-05	1.210000e-04	1.914000e-03	1.037000e-03	5.920000e-04	0.000000e+00	9.600000e-05	6.800000e-05	6.800000e-05	6.800000e-05
-7.950000e+00	4.000000e-05	3.800000e-05	3.900000e-05	3.800000e-05	3.800000e-05	1.330000e-04	2.165000e-03	1.151000e-03	6.530000e-04	0.000000e+00	1.070000e-04	7.700000e-05	7.700000e-05	7.700000e-05
-7.900000e+00	4.300000e-05	4.300000e-05	4.500000e-05	4.300000e-05	4.200000e-05	1.450000e-04	2.416000e-03	1.295000e-03	7.220000e-04	0.000000e+00	1.190000e-04	8.500000e-05	8.500000e-05	8.600000e-05
-7.850000e+00	4.800000e-05	4.800000e-05	5.100000e-05	4.800000e-05	4.600000e-05	1.570000e-04	2.696000e-03	1.466000e-03	7.870000e-04	0.000000e+00	1.310000e-04	9.400000e-05	9.400000e-05	9.500000e-05
-7.800000e+00	5.300000e-05	5.300000e-05	5.700000e-05	5.200000e-05	5.000000e-05	1.700000e-04	3.020000e-03	1.655000e-03	8.560000e-04	0.000000e+00	1.450000e-04	1.040000e-04	1.040000e-04	1.070000e-04
-7.750000e+00	5.700000e-05	5.800000e-05	6.500000e-05	5.700000e-05	5.500000e-05	1.820000e-04	3.372000e-03	1.858000e-03	9.340000e-04	0.000000e+00	1.590000e-04	1.130000e-04	1.130000e-04	1.200000e-04
-7.700000e+00	6.200000e-05	6.300000e-05	7.500000e-05	6.100000e-05	6.000000e-05	1.940000e-04	3.739000e-03	2.069000e-03	1.019000e-03	0.000000e+00	1.740000e-04	1.230000e-04	1.230000e-04	1.370000e-04
-7.650000e+00	6.600000e-05	6.700000e-05	8.700000e-05	6.500000e-05	6.500000e-05	2.070000e-04	4.161000e-03	2.279000e-03	1.094000e-03	0.000000e+00	1.880000e-04	1.330000e-04	1.330000e-04	1.590000e-04
-7.600000e+00	7.000000e-05	7.200000e-05	1.000000e-04	7.000000e-05	6.900000e-05	2.190000e-04	4.515000e-03	2.502000e-03	1.187000e-03	0.000000e+00	2.030000e-04	1.430000e-04	1.430000e-04	1.860000e-04
-7.550000e+00	7.600000e-05	7.800000e-05	1.250000e-04	7.400000e-05	7.400000e-05	2.310000e-04	4.849000e-03	2.757000e-03	1.284000e-03	0.000000e+00	2.180000e-04	1.530000e-04	1.530000e-04	2.210000e-04
-7.500000e+00	8.100000e-05	8.200000e-05	1.670000e-04	7.800000e-05	7.800000e-05	2.420000e-04	5.176000e-03	3.048000e-03	1.383000e-03	0.000000e+00	2.320000e-04	1.620000e-04	1.620000e-04	2.630000e-04
-7.450000e+00	8.500000e-05	8.600000e-05	2.310000e-04	8.300000e-05	8.300000e-05	2.520000e-04	5.523000e-03	3.374000e-03	1.481000e-03	0.000000e+00	2.470000e-04	1.710000e-04	1.710000e-04	3.140000e-04
-7.400000e+00	8.900000e-05	9.000000e-05	3.340000e-04	8.700000e-05	8.800000e-05	2.630000e-04	5.897000e-03	3.739000e-03	1.583000e-03	0.000000e+00	2.620000e-04	1.800000e-04	1.800000e-04	3.750000e-04
-7.350000e+00	9.500000e-05	9.200000e-05	5.280000e-04	9.100000e-05	9.200000e-05	2.720000e-04	6.236000e-03	4.181000e-03	1.699000e-03	0.000000e+00	2.760000e-04	1.880000e-04	1.880000e-04	4.500000e-04
-7.300000e+00	9.900000e-05	9.400000e-05	9.270000e-04	9.400000e-05	9.500000e-05	2.810000e-04	6.523000e-03	4.620000e-03	1.784000e-03	0.000000e+00	2.860000e-04	1.950000e-04	1.950000e-04	5.390000e-04
-7.250000e+00	1.030000e-04	9.700000e-05	1.796000e-03	9.700000e-05	9.800000e-05	2.880000e-04	6.792000e-03	5.111000e-03	1.873000e-03	0.000000e+00	2.950000e-04	2.010000e-04	2.010000e-04	6.460000e-04
-7.200000e+00	1.050000e-04	1.010000e-04	3.801000e-03	1.020000e-04	1.020000e-04	2.960000e-04	7.073000e-03	5.632000e-03	1.982000e-03	0.000000e+00	3.040000e-04	2.080000e-04	2.080000e-04	7.610000e-04
-7.150000e+00	1.070000e-04	1.050000e-04	8.548000e-03	1.050000e-04	1.050000e-04	3.020000e-04	7.295000e-03	6.140000e-03	2.109000e-03	2.000000e-06	3.100000e-04	2.140000e-04	2.140000e-04	8.670000e-04
-7.100000e+00	1.090000e-04	1.080000e-04	1.782400e-02	1.060000e-04	1.060000e-04	3.050000e-04	7.380000e-03	6.576000e-03	2.235000e-03	3.000000e-06	3.150000e-04	2.180000e-04	2.180000e-04	9.530000e-04
-7.050000e+00	1.120000e-04	1.110000e-04	2.462500e-02	1.090000e-04	1.080000e-04	3.090000e-04	7.360000e-03	6.868000e-03	2.347000e-03	3.000000e-06	3.190000e-04	2.230000e-04	2.230000e-04	1.028000e-03
-7.000000e+00	1.170000e-04	1.130000e-04	2.844400e-02	1.130000e-04	1.100000e-04	3.140000e-04	7.424000e-03	7.061000e-03	2.472000e-03	6.000000e-06	3.230000e-04	2.270000e-04	2.280000e-04	1.098000e-03
-6.950000e+00	1.190000e-04	1.170000e-04	3.173200e-02	1.170000e-04	1.150000e-04	3.200000e-04	7.537000e-03	7.208000e-03	2.603000e-03	9.000000e-06	3.260000e-04	2.310000e-04	2.310000e-04	1.166000e-03
-6.900000e+00	1.210000e-04	1.230000e-04	3.480900e-02	1.210000e-04	1.190000e-04	3.250000e-04	7.583000e-03	7.321000e-03	2.744000e-03	1.300000e-05	3.280000e-04	2.350000e-04	2.350000e-04	1.232000e-03
-6.850000e+00	1.250000e-04	1.280000e-04	3.770700e-02	1.270000e-04	1.230000e-04	3.310000e-04	7.610000e-03	7.402000e-03	2.922000e-03	1.700000e-05	3.300000e-04	2.390000e-04	2.390000e-04	1.298000e-03
-6.800000e+00	1.310000e-04	1.330000e-04	4.036900e-02	1.390000e-04	1.280000e-04	3.420000e-04	7.704000e-03	7.459000e-03	3.148000e-03	2.100000e-05	3.330000e-04	2.430000e-04	2.430000e-04	1.363000e-03
-6.750000e+00	1.360000e-04	1.380000e-04	4.303300e-02	1.490000e-04	1.360000e-04	3.550000e-04	7.854000e-03	7.534000e-03	3.368000e-03	2.900000e-05	3.370000e-04	2.470000e-04	2.470000e-04	1.428000e-03
-6.700000e+00	1.500000e-04	1.530000e-04	4.536400e-02	1.600000e-04	1.500000e-04	3.740000e-04	7.884000e-03	7.661000e-03	3.595000e-03	4.400000e-05	3.410000e-04	2.510000e-04	2.520000e-04	1.492000e-03
-6.650000e+00	1.840000e-04	1.810000e-04	4.784400e-02	1.780000e-04	1.710000e-04	3.970000e-04	7.940000e-03	7.723000e-03	3.836000e-03	5.900000e-05	3.460000e-04	2.570000e-04	2.570000e-04	1.556000e-03
-6.600000e+00	2.490000e-04	2.440000e-04	5.032100e-02	2.010000e-04	1.940000e-04	4.320000e-04	8.018000e-03	7.851000e-03	4.044000e-03	7.700000e-05	3.510000e-04	2.630000e-04	2.640000e-04	1.620000e-03
-6.550000e+00	3.960000e-04	3.990000e-04	5.271600e-02	2.320000e-04	2.210000e-04	4.780000e-04	8.141000e-03	8.008000e-03	4.244000e-03	1.000000e-04	3.560000e-04	2.720000e-04	2.740000e-04	1.683000e-03
-6.500000e+00	7.720000e-04	7.880000e-04	5.508400e-02	2.730000e-04	2.610000e-04	5.370000e-04	8.326000e-03	8.124000e-03	4.473000e-03	1.260000e-04	3.640000e-04	2.870000e-04	2.910000e-04	1.747000e-03
-6.450000e+00	1.709000e-03	1.785000e-03	5.766600e-02	3.220000e-04	3.150000e-04	6.190000e-04	8.563000e-03	8.250000e-03	4.702000e-03	1.760000e-04	3.690000e-04	3.140000e-04	3.210000e-04	1.812000e-03
-6.400000e+00	3.342000e-03	3.535000e-03	6.009900e-02	3.820000e-04	3.900000e-04	7.190000e-04	8.716000e-03	8.467000e-03	4.989000e-03	2.400000e-04	3.780000e-04	3.630000e-04	3.740000e-04	1.880000e-03
-6.350000e+00	5.445000e-03	5.708000e-03	6.249100e-02	4.640000e-04	4.800000e-04	8.600000e-04	8.937000e-03	8.656000e-03	5.304000e-03	3.350000e-04	3.880000e-04	4.210000e-04	4.370000e-04	1.945000e-03
-6.300000e+00	7.795000e-03	8.117000e-03	6.492100e-02	5.800000e-04	5.930000e-04	1.032000e-03	9.235000e-03	8.887000e-03	5.641000e-03	4.510000e-04	4.000000e-04	4.880000e-04	5.050000e-04	2.012000e-03
-6.250000e+00	1.021800e-02	1.062400e-02	6.743000e-02	7.390000e-04	7.380000e-04	1.253000e-03	9.580000e-03	9.162000e-03	6.011000e-03	5.990000e-04	4.130000e-04	5.590000e-04	5.790000e-04	2.080000e-03
-6.200000e+00	1.266900e-02	1.311700e-02	6.997900e-02	9.470000e-04	9.360000e-04	1.550000e-03	9.963000e-03	9.471000e-03	6.424000e-03	8.110000e-04	4.290000e-04	6.340000e-04	6.560000e-04	2.147000e-03
-6.150000e+00	1.527400e-02	1.557700e-02	7.239200e-02	1.215000e-03	1.246000e-03	1.926000e-03	1.046700e-02	9.851000e-03	6.845000e-03	1.106000e-03	4.530000e-04	7.120000e-04	7.360000e-04	2.200000e-03
-6.100000e+00	1.779500e-02	1.811900e-02	7.495500e-02	1.572000e-03	1.630000e-03	2.417000e-03	1.117800e-02	1.019400e-02	7.405000e-03	1.461000e-03	4.780000e-04	7.910000e-04	8.180000e-04	2.276000e-03
-6.050000e+00	2.031100e-02	2.070700e-02	7.759600e-02	2.080000e-03	2.110000e-03	2.990000e-03	1.217900e-02	1.074100e-02	8.061000e-03	1.900000e-03	5.060000e-04	8.740000e-04	9.040000e-04	2.355000e-03
-6.000000e+00	2.277800e-02	2.326100e-02	8.014800e-02	2.728000e-03	2.725000e-03	3.719000e-03	1.336600e-02	1.145500e-02	8.868000e-03	2.476000e-03	5.370000e-04	9.630000e-04	9.960000e-04	2.438000e-03
-5.950000e+00	2.518100e-02	2.583200e-02	8.261000e-02	3.550000e-03	3.517000e-03	4.673000e-03	1.479200e-02	1.232200e-02	9.846000e-03	3.240000e-03	5.720000e-04	1.057000e-03	1.095000e-03	2.526000e-03
-5.900000e+00	2.754500e-02	2.850900e-02	8.501400e-02	4.609000e-03	4.548000e-03	5.915000e-03	1.657600e-02	1.334800e-02	1.100400e-02	4.244000e-03	6.170000e-04	1.157000e-03	1.201000e-03	2.619000e-03
-5.850000e+00	2.993000e-02	3.122000e-02	8.725200e-02	5.869000e-03	5.942000e-03	7.530000e-03	1.872800e-02	1.456500e-02	1.239200e-02	5.585000e-03	6.780000e-04	1.266000e-03	1.317000e-03	2.718000e-03
-5.800000e+00	3.238500e-02	3.373100e-02	8.981800e-02	7.596000e-03	7.666000e-03	9.507000e-03	2.129000e-02	1.615700e-02	1.404600e-02	7.191000e-03	7.450000e-04	1.388000e-03	1.446000e-03	2.829000e-03
-5.750000e+00	3.483600e-02	3.625100e-02	9.197600e-02	9.763000e-03	9.869000e-03	1.208100e-02	2.465100e-02	1.800300e-02	1.611500e-02	9.340000e-03	8.260000e-04	1.522000e-03	1.589000e-03	2.955000e-03
-5.700000e+00	3.735800e-02	3.881700e-02	9.433800e-02	1.262300e-02	1.268100e-02	1.530500e-02	2.889300e-02	2.019700e-02	1.867700e-02	1.213300e-02	9.230000e-04	1.673000e-03	1.750000e-03	3.094000e-03
-5.650000e+00	3.995800e-02	4.146700e-02	9.688700e-02	1.636500e-02	1.628300e-02	1.936900e-02	3.424400e-02	2.287000e-02	2.179200e-02	1.576900e-02	1.037000e-03	1.843000e-03	1.934000e-03	3.250000e-03
-5.600000e+00	4.257600e-02	4.418500e-02	9.936200e-02	2.115000e-02	2.094500e-02	2.457400e-02	4.101000e-02	2.615400e-02	2.553200e-02	2.052900e-02	1.176000e-03	2.036000e-03	2.147000e-03	3.433000e-03
-5.550000e+00	4.509400e-02	4.682200e-02	1.017080e-01	2.735100e-02	2.709200e-02	3.113700e-02	4.937700e-02	3.011000e-02	3.008800e-02	2.662600e-02	1.345000e-03	2.259000e-03	2.397000e-03	3.663000e-03
-5.500000e+00	4.749000e-02	4.952400e-02	1.039730e-01	3.497800e-02	3.487500e-02	3.941000e-02	6.000300e-02	3.509500e-02	3.533600e-02	3.431200e-02	1.548000e-03	2.521000e-03	2.693000e-03	3.907000e-03
-5.450000e+00	5.012800e-02	5.235700e-02	1.063320e-01	4.471500e-02	4.468100e-02	4.999200e-02	7.323500e-02	4.111700e-02	4.191900e-02	4.406300e-02	1.804000e-03	2.829000e-03	3.041000e-03	4.195000e-03
-5.400000e+00	5.279400e-02	5.526100e-02	1.087660e-01	5.713700e-02	5.710800e-02	6.314600e-02	9.011100e-02	4.829000e-02	4.993700e-02	5.642800e-02	2.107000e-03	3.192000e-03	3.447000e-03	4.534000e-03
-5.350000e+00	5.536800e-02	5.827900e-02	1.111350e-01	7.281800e-02	7.273300e-02	7.950900e-02	1.114440e-01	5.686100e-02	5.949000e-02	7.191200e-02	2.466000e-03	3.621000e-03	3.925000e-03	4.938000e-03
-5.300000e+00	5.783800e-02	6.141900e-02	1.133950e-01	9.246700e-02	9.223700e-02	1.000930e-01	1.380930e-01	6.715100e-02	7.077600e-02	9.116700e-02	2.903000e-03	4.128000e-03	4.492000e-03	5.417000e-03
-5.250000e+00	6.030600e-02	6.447100e-02	1.158450e-01	1.174050e-01	1.168900e-01	1.258650e-01	1.719860e-01	7.939700e-02	8.431000e-02	1.156520e-01	3.439000e-03	4.730000e-03	5.153000e-03	5.988000e-03
-5.200000e+00	6.313400e-02	6.780700e-02	1.182470e-01	1.480560e-01	1.476290e-01	1.582240e-01	2.127470e-01	9.407900e-02	1.004170e-01	1.458630e-01	4.080000e-03	5.453000e-03	5.948000e-03	6.680000e-03
-5.150000e+00	6.594400e-02	7.142200e-02	1.205160e-01	1.861760e-01	1.857490e-01	1.981870e-01	2.619030e-01	1.115700e-01	1.196180e-01	1.834640e-01	4.821000e-03	6.312000e-03	6.895000e-03	7.504000e-03
-5.100000e+00	6.881900e-02	7.507300e-02	1.226470e-01	2.330770e-01	2.329270e-01	2.472850e-01	3.209340e-01	1.323250e-01	1.424480e-01	2.298680e-01	5.719000e-03	7.333000e-03	8.012000e-03	8.486000e-03
-5.050000e+00	7.172700e-02	7.890400e-02	1.246870e-01	2.908560e-01	2.910210e-01	3.073530e-01	3.922050e-01	1.568120e-01	1.693270e-01	2.871430e-01	6.792000e-03	8.547000e-03	9.335000e-03	9.658000e-03
-5.000000e+00	7.461400e-02	8.317200e-02	1.267430e-01	3.622090e-01	3.621630e-01	3.806040e-01	4.787800e-01	1.855880e-01	2.007390e-01	3.579020e-01	8.037000e-03	9.988000e-03	1.090300e-02	1.105600e-02
-4.950000e+00	7.754300e-02	8.786100e-02	1.289940e-01	4.493320e-01	4.490980e-01	4.697240e-01	5.834870e-01	2.194920e-01	2.376980e-01	4.445490e-01	9.518000e-03	1.169600e-02	1.275100e-02	1.272200e-02
-4.900000e+00	8.072300e-02	9.326900e-02	1.310430e-01	5.547500e-01	5.542030e-01	5.767870e-01	7.088920e-01	2.593820e-01	2.809420e-01	5.483680e-01	1.126700e-02	1.371800e-02	1.493700e-02	1.469800e-02
-4.850000e+00	8.416900e-02	9.945100e-02	1.328680e-01	6.815450e-01	6.804780e-01	7.063610e-01	8.592800e-01	3.059580e-01	3.314870e-01	6.738360e-01	1.331200e-02	1.609500e-02	1.749700e-02	1.702900e-02
-4.800000e+00	8.774700e-02	1.076770e-01	1.347660e-01	8.335020e-01	8.319050e-01	8.611950e-01	1.038849e+00	3.603770e-01	3.901810e-01	8.242040e-01	1.571000e-02	1.886900e-02	2.047200e-02	1.976400e-02
-4.750000e+00	9.151600e-02	1.192450e-01	1.368500e-01	1.014352e+00	1.012537e+00	1.044990e+00	1.252241e+00	4.234400e-01	4.580890e-01	1.003342e+00	1.850600e-02	2.210300e-02	2.388900e-02	2.295300e-02
-4.700000e+00	9.554400e-02	1.356560e-01	1.390940e-01	1.227884e+00	1.226740e+00	1.262460e+00	1.504274e+00	4.958860e-01	5.365400e-01	1.215404e+00	2.173800e-02	2.587400e-02	2.777000e-02	2.666100e-02
-4.650000e+00	9.968300e-02	1.588520e-01	1.413650e-01	1.478554e+00	1.480084e+00	1.518812e+00	1.799388e+00	5.792210e-01	6.271470e-01	1.463810e+00	2.544500e-02	3.024600e-02	3.214400e-02	3.098100e-02
-4.600000e+00	1.041580e-01	1.728390e-01	1.438880e-01	1.771469e+00	1.772431e+00	1.816696e+00	2.142415e+00	6.745560e-01	7.307390e-01	1.754093e+00	2.968800e-02	3.527500e-02	3.716500e-02	3.596300e-02
-4.550000e+00	1.086630e-01	1.819320e-01	1.465370e-01	2.111785e+00	2.111249e+00	2.162602e+00	2.539330e+00	7.836920e-01	8.487920e-01	2.091438e+00	3.452800e-02	4.104100e-02	4.290700e-02	4.167900e-02
-4.500000e+00	1.136740e-01	1.885240e-01	1.493230e-01	2.504186e+00	2.501630e+00	2.561231e+00	2.996803e+00	9.076290e-01	9.833010e-01	2.480383e+00	4.003000e-02	4.762200e-02	4.945400e-02	4.820900e-02
-4.450000e+00	1.191360e-01	1.940140e-01	1.525100e-01	2.952851e+00	2.949807e+00	3.017413e+00	3.520579e+00	1.048181e+00	1.135699e+00	2.926204e+00	4.625700e-02	5.509800e-02	5.689000e-02	5.563300e-02
-4.400000e+00	1.248390e-01	1.991610e-01	1.562790e-01	3.462607e+00	3.461701e+00	3.536424e+00	4.115597e+00	1.207444e+00	1.307225e+00	3.434558e+00	5.328800e-02	6.355100e-02	6.529800e-02	6.403500e-02
-4.350000e+00	1.309220e-01	2.047820e-01	1.603390e-01	4.041544e+00	4.039542e+00	4.124589e+00	4.786978e+00	1.386474e+00	1.499924e+00	4.010383e+00	6.124200e-02	7.307200e-02	7.476800e-02	7.350500e-02
-4.300000e+00	1.374870e-01	2.107510e-01	1.645840e-01	4.685862e+00	4.685038e+00	4.778146e+00	5.536442e+00	1.585974e+00	1.713947e+00	4.649392e+00	7.003300e-02	8.366400e-02	8.531000e-02	8.405500e-02
-4.250000e+00	1.444500e-01	2.167840e-01	1.694500e-01	5.404066e+00	5.401831e+00	5.506043e+00	6.372584e+00	1.807991e+00	1.953063e+00	5.359301e+00	7.985000e-02	9.544100e-02	9.704100e-02	9.578900e-02
-4.200000e+00	1.520630e-01	2.232660e-01	1.749700e-01	6.197314e+00	6.194536e+00	6.311139e+00	7.296729e+00	2.054506e+00	2.218191e+00	6.146228e+00	9.074300e-02	1.084710e-01	1.100250e-01	1.087790e-01
-4.150000e+00	1.602080e-01	2.302750e-01	1.810760e-01	7.067180e+00	7.064819e+00	7.196586e+00	8.310488e+00	2.326862e+00	2.510982e+00	7.010904e+00	1.027520e-01	1.228180e-01	1.243190e-01	1.230840e-01
-4.100000e+00	1.686900e-01	2.377040e-01	1.876860e-01	8.015084e+00	8.012309e+00	8.163329e+00	9.415699e+00	2.625938e+00	2.833133e+00	7.950842e+00	1.159180e-01	1.385320e-01	1.399770e-01	1.387570e-01
-4.050000e+00	1.776190e-01	2.454120e-01	1.948090e-01	9.040766e+00	9.037281e+00	9.205419e+00	1.061380e+01	2.952709e+00	3.184922e+00	8.966254e+00	1.303120e-01	1.556550e-01	1.570430e-01	1.558430e-01
-4.000000e+00	1.873500e-01	2.535660e-01	2.026080e-01	1.012608e+01	1.012363e+01	1.031023e+01	1.188172e+01	3.305108e+00	3.566097e+00	1.004291e+01	1.458310e-01	1.740290e-01	1.753660e-01	1.741900e-01
-3.950000e+00	1.976800e-01	2.619010e-01	2.108920e-01	1.128055e+01	1.127582e+01	1.148502e+01	1.323397e+01	3.687060e+00	3.978865e+00	1.119002e+01	1.626610e-01	1.937840e-01	1.950660e-01	1.939190e-01
-3.900000e+00	2.084880e-01	2.707470e-01	2.199200e-01	1.249825e+01	1.249201e+01	1.272615e+01	1.466530e+01	4.097304e+00	4.424001e+00	1.239980e+01	1.807570e-01	2.149110e-01	2.161370e-01	2.150220e-01
-3.850000e+00	2.198090e-01	2.802110e-01	2.296370e-01	1.377309e+01	1.376576e+01	1.402592e+01	1.616580e+01	4.536193e+00	4.902440e+00	1.366358e+01	2.001010e-01	2.373750e-01	2.385440e-01	2.374650e-01
-3.800000e+00	2.316510e-01	2.901680e-01	2.398620e-01	1.509668e+01	1.508691e+01	1.537435e+01	1.772491e+01	5.004779e+00	5.414327e+00	1.497194e+01	2.206910e-01	2.611140e-01	2.622280e-01	2.611860e-01
-3.750000e+00	2.437350e-01	3.002390e-01	2.505480e-01	1.645472e+01	1.644386e+01	1.676274e+01	1.933821e+01	5.502884e+00	5.957424e+00	1.631469e+01	2.425160e-01	2.860410e-01	2.870970e-01	2.861000e-01
-3.700000e+00	2.560250e-01	3.107670e-01	2.615530e-01	1.781058e+01	1.780153e+01	1.815855e+01	2.095853e+01	6.023547e+00	6.528380e+00	1.766217e+01	2.652470e-01	3.117270e-01	3.127270e-01	3.117810e-01
-3.650000e+00	2.691170e-01	3.215780e-01	2.730560e-01	1.918043e+01	1.917213e+01	1.956833e+01	2.259934e+01	6.571168e+00	7.129231e+00	1.901805e+01	2.890030e-01	3.383000e-01	3.392410e-01	3.383520e-01
-3.600000e+00	2.823490e-01	3.325320e-01	2.851620e-01	2.054717e+01	2.053596e+01	2.097780e+01	2.424487e+01	7.144129e+00	7.760475e+00	2.037263e+01	3.136780e-01	3.656090e-01	3.664900e-01	3.656670e-01
-3.550000e+00	2.956080e-01	3.435300e-01	2.976270e-01	2.189517e+01	2.188052e+01	2.237418e+01	2.587985e+01	7.740305e+00	8.420401e+00	2.170958e+01	3.391400e-01	3.934670e-01	3.942870e-01	3.935390e-01
-3.500000e+00	3.090900e-01	3.546020e-01	3.101860e-01	2.321008e+01	2.319559e+01	2.374501e+01	2.748828e+01	8.357798e+00	9.106300e+00	2.301107e+01	3.652360e-01	4.216530e-01	4.224140e-01	4.217470e-01
-3.450000e+00	3.229790e-01	3.660060e-01	3.229660e-01	2.447804e+01	2.446530e+01	2.507629e+01	2.905142e+01	8.996037e+00	9.816571e+00	2.426527e+01	3.918050e-01	4.499280e-01	4.506290e-01	4.500560e-01
-3.400000e+00	3.364690e-01	3.766840e-01	3.358900e-01	2.565325e+01	2.564238e+01	2.632053e+01	3.052183e+01	9.643001e+00	1.054066e+01	2.542601e+01	4.183210e-01	4.775530e-01	4.781990e-01	4.777270e-01
-3.350000e+00	3.499160e-01	3.875750e-01	3.488640e-01	2.674949e+01	2.674013e+01	2.749387e+01	3.191397e+01	1.030199e+01	1.128067e+01	2.650963e+01	4.449190e-01	5.047330e-01	5.053210e-01	5.049670e-01
-3.300000e+00	3.629440e-01	3.983790e-01	3.619670e-01	2.775467e+01	2.774111e+01	2.858438e+01	3.321211e+01	1.096997e+01	1.203461e+01	2.750555e+01	4.713350e-01	5.311860e-01	5.317160e-01	5.314970e-01
-3.250000e+00	3.755970e-01	4.086230e-01	3.749580e-01	2.866137e+01	2.864007e+01	2.958329e+01	3.440144e+01	1.164401e+01	1.279682e+01	2.840191e+01	4.973470e-01	5.566360e-01	5.571070e-01	5.570400e-01
-3.200000e+00	3.878730e-01	4.180170e-01	3.876200e-01	2.946288e+01	2.943650e+01	3.048365e+01	3.547117e+01	1.232078e+01	1.356105e+01	2.918928e+01	5.227220e-01	5.808020e-01	5.812130e-01	5.813130e-01
-3.150000e+00	3.991660e-01	4.268600e-01	4.001750e-01	3.014823e+01	3.012494e+01	3.127863e+01	3.641803e+01	1.299587e+01	1.432509e+01	2.986522e+01	5.471310e-01	6.033830e-01	6.037340e-01	6.040170e-01
-3.100000e+00	4.092910e-01	4.346240e-01	4.121960e-01	3.068314e+01	3.066315e+01	3.192968e+01	3.720209e+01	1.365256e+01	1.506910e+01	3.039394e+01	5.698710e-01	6.234800e-01	6.237730e-01	6.242610e-01
-3.050000e+00	4.187710e-01	4.417510e-01	4.237400e-01	3.110255e+01	3.108063e+01	3.247609e+01	3.785686e+01	1.429688e+01	1.579763e+01	3.080012e+01	5.911250e-01	6.414700e-01	6.417040e-01	6.424260e-01
-3.000000e+00	4.273730e-01	4.480580e-01	4.349650e-01	3.140286e+01	3.137943e+01	3.291463e+01	3.837772e+01	1.492353e+01	1.650674e+01	3.108773e+01	6.106990e-01	6.571500e-01	6.573230e-01	6.583080e-01
-2.950000e+00	4.351520e-01	4.535220e-01	4.460620e-01	3.158472e+01	3.156211e+01	3.324700e+01	3.876574e+01	1.552906e+01	1.719346e+01	3.126130e+01	6.283630e-01	6.703230e-01	6.704370e-01	6.717150e-01
-2.900000e+00	4.420880e-01	4.581170e-01	4.569860e-01	3.165284e+01	3.163227e+01	3.347855e+01	3.902455e+01	1.611009e+01	1.785306e+01	3.132561e+01	6.438850e-01	6.808190e-01	6.808750e-01	6.824780e-01
-2.850000e+00	4.476580e-01	4.616330e-01	4.671340e-01	3.161560e+01	3.159501e+01	3.361681e+01	3.915680e+01	1.666125e+01	1.847566e+01	3.128543e+01	6.570660e-01	6.885140e-01	6.885120e-01	6.904730e-01
-2.800000e+00	4.515250e-01	4.629430e-01	4.769370e-01	3.145263e+01	3.142287e+01	3.364212e+01	3.913737e+01	1.716222e+01	1.903557e+01	3.111691e+01	6.670940e-01	6.925350e-01	6.924750e-01	6.948460e-01
-2.750000e+00	4.544380e-01	4.636610e-01	4.865960e-01	3.119219e+01	3.115722e+01	3.358086e+01	3.900088e+01	1.761573e+01	1.954420e+01	3.085379e+01	6.744250e-01	6.935560e-01	6.934380e-01	6.962620e-01
-2.700000e+00	4.561280e-01	4.631540e-01	4.959790e-01	3.084122e+01	3.080416e+01	3.344746e+01	3.874982e+01	1.801593e+01	1.999179e+01	3.049926e+01	6.790830e-01	6.915530e-01	6.913750e-01	6.947030e-01
-2.650000e+00	4.568270e-01	4.612520e-01	5.051520e-01	3.040607e+01	3.036920e+01	3.324672e+01	3.839073e+01	1.835885e+01	2.037526e+01	3.006136e+01	6.809640e-01	6.865430e-01	6.863060e-01	6.901900e-01
-2.600000e+00	4.566890e-01	4.581520e-01	5.143870e-01	2.989103e+01	2.985669e+01	3.297943e+01	3.792819e+01	1.864112e+01	2.069055e+01	2.954822e+01	6.799810e-01	6.785880e-01	6.782920e-01	6.827850e-01
-2.550000e+00	4.552070e-01	4.543100e-01	5.241720e-01	2.929710e+01	2.926931e+01	3.264792e+01	3.735915e+01	1.885854e+01	2.092389e+01	2.896373e+01	6.761950e-01	6.677950e-01	6.674400e-01	6.726010e-01
-2.500000e+00	4.522820e-01	4.487650e-01	5.343660e-01	2.861937e+01	2.859298e+01	3.224473e+01	3.665996e+01	1.898730e+01	2.105370e+01	2.829062e+01	6.690700e-01	6.535560e-01	6.531470e-01	6.590540e-01
-2.450000e+00	4.478600e-01	4.420420e-01	5.458420e-01	2.788032e+01	2.785431e+01	3.179163e+01	3.586620e+01	1.903990e+01	2.109676e+01	2.755965e+01	6.593970e-01	6.368060e-01	6.363360e-01	6.430570e-01
-2.400000e+00	4.425270e-01	4.343870e-01	5.588620e-01	2.709130e+01	2.706007e+01	3.128850e+01	3.497721e+01	1.901298e+01	2.104781e+01	2.677818e+01	6.472110e-01	6.177370e-01	6.172060e-01	6.248140e-01
-2.350000e+00	4.365190e-01	4.260040e-01	5.733140e-01	2.625630e+01	2.622039e+01	3.074010e+01	3.399705e+01	1.890608e+01	2.090553e+01	2.594897e+01	6.326600e-01	5.965660e-01	5.959790e-01	6.045470e-01
-2.300000e+00	4.298830e-01	4.169830e-01	5.891100e-01	2.537914e+01	2.534313e+01	3.014968e+01	3.292845e+01	1.871936e+01	2.067088e+01	2.507609e+01	6.160180e-01	5.735480e-01	5.729050e-01	5.825060e-01
-2.250000e+00	4.226370e-01	4.072220e-01	6.066690e-01	2.446947e+01	2.442940e+01	2.951317e+01	3.176785e+01	1.845160e+01	2.034536e+01	2.416975e+01	5.976890e-01	5.489740e-01	5.482780e-01	5.589750e-01
-2.200000e+00	4.151060e-01	3.966240e-01	6.272860e-01	2.351369e+01	2.347347e+01	2.880964e+01	3.048689e+01	1.808695e+01	1.990414e+01	2.322256e+01	5.768850e-01	5.225030e-01	5.217490e-01	5.336670e-01
-2.150000e+00	4.068500e-01	3.858540e-01	6.506930e-01	2.253900e+01	2.249458e+01	2.804660e+01	2.912526e+01	1.764760e+01	1.937842e+01	2.225731e+01	5.547460e-01	4.950700e-01	4.942590e-01	5.074670e-01
-2.100000e+00	3.981190e-01	3.748230e-01	6.766900e-01	2.154847e+01	2.149780e+01	2.720700e+01	2.768501e+01	1.714323e+01	1.877234e+01	2.127598e+01	5.315990e-01	4.669610e-01	4.660930e-01	4.806590e-01
-2.050000e+00	3.891470e-01	3.634320e-01	7.058540e-01	2.054642e+01	2.048973e+01	2.627799e+01	2.618344e+01	1.658047e+01	1.809280e+01	2.028607e+01	5.077880e-01	4.384510e-01	4.375270e-01	4.535090e-01
-2.000000e+00	3.800860e-01	3.517440e-01	7.388370e-01	1.953925e+01	1.947779e+01	2.524491e+01	2.464689e+01	1.596517e+01	1.734879e+01	1.929474e+01	4.834780e-01	4.098030e-01	4.088260e-01	4.262730e-01
-1.950000e+00	3.709410e-01	3.401250e-01	7.754540e-01	1.853581e+01	1.846954e+01	2.408698e+01	2.310514e+01	1.530433e+01	1.655073e+01	1.830435e+01	4.585150e-01	3.812700e-01	3.802430e-01	3.991940e-01
-1.900000e+00	3.614210e-01	3.285450e-01	8.160340e-01	1.752305e+01	1.745905e+01	2.273739e+01	2.157264e+01	1.458446e+01	1.569798e+01	1.730909e+01	4.328740e-01	3.527200e-01	3.516380e-01	3.721760e-01
-1.850000e+00	3.520420e-01	3.173070e-01	8.602480e-01	1.652630e+01	1.645910e+01	2.132191e+01	2.005832e+01	1.383843e+01	1.482511e+01	1.632616e+01	4.077410e-01	3.247450e-01	3.236060e-01	3.457870e-01
-1.800000e+00	3.432450e-01	3.063660e-01	9.084260e-01	1.554492e+01	1.547627e+01	1.995390e+01	1.855902e+01	1.307246e+01	1.393937e+01	1.535773e+01	3.826580e-01	2.975230e-01	2.963290e-01	3.201680e-01
-1.750000e+00	3.348380e-01	2.956670e-01	9.608120e-01	1.458222e+01	1.451118e+01	1.865168e+01	1.707844e+01	1.229272e+01	1.304671e+01	1.440736e+01	3.578800e-01	2.712290e-01	2.699840e-01	2.954620e-01
-1.700000e+00	3.266340e-01	2.851950e-01	1.017149e+00	1.364201e+01	1.356577e+01	1.738987e+01	1.562371e+01	1.150558e+01	1.215206e+01	1.347934e+01	3.336700e-01	2.460120e-01	2.447190e-01	2.717900e-01
-1.650000e+00	3.190320e-01	2.750160e-01	1.076113e+00	1.272605e+01	1.264813e+01	1.613754e+01	1.420291e+01	1.071777e+01	1.125962e+01	1.257818e+01	3.098200e-01	2.219770e-01	2.206390e-01	2.492420e-01
-1.600000e+00	3.115450e-01	2.649260e-01	1.137942e+00	1.182263e+01	1.174924e+01	1.485787e+01	1.280424e+01	9.926827e+00	1.036538e+01	1.169593e+01	2.864990e-01	1.989320e-01	1.975480e-01	2.277220e-01
-1.550000e+00	3.046420e-01	2.556580e-01	1.202102e+00	1.094850e+01	1.088237e+01	1.359153e+01	1.146165e+01	9.144181e+00	9.488670e+00	1.084197e+01	2.642410e-01	1.773100e-01	1.758790e-01	2.075170e-01
-1.500000e+00	2.980380e-01	2.469850e-01	1.268068e+00	1.010812e+01	1.004942e+01	1.234560e+01	1.018028e+01	8.377900e+00	8.637146e+00	1.001915e+01	2.429140e-01	1.571520e-01	1.556770e-01	1.886490e-01
-1.450000e+00	2.919180e-01	2.387260e-01	1.334990e+00	9.302549e+00	9.250613e+00	1.112865e+01	8.967409e+00	7.633823e+00	7.815348e+00	9.229665e+00	2.224720e-01	1.384840e-01	1.369680e-01	1.711120e-01
-1.400000e+00	2.863820e-01	2.308110e-01	1.402455e+00	8.530026e+00	8.485916e+00	9.949145e+00	7.831425e+00	6.916907e+00	7.027822e+00	8.474206e+00	2.028800e-01	1.213120e-01	1.197590e-01	1.548830e-01
-1.350000e+00	2.809430e-01	2.233430e-01	1.471473e+00	7.786771e+00	7.755986e+00	8.814510e+00	6.780711e+00	6.232028e+00	6.280762e+00	7.751612e+00	1.840710e-01	1.056230e-01	1.040370e-01	1.399280e-01
-1.300000e+00	2.755560e-01	2.163890e-01	1.536290e+00	7.071879e+00	7.055422e+00	7.718619e+00	5.801747e+00	5.573855e+00	5.565544e+00	7.057627e+00	1.663950e-01	9.124800e-02	8.962900e-02	1.261590e-01
-1.250000e+00	2.706230e-01	2.098380e-01	1.599707e+00	6.393126e+00	6.391420e+00	6.690755e+00	4.911944e+00	4.953560e+00	4.896893e+00	6.399636e+00	1.496840e-01	7.833400e-02	7.668600e-02	1.135690e-01
-1.200000e+00	2.663950e-01	2.040450e-01	1.659620e+00	5.750786e+00	5.764771e+00	5.733649e+00	4.112674e+00	4.373032e+00	4.276198e+00	5.778076e+00	1.342170e-01	6.681400e-02	6.514100e-02	1.020710e-01
-1.150000e+00	2.627740e-01	1.985730e-01	1.714249e+00	5.144479e+00	5.176218e+00	4.852751e+00	3.405083e+00	3.832820e+00	3.704545e+00	5.192547e+00	1.199190e-01	5.662000e-02	5.492900e-02	9.158400e-02
-1.100000e+00	2.594510e-01	1.930580e-01	1.761936e+00	4.574582e+00	4.625238e+00	4.052897e+00	2.787388e+00	3.333296e+00	3.182574e+00	4.642138e+00	1.067010e-01	4.767900e-02	4.597700e-02	8.203400e-02
-1.050000e+00	2.560230e-01	1.879410e-01	1.800881e+00	4.042820e+00	4.109588e+00	3.336621e+00	2.254406e+00	2.875159e+00	2.710376e+00	4.125696e+00	9.464200e-02	3.990500e-02	3.820200e-02	7.334600e-02
-1.000000e+00	2.523230e-01	1.832250e-01	1.827652e+00	3.538690e+00	3.620764e+00	2.693112e+00	1.795340e+00	2.452010e+00	2.282312e+00	3.641263e+00	8.324100e-02	3.316300e-02	3.145100e-02	6.536100e-02
-9.500000e-01	2.488510e-01	1.785450e-01	1.840358e+00	3.072621e+00	3.168003e+00	2.139403e+00	1.411236e+00	2.075757e+00	1.903054e+00	3.190308e+00	7.280700e-02	2.741700e-02	2.570400e-02	5.803200e-02
-9.000000e-01	2.449040e-01	1.741300e-01	1.838832e+00	2.643248e+00	2.749354e+00	1.670810e+00	1.095065e+00	1.741480e+00	1.569560e+00	2.771491e+00	6.315200e-02	2.255900e-02	2.086000e-02	5.127200e-02
-8.500000e-01	2.407870e-01	1.698850e-01	1.821585e+00	2.251549e+00	2.364675e+00	1.281933e+00	8.381580e-01	1.445477e+00	1.279272e+00	2.385685e+00	5.450600e-02	1.849200e-02	1.682100e-02	4.505300e-02
-8.000000e-01	2.368190e-01	1.656320e-01	1.786848e+00	1.897327e+00	2.014062e+00	9.660700e-01	6.321450e-01	1.185577e+00	1.029835e+00	2.033545e+00	4.689600e-02	1.512400e-02	1.349100e-02	3.934600e-02
-7.500000e-01	2.324400e-01	1.613230e-01	1.733672e+00	1.578073e+00	1.697054e+00	7.152260e-01	4.695300e-01	9.607340e-01	8.187950e-01	1.714439e+00	3.993600e-02	1.236000e-02	1.077400e-02	3.409400e-02
-7.000000e-01	2.272490e-01	1.566500e-01	1.656027e+00	1.289983e+00	1.407429e+00	5.166550e-01	3.427400e-01	7.659560e-01	6.388000e-01	1.421622e+00	3.402700e-02	1.012200e-02	8.581000e-03	2.904600e-02
-6.500000e-01	2.217190e-01	1.519730e-01	1.558883e+00	1.037699e+00	1.149654e+00	3.661440e-01	2.462780e-01	6.028760e-01	4.906550e-01	1.160583e+00	2.887400e-02	8.323000e-03	6.832000e-03	2.438900e-02
-6.000000e-01	2.158920e-01	1.470900e-01	1.443948e+00	8.199800e-01	9.223050e-01	2.543440e-01	1.742360e-01	4.687230e-01	3.702050e-01	9.307810e-01	2.420400e-02	6.877000e-03	5.462000e-03	2.017500e-02
-5.500000e-01	2.096850e-01	1.419400e-01	1.313884e+00	6.345520e-01	7.250650e-01	1.731300e-01	1.213540e-01	3.604340e-01	2.736450e-01	7.316870e-01	2.001200e-02	5.732000e-03	4.405000e-03	1.633400e-02
-5.000000e-01	2.030030e-01	1.365620e-01	1.171978e+00	4.795820e-01	5.572110e-01	1.154200e-01	8.327100e-02	2.747820e-01	1.976560e-01	5.622840e-01	1.644000e-02	4.832000e-03	3.588000e-03	1.284900e-02
-4.500000e-01	1.958320e-01	1.310580e-01	1.021943e+00	3.536210e-01	4.171650e-01	7.525500e-02	5.644800e-02	2.084960e-01	1.392730e-01	4.209530e-01	1.366700e-02	4.120000e-03	2.935000e-03	9.804000e-03
-4.000000e-01	1.886710e-01	1.253490e-01	8.594700e-01	2.511500e-01	3.001450e-01	4.777700e-02	3.790200e-02	1.591670e-01	9.502800e-02	3.026970e-01	1.099200e-02	3.497000e-03	2.414000e-03	7.368000e-03
-3.500000e-01	1.809280e-01	1.196010e-01	6.980950e-01	1.725710e-01	2.077040e-01	2.995400e-02	2.544800e-02	1.236970e-01	6.314900e-02	2.096800e-01	8.646000e-03	2.944000e-03	1.955000e-03	5.126000e-03
-3.000000e-01	1.728760e-01	1.135390e-01	5.448780e-01	1.143040e-01	1.373150e-01	1.881700e-02	1.716400e-02	9.981000e-02	4.063300e-02	1.386500e-01	6.765000e-03	2.463000e-03	1.587000e-03	3.409000e-03
-2.500000e-01	1.647050e-01	1.073020e-01	4.093150e-01	7.336600e-02	8.662800e-02	1.191900e-02	1.170900e-02	8.446200e-02	2.542700e-02	8.745500e-02	5.131000e-03	2.039000e-03	1.295000e-03	2.204000e-03
-2.000000e-01	1.563600e-01	1.009460e-01	2.893410e-01	4.509400e-02	5.079300e-02	7.983000e-03	8.116000e-03	7.768200e-02	1.536900e-02	5.132800e-02	3.747000e-03	1.596000e-03	1.013000e-03	1.316000e-03
-1.500000e-01	1.482230e-01	9.480100e-02	1.940750e-01	2.698500e-02	2.791100e-02	5.741000e-03	5.596000e-03	7.719900e-02	8.930000e-03	2.827000e-02	4.000000e-03	1.059000e-03	6.630000e-04	6.860000e-04
-1.000000e-01	1.395880e-01	8.849900e-02	1.253870e-01	1.629300e-02	1.468300e-02	4.294000e-03	3.672000e-03	7.405800e-02	4.861000e-03	1.482100e-02	5.046900e-02	5.060000e-04	3.150000e-04	2.840000e-04
-5.000000e-02	1.305940e-01	8.193500e-02	8.345400e-02	1.016800e-02	7.954000e-03	3.244000e-03	1.996000e-03	1.355300e-02	2.409000e-03	8.000000e-03	2.761297e+00	1.000000e-05	8.000000e-06	7.000000e-06
0.000000e+00	1.252750e-01	7.771400e-02	6.696900e-02	7.684000e-03	5.570000e-03	2.700000e-03	1.130000e-03	1.867000e-03	1.442000e-03	5.559000e-03	6.921126e+01	0.000000e+00	0.000000e+00	0.000000e+00
