-8.900000e+00	0.000000e+00	0.000000e+00	0.000000e+00	0.000000e+00	0.000000e+00	0.000000e+00	0.000000e+00	0.000000e+00	0.000000e+00	0.000000e+00	0.000000e+00	0.000000e+00	0.000000e+00	0.000000e+00
-8.850000e+00	0.000000e+00	0.000000e+00	0.000000e+00	0.000000e+00	0.000000e+00	0.000000e+00	0.000000e+00	0.000000e+00	0.000000e+00	0.000000e+00	0.000000e+00	0.000000e+00	0.000000e+00	0.000000e+00
-8.800000e+00	0.000000e+00	0.000000e+00	0.000000e+00	0.000000e+00	0.000000e+00	0.000000e+00	0.000000e+00	0.000000e+00	0.000000e+00	0.000000e+00	0.000000e+00	0.000000e+00	0.000000e+00	0.000000e+00
-8.750000e+00	0.000000e+00	0.000000e+00	0.000000e+00	0.000000e+00	0.000000e+00	0.000000e+00	0.000000e+00	0.000000e+00	0.000000e+00	0.000000e+00	0.000000e+00	0.000000e+00	0.000000e+00	0.000000e+00
-8.700000e+00	0.000000e+00	0.000000e+00	0.000000e+00	0.000000e+00	0.000000e+00	0.000000e+00	0.000000e+00	0.000000e+00	0.000000e+00	0.000000e+00	0.000000e+00	0.000000e+00	0.000000e+00	0.000000e+00
-8.650000e+00	0.000000e+00	0.000000e+00	0.000000e+00	0.000000e+00	0.000000e+00	0.000000e+00	0.000000e+00	0.000000e+00	0.000000e+00	0.000000e+00	0.000000e+00	0.000000e+00	0.000000e+00	0.000000e+00
-8.600000e+00	0.000000e+00	0.000000e+00	0.000000e+00	0.000000e+00	0.000000e+00	0.000000e+00	0.000000e+00	0.000000e+00	0.000000e+00	0.000000e+00	0.000000e+00	0.000000e+00	0.000000e+00	0.000000e+00
-8.550000e+00	0.000000e+00	0.000000e+00	0.000000e+00	0.000000e+00	0.000000e+00	0.000000e+00	0.000000e+00	0.000000e+00	0.000000e+00	0.000000e+00	0.000000e+00	0.000000e+00	0.000000e+00	0.000000e+00
-8.500000e+00	0.000000e+00	0.000000e+00	0.000000e+00	0.000000e+00	0.000000e+00	0.000000e+00	0.000000e+00	0.000000e+00	0.000000e+00	0.000000e+00	0.000000e+00	0.000000e+00	0.000000e+00	0.000000e+00
-8.450000e+00	0.000000e+00	0.000000e+00	0.000000e+00	0.000000e+00	0.000000e+00	0.000000e+00	0.000000e+00	0.000000e+00	0.000000e+00	0.000000e+00	0.000000e+00	0.000000e+00	0.000000e+00	0.000000e+00
-8.400000e+00	0.000000e+00	0.000000e+00	0.000000e+00	0.000000e+00	0.000000e+00	0.000000e+00	0.000000e+00	0.000000e+00	0.000000e+00	0.000000e+00	0.000000e+00	0.000000e+00	0.000000e+00	0.000000e+00
-8.350000e+00	0.000000e+00	0.000000e+00	0.000000e+00	0.000000e+00	0.000000e+00	0.000000e+00	0.000000e+00	0.000000e+00	0.000000e+00	0.000000e+00	0.000000e+00	0.000000e+00	0.000000e+00	0.000000e+00
-8.300000e+00	0.000000e+00	0.000000e+00	0.000000e+00	0.000000e+00	0.000000e+00	0.000000e+00	0.000000e+00	0.000000e+00	0.000000e+00	0.000000e+00	0.000000e+00	0.000000e+00	0.000000e+00	0.000000e+00
-8.250000e+00	0.000000e+00	0.000000e+00	0.000000e+00	0.000000e+00	0.000000e+00	0.000000e+00	0.000000e+00	0.000000e+00	0.000000e+00	0.000000e+00	0.000000e+00	0.000000e+00	0.000000e+00	0.000000e+00
-8.200000e+00	0.000000e+00	0.000000e+00	0.000000e+00	0.000000e+00	0.000000e+00	0.000000e+00	0.000000e+00	0.000000e+00	0.000000e+00	0.000000e+00	0.000000e+00	0.000000e+00	0.000000e+00	0.000000e+00
-8.150000e+00	0.000000e+00	0.000000e+00	0.000000e+00	0.000000e+00	0.000000e+00	0.000000e+00	0.000000e+00	0.000000e+00	0.000000e+00	0.000000e+00	0.000000e+00	0.000000e+00	0.000000e+00	0.000000e+00
-8.100000e+00	0.000000e+00	0.000000e+00	0.000000e+00	0.000000e+00	0.000000e+00	0.000000e+00	0.000000e+00	0.000000e+00	0.000000e+00	0.000000e+00	0.000000e+00	0.000000e+00	0.000000e+00	0.000000e+00
-8.050000e+00	0.000000e+00	0.000000e+00	0.000000e+00	0.000000e+00	0.000000e+00	0.000000e+00	0.000000e+00	0.000000e+00	0.000000e+00	0.000000e+00	0.000000e+00	0.000000e+00	0.000000e+00	0.000000e+00
-8.000000e+00	0.000000e+00	0.000000e+00	0.000000e+00	0.000000e+00	0.000000e+00	0.000000e+00	0.000000e+00	0.000000e+00	0.000000e+00	0.000000e+00	0.000000e+00	0.000000e+00	0.000000e+00	0.000000e+00
-7.950000e+00	0.000000e+00	0.000000e+00	0.000000e+00	0.000000e+00	0.000000e+00	0.000000e+00	0.000000e+00	0.000000e+00	0.000000e+00	0.000000e+00	0.000000e+00	0.000000e+00	0.000000e+00	0.000000e+00
-7.900000e+00	0.000000e+00	0.000000e+00	0.000000e+00	0.000000e+00	0.000000e+00	0.000000e+00	0.000000e+00	0.000000e+00	0.000000e+00	0.000000e+00	0.000000e+00	0.000000e+00	0.000000e+00	0.000000e+00
-7.850000e+00	0.000000e+00	0.000000e+00	0.000000e+00	0.000000e+00	0.000000e+00	0.000000e+00	0.000000e+00	0.000000e+00	0.000000e+00	0.000000e+00	0.000000e+00	0.000000e+00	0.000000e+00	0.000000e+00
-7.800000e+00	0.000000e+00	0.000000e+00	0.000000e+00	0.000000e+00	0.000000e+00	0.000000e+00	0.000000e+00	0.000000e+00	0.000000e+00	0.000000e+00	0.000000e+00	0.000000e+00	0.000000e+00	0.000000e+00
-7.750000e+00	0.000000e+00	0.000000e+00	0.000000e+00	0.000000e+00	0.000000e+00	0.000000e+00	0.000000e+00	0.000000e+00	0.000000e+00	0.000000e+00	0.000000e+00	0.000000e+00	0.000000e+00	0.000000e+00
-7.700000e+00	0.000000e+00	0.000000e+00	0.000000e+00	0.000000e+00	0.000000e+00	0.000000e+00	0.000000e+00	0.000000e+00	0.000000e+00	0.000000e+00	0.000000e+00	0.000000e+00	0.000000e+00	0.000000e+00
-7.650000e+00	0.000000e+00	0.000000e+00	0.000000e+00	0.000000e+00	0.000000e+00	0.000000e+00	0.000000e+00	0.000000e+00	0.000000e+00	0.000000e+00	0.000000e+00	0.000000e+00	0.000000e+00	0.000000e+00
-7.600000e+00	0.000000e+00	0.000000e+00	0.000000e+00	0.000000e+00	0.000000e+00	0.000000e+00	0.000000e+00	0.000000e+00	0.000000e+00	0.000000e+00	1.000000e-06	0.000000e+00	0.000000e+00	0.000000e+00
-7.550000e+00	0.000000e+00	0.000000e+00	0.000000e+00	0.000000e+00	0.000000e+00	0.000000e+00	0.000000e+00	0.000000e+00	0.000000e+00	0.000000e+00	1.000000e-06	0.000000e+00	0.000000e+00	0.000000e+00
-7.500000e+00	0.000000e+00	0.000000e+00	0.000000e+00	0.000000e+00	0.000000e+00	0.000000e+00	0.000000e+00	0.000000e+00	0.000000e+00	0.000000e+00	1.000000e-06	0.000000e+00	0.000000e+00	0.000000e+00
-7.450000e+00	0.000000e+00	0.000000e+00	0.000000e+00	0.000000e+00	0.000000e+00	0.000000e+00	0.000000e+00	0.000000e+00	0.000000e+00	0.000000e+00	0.000000e+00	0.000000e+00	0.000000e+00	0.000000e+00
-7.400000e+00	0.000000e+00	0.000000e+00	0.000000e+00	0.000000e+00	0.000000e+00	0.000000e+00	0.000000e+00	0.000000e+00	0.000000e+00	0.000000e+00	0.000000e+00	0.000000e+00	0.000000e+00	0.000000e+00
-7.350000e+00	0.000000e+00	2.000000e-06	0.000000e+00	0.000000e+00	0.000000e+00	0.000000e+00	0.000000e+00	0.000000e+00	0.000000e+00	0.000000e+00	0.000000e+00	0.000000e+00	0.000000e+00	0.000000e+00
-7.300000e+00	0.000000e+00	0.000000e+00	1.000000e-06	0.000000e+00	0.000000e+00	0.000000e+00	0.000000e+00	0.000000e+00	0.000000e+00	0.000000e+00	1.000000e-06	0.000000e+00	0.000000e+00	0.000000e+00
-7.250000e+00	0.000000e+00	0.000000e+00	3.000000e-06	0.000000e+00	0.000000e+00	0.000000e+00	0.000000e+00	0.000000e+00	0.000000e+00	0.000000e+00	1.000000e-06	0.000000e+00	0.000000e+00	0.000000e+00
-7.200000e+00	0.000000e+00	0.000000e+00	7.000000e-06	0.000000e+00	0.000000e+00	0.000000e+00	0.000000e+00	0.000000e+00	0.000000e+00	0.000000e+00	2.000000e-06	0.000000e+00	0.000000e+00	0.000000e+00
-7.150000e+00	0.000000e+00	0.000000e+00	1.500000e-05	0.000000e+00	0.000000e+00	0.000000e+00	0.000000e+00	0.000000e+00	0.000000e+00	0.000000e+00	2.000000e-06	0.000000e+00	0.000000e+00	0.000000e+00
-7.100000e+00	0.000000e+00	0.000000e+00	3.100000e-05	0.000000e+00	0.000000e+00	0.000000e+00	0.000000e+00	0.000000e+00	0.000000e+00	0.000000e+00	2.000000e-06	0.000000e+00	0.000000e+00	0.000000e+00
-7.050000e+00	0.000000e+00	0.000000e+00	6.600000e-05	0.000000e+00	0.000000e+00	0.000000e+00	0.000000e+00	0.000000e+00	0.000000e+00	0.000000e+00	2.000000e-06	0.000000e+00	0.000000e+00	0.000000e+00
-7.000000e+00	0.000000e+00	0.000000e+00	1.510000e-04	0.000000e+00	0.000000e+00	0.000000e+00	0.000000e+00	0.000000e+00	0.000000e+00	0.000000e+00	3.000000e-06	0.000000e+00	0.000000e+00	0.000000e+00
-6.950000e+00	0.000000e+00	0.000000e+00	3.700000e-04	0.000000e+00	0.000000e+00	0.000000e+00	0.000000e+00	0.000000e+00	0.000000e+00	0.000000e+00	3.000000e-06	0.000000e+00	0.000000e+00	0.000000e+00
-6.900000e+00	2.000000e-06	0.000000e+00	9.390000e-04	0.000000e+00	0.000000e+00	0.000000e+00	0.000000e+00	0.000000e+00	0.000000e+00	0.000000e+00	4.000000e-06	0.000000e+00	0.000000e+00	0.000000e+00
-6.850000e+00	3.000000e-06	1.000000e-06	2.411000e-03	0.000000e+00	0.000000e+00	0.000000e+00	0.000000e+00	0.000000e+00	0.000000e+00	0.000000e+00	5.000000e-06	0.000000e+00	0.000000e+00	0.000000e+00
-6.800000e+00	2.000000e-06	1.000000e-06	5.886000e-03	0.000000e+00	0.000000e+00	0.000000e+00	0.000000e+00	0.000000e+00	0.000000e+00	0.000000e+00	8.000000e-06	0.000000e+00	0.000000e+00	0.000000e+00
-6.750000e+00	1.000000e-06	2.000000e-06	1.130000e-02	0.000000e+00	0.000000e+00	0.000000e+00	0.000000e+00	0.000000e+00	0.000000e+00	0.000000e+00	1.100000e-05	0.000000e+00	0.000000e+00	0.000000e+00
-6.700000e+00	0.000000e+00	4.000000e-06	1.562200e-02	0.000000e+00	0.000000e+00	0.000000e+00	0.000000e+00	0.000000e+00	0.000000e+00	0.000000e+00	1.300000e-05	0.000000e+00	0.000000e+00	0.000000e+00
-6.650000e+00	2.000000e-06	4.000000e-06	1.948800e-02	0.000000e+00	0.000000e+00	0.000000e+00	0.000000e+00	0.000000e+00	0.000000e+00	0.000000e+00	1.500000e-05	0.000000e+00	0.000000e+00	0.000000e+00
-6.600000e+00	2.000000e-06	3.000000e-06	2.284500e-02	0.000000e+00	0.000000e+00	0.000000e+00	0.000000e+00	0.000000e+00	0.000000e+00	0.000000e+00	1.600000e-05	0.000000e+00	0.000000e+00	0.000000e+00
-6.550000e+00	3.000000e-06	2.000000e-06	2.585500e-02	0.000000e+00	0.000000e+00	0.000000e+00	0.000000e+00	0.000000e+00	0.000000e+00	0.000000e+00	1.900000e-05	0.000000e+00	0.000000e+00	0.000000e+00
-6.500000e+00	4.000000e-06	3.000000e-06	2.873100e-02	0.000000e+00	0.000000e+00	0.000000e+00	0.000000e+00	0.000000e+00	0.000000e+00	0.000000e+00	2.200000e-05	0.000000e+00	0.000000e+00	0.000000e+00
-6.450000e+00	4.000000e-06	2.000000e-06	3.164500e-02	0.000000e+00	0.000000e+00	0.000000e+00	0.000000e+00	0.000000e+00	0.000000e+00	0.000000e+00	2.400000e-05	0.000000e+00	0.000000e+00	0.000000e+00
-6.400000e+00	4.000000e-06	4.000000e-06	3.415900e-02	0.000000e+00	0.000000e+00	0.000000e+00	0.000000e+00	0.000000e+00	0.000000e+00	0.000000e+00	2.800000e-05	0.000000e+00	0.000000e+00	0.000000e+00
-6.350000e+00	3.000000e-06	7.000000e-06	3.678000e-02	0.000000e+00	0.000000e+00	0.000000e+00	0.000000e+00	0.000000e+00	0.000000e+00	0.000000e+00	2.900000e-05	0.000000e+00	0.000000e+00	0.000000e+00
-6.300000e+00	3.000000e-06	1.100000e-05	3.950800e-02	0.000000e+00	0.000000e+00	0.000000e+00	0.000000e+00	0.000000e+00	0.000000e+00	0.000000e+00	3.100000e-05	0.000000e+00	0.000000e+00	0.000000e+00
-6.250000e+00	3.000000e-06	1.400000e-05	4.222000e-02	1.000000e-06	0.000000e+00	1.000000e-06	0.000000e+00	0.000000e+00	0.000000e+00	0.000000e+00	3.400000e-05	0.000000e+00	0.000000e+00	0.000000e+00
-6.200000e+00	3.000000e-06	1.400000e-05	4.478300e-02	0.000000e+00	0.000000e+00	1.000000e-06	0.000000e+00	0.000000e+00	0.000000e+00	0.000000e+00	3.600000e-05	0.000000e+00	0.000000e+00	0.000000e+00
-6.150000e+00	4.000000e-06	1.700000e-05	4.722300e-02	0.000000e+00	0.000000e+00	0.000000e+00	0.000000e+00	0.000000e+00	0.000000e+00	0.000000e+00	4.100000e-05	0.000000e+00	0.000000e+00	0.000000e+00
-6.100000e+00	5.000000e-06	2.200000e-05	4.966800e-02	0.000000e+00	1.000000e-06	0.000000e+00	0.000000e+00	0.000000e+00	0.000000e+00	0.000000e+00	4.700000e-05	0.000000e+00	0.000000e+00	0.000000e+00
-6.050000e+00	7.000000e-06	2.600000e-05	5.203800e-02	0.000000e+00	1.000000e-06	0.000000e+00	0.000000e+00	0.000000e+00	0.000000e+00	0.000000e+00	5.200000e-05	0.000000e+00	0.000000e+00	0.000000e+00
-6.000000e+00	9.000000e-06	3.100000e-05	5.431500e-02	1.000000e-06	1.000000e-06	0.000000e+00	0.000000e+00	0.000000e+00	0.000000e+00	0.000000e+00	5.800000e-05	0.000000e+00	0.000000e+00	0.000000e+00
-5.950000e+00	1.000000e-05	3.800000e-05	5.655300e-02	2.000000e-06	0.000000e+00	0.000000e+00	0.000000e+00	0.000000e+00	0.000000e+00	1.000000e-06	6.400000e-05	0.000000e+00	0.000000e+00	0.000000e+00
-5.900000e+00	1.000000e-05	4.500000e-05	5.883300e-02	2.000000e-06	0.000000e+00	1.000000e-06	0.000000e+00	0.000000e+00	0.000000e+00	1.000000e-06	6.700000e-05	0.000000e+00	0.000000e+00	0.000000e+00
-5.850000e+00	1.000000e-05	5.000000e-05	6.121500e-02	1.000000e-06	0.000000e+00	0.000000e+00	0.000000e+00	0.000000e+00	0.000000e+00	1.000000e-06	7.200000e-05	0.000000e+00	0.000000e+00	0.000000e+00
-5.800000e+00	1.200000e-05	5.600000e-05	6.344400e-02	2.000000e-06	2.000000e-06	1.000000e-06	0.000000e+00	0.000000e+00	0.000000e+00	2.000000e-06	7.100000e-05	0.000000e+00	0.000000e+00	0.000000e+00
-5.750000e+00	1.700000e-05	7.200000e-05	6.561200e-02	2.000000e-06	3.000000e-06	2.000000e-06	0.000000e+00	0.000000e+00	0.000000e+00	3.000000e-06	7.400000e-05	0.000000e+00	0.000000e+00	0.000000e+00
-5.700000e+00	2.500000e-05	1.060000e-04	6.761200e-02	3.000000e-06	4.000000e-06	4.000000e-06	0.000000e+00	0.000000e+00	0.000000e+00	4.000000e-06	8.200000e-05	0.000000e+00	0.000000e+00	0.000000e+00
-5.650000e+00	4.800000e-05	1.710000e-04	6.949500e-02	4.000000e-06	4.000000e-06	5.000000e-06	0.000000e+00	0.000000e+00	0.000000e+00	5.000000e-06	9.300000e-05	0.000000e+00	0.000000e+00	0.000000e+00
-5.600000e+00	1.120000e-04	3.040000e-04	7.134800e-02	6.000000e-06	7.000000e-06	4.000000e-06	0.000000e+00	0.000000e+00	0.000000e+00	7.000000e-06	1.040000e-04	0.000000e+00	0.000000e+00	0.000000e+00
-5.550000e+00	2.680000e-04	6.260000e-04	7.316700e-02	1.100000e-05	1.000000e-05	8.000000e-06	0.000000e+00	0.000000e+00	0.000000e+00	1.000000e-05	1.170000e-04	0.000000e+00	0.000000e+00	0.000000e+00
-5.500000e+00	6.500000e-04	1.475000e-03	7.465100e-02	1.600000e-05	1.700000e-05	1.200000e-05	0.000000e+00	0.000000e+00	0.000000e+00	1.000000e-05	1.290000e-04	0.000000e+00	0.000000e+00	0.000000e+00
-5.450000e+00	1.567000e-03	3.142000e-03	7.593100e-02	2.500000e-05	2.700000e-05	1.700000e-05	0.000000e+00	0.000000e+00	0.000000e+00	1.600000e-05	1.380000e-04	0.000000e+00	0.000000e+00	0.000000e+00
-5.400000e+00	3.218000e-03	5.573000e-03	7.725300e-02	3.500000e-05	4.100000e-05	2.400000e-05	0.000000e+00	0.000000e+00	0.000000e+00	2.900000e-05	1.440000e-04	0.000000e+00	0.000000e+00	0.000000e+00
-5.350000e+00	5.428000e-03	8.390000e-03	7.849000e-02	4.700000e-05	5.800000e-05	3.500000e-05	0.000000e+00	0.000000e+00	0.000000e+00	4.900000e-05	1.510000e-04	0.000000e+00	0.000000e+00	0.000000e+00
-5.300000e+00	7.827000e-03	1.136300e-02	7.947700e-02	6.500000e-05	8.000000e-05	5.100000e-05	0.000000e+00	0.000000e+00	0.000000e+00	7.900000e-05	1.620000e-04	0.000000e+00	0.000000e+00	0.000000e+00
-5.250000e+00	1.032600e-02	1.440100e-02	8.039000e-02	9.300000e-05	1.150000e-04	7.900000e-05	0.000000e+00	0.000000e+00	0.000000e+00	1.120000e-04	1.710000e-04	0.000000e+00	0.000000e+00	0.000000e+00
-5.200000e+00	1.283800e-02	1.720900e-02	8.105600e-02	1.360000e-04	1.520000e-04	1.160000e-04	0.000000e+00	0.000000e+00	0.000000e+00	1.510000e-04	1.960000e-04	0.000000e+00	0.000000e+00	0.000000e+00
-5.150000e+00	1.540600e-02	2.034900e-02	8.156700e-02	2.080000e-04	2.160000e-04	1.630000e-04	0.000000e+00	0.000000e+00	0.000000e+00	2.080000e-04	2.240000e-04	0.000000e+00	0.000000e+00	0.000000e+00
-5.100000e+00	1.790500e-02	2.369700e-02	8.188200e-02	3.080000e-04	3.130000e-04	2.390000e-04	0.000000e+00	0.000000e+00	0.000000e+00	3.000000e-04	2.470000e-04	0.000000e+00	0.000000e+00	0.000000e+00
-5.050000e+00	2.037100e-02	2.722300e-02	8.222600e-02	4.420000e-04	4.430000e-04	3.690000e-04	0.000000e+00	0.000000e+00	0.000000e+00	4.330000e-04	2.670000e-04	0.000000e+00	0.000000e+00	0.000000e+00
-5.000000e+00	2.289700e-02	3.097500e-02	8.269500e-02	6.260000e-04	6.100000e-04	5.720000e-04	0.000000e+00	0.000000e+00	0.000000e+00	6.070000e-04	2.880000e-04	0.000000e+00	0.000000e+00	0.000000e+00
-4.950000e+00	2.536900e-02	3.499200e-02	8.286200e-02	8.600000e-04	8.410000e-04	8.270000e-04	0.000000e+00	0.000000e+00	0.000000e+00	8.750000e-04	3.020000e-04	0.000000e+00	0.000000e+00	0.000000e+00
-4.900000e+00	2.777400e-02	3.941700e-02	8.313600e-02	1.190000e-03	1.181000e-03	1.176000e-03	0.000000e+00	0.000000e+00	0.000000e+00	1.200000e-03	3.340000e-04	0.000000e+00	0.000000e+00	0.000000e+00
-4.850000e+00	3.018100e-02	4.493100e-02	8.311700e-02	1.608000e-03	1.610000e-03	1.686000e-03	0.000000e+00	0.000000e+00	0.000000e+00	1.624000e-03	3.740000e-04	0.000000e+00	0.000000e+00	0.000000e+00
-4.800000e+00	3.262000e-02	5.231700e-02	8.314800e-02	2.187000e-03	2.170000e-03	2.399000e-03	0.000000e+00	0.000000e+00	0.000000e+00	2.192000e-03	4.290000e-04	0.000000e+00	0.000000e+00	0.000000e+00
-4.750000e+00	3.510300e-02	6.304800e-02	8.328200e-02	2.975000e-03	2.938000e-03	3.403000e-03	0.000000e+00	0.000000e+00	0.000000e+00	2.950000e-03	4.870000e-04	0.000000e+00	0.000000e+00	0.000000e+00
-4.700000e+00	3.762300e-02	7.949300e-02	8.346000e-02	4.006000e-03	4.013000e-03	4.845000e-03	0.000000e+00	0.000000e+00	0.000000e+00	3.951000e-03	5.300000e-04	0.000000e+00	0.000000e+00	0.000000e+00
-4.650000e+00	4.015600e-02	1.051410e-01	8.368200e-02	5.425000e-03	5.445000e-03	6.896000e-03	0.000000e+00	0.000000e+00	0.000000e+00	5.312000e-03	5.740000e-04	0.000000e+00	0.000000e+00	0.000000e+00
-4.600000e+00	4.261200e-02	1.213030e-01	8.374300e-02	7.333000e-03	7.354000e-03	9.987000e-03	0.000000e+00	0.000000e+00	0.000000e+00	7.122000e-03	6.090000e-04	0.000000e+00	0.000000e+00	0.000000e+00
-4.550000e+00	4.505600e-02	1.305630e-01	8.382000e-02	9.850000e-03	9.830000e-03	1.450800e-02	0.000000e+00	0.000000e+00	0.000000e+00	9.541000e-03	6.340000e-04	0.000000e+00	0.000000e+00	0.000000e+00
-4.500000e+00	4.759000e-02	1.356160e-01	8.393800e-02	1.313900e-02	1.305500e-02	2.061100e-02	0.000000e+00	0.000000e+00	0.000000e+00	1.274800e-02	6.700000e-04	0.000000e+00	0.000000e+00	0.000000e+00
-4.450000e+00	5.019500e-02	1.385070e-01	8.420100e-02	1.745800e-02	1.726700e-02	2.837600e-02	0.000000e+00	0.000000e+00	0.000000e+00	1.701800e-02	7.020000e-04	0.000000e+00	0.000000e+00	0.000000e+00
-4.400000e+00	5.277200e-02	1.401430e-01	8.456200e-02	2.312200e-02	2.276700e-02	3.795800e-02	0.000000e+00	0.000000e+00	0.000000e+00	2.270500e-02	7.140000e-04	0.000000e+00	0.000000e+00	0.000000e+00
-4.350000e+00	5.521500e-02	1.405210e-01	8.460300e-02	3.030900e-02	2.987200e-02	4.986500e-02	0.000000e+00	0.000000e+00	0.000000e+00	3.006400e-02	7.380000e-04	0.000000e+00	0.000000e+00	0.000000e+00
-4.300000e+00	5.763800e-02	1.409540e-01	8.498400e-02	3.965700e-02	3.925800e-02	6.468500e-02	0.000000e+00	0.000000e+00	0.000000e+00	3.953300e-02	7.980000e-04	0.000000e+00	0.000000e+00	0.000000e+00
-4.250000e+00	6.013100e-02	1.412980e-01	8.526900e-02	5.186000e-02	5.156100e-02	8.317500e-02	0.000000e+00	0.000000e+00	0.000000e+00	5.172000e-02	8.450000e-04	0.000000e+00	0.000000e+00	0.000000e+00
-4.200000e+00	6.250300e-02	1.415920e-01	8.553900e-02	6.760600e-02	6.736000e-02	1.060960e-01	0.000000e+00	0.000000e+00	0.000000e+00	6.738500e-02	8.820000e-04	0.000000e+00	0.000000e+00	0.000000e+00
-4.150000e+00	6.472400e-02	1.418830e-01	8.588500e-02	8.775600e-02	8.753800e-02	1.344400e-01	0.000000e+00	0.000000e+00	0.000000e+00	8.743900e-02	9.190000e-04	0.000000e+00	0.000000e+00	0.000000e+00
-4.100000e+00	6.692500e-02	1.421570e-01	8.634000e-02	1.133830e-01	1.133010e-01	1.693980e-01	0.000000e+00	0.000000e+00	0.000000e+00	1.129480e-01	9.670000e-04	0.000000e+00	0.000000e+00	0.000000e+00
-4.050000e+00	6.940000e-02	1.422840e-01	8.681500e-02	1.457720e-01	1.458850e-01	2.121580e-01	0.000000e+00	0.000000e+00	0.000000e+00	1.451320e-01	1.027000e-03	0.000000e+00	0.000000e+00	0.000000e+00
-4.000000e+00	7.201300e-02	1.426060e-01	8.752700e-02	1.865240e-01	1.863490e-01	2.645370e-01	0.000000e+00	0.000000e+00	0.000000e+00	1.856660e-01	1.082000e-03	0.000000e+00	0.000000e+00	0.000000e+00
-3.950000e+00	7.451100e-02	1.426940e-01	8.800500e-02	2.375890e-01	2.368500e-01	3.293150e-01	0.000000e+00	0.000000e+00	0.000000e+00	2.363020e-01	1.171000e-03	0.000000e+00	0.000000e+00	0.000000e+00
-3.900000e+00	7.700600e-02	1.427840e-01	8.858200e-02	3.006650e-01	2.993990e-01	4.078800e-01	0.000000e+00	0.000000e+00	0.000000e+00	2.990470e-01	1.277000e-03	0.000000e+00	0.000000e+00	0.000000e+00
-3.850000e+00	7.952100e-02	1.428620e-01	8.932300e-02	3.779960e-01	3.762460e-01	5.026110e-01	0.000000e+00	0.000000e+00	0.000000e+00	3.760060e-01	1.387000e-03	0.000000e+00	0.000000e+00	0.000000e+00
-3.800000e+00	8.202900e-02	1.428260e-01	9.016800e-02	4.723300e-01	4.701440e-01	6.166290e-01	0.000000e+00	0.000000e+00	0.000000e+00	4.696360e-01	1.504000e-03	0.000000e+00	0.000000e+00	0.000000e+00
-3.750000e+00	8.451800e-02	1.426430e-01	9.109700e-02	5.863210e-01	5.850150e-01	7.523080e-01	0.000000e+00	0.000000e+00	0.000000e+00	5.835040e-01	1.665000e-03	0.000000e+00	0.000000e+00	0.000000e+00
-3.700000e+00	8.755700e-02	1.425450e-01	9.233100e-02	7.229690e-01	7.210990e-01	9.128280e-01	0.000000e+00	0.000000e+00	0.000000e+00	7.199140e-01	1.801000e-03	0.000000e+00	0.000000e+00	0.000000e+00
-3.650000e+00	9.001000e-02	1.426760e-01	9.345800e-02	8.858740e-01	8.837040e-01	1.102090e+00	0.000000e+00	0.000000e+00	0.000000e+00	8.822270e-01	1.946000e-03	0.000000e+00	0.000000e+00	0.000000e+00
-3.600000e+00	9.232300e-02	1.426560e-01	9.484100e-02	1.078332e+00	1.076029e+00	1.324553e+00	0.000000e+00	0.000000e+00	0.000000e+00	1.073697e+00	2.143000e-03	0.000000e+00	0.000000e+00	0.000000e+00
-3.550000e+00	9.472400e-02	1.426070e-01	9.632800e-02	1.303764e+00	1.301688e+00	1.584266e+00	0.000000e+00	0.000000e+00	0.000000e+00	1.298103e+00	2.368000e-03	0.000000e+00	0.000000e+00	0.000000e+00
-3.500000e+00	9.724300e-02	1.427160e-01	9.770700e-02	1.565915e+00	1.564410e+00	1.884808e+00	0.000000e+00	0.000000e+00	0.000000e+00	1.559557e+00	2.579000e-03	0.000000e+00	0.000000e+00	0.000000e+00
-3.450000e+00	9.973400e-02	1.428110e-01	9.919700e-02	1.869269e+00	1.867154e+00	2.229725e+00	0.000000e+00	0.000000e+00	0.000000e+00	1.861832e+00	2.801000e-03	0.000000e+00	0.000000e+00	0.000000e+00
-3.400000e+00	1.019450e-01	1.429150e-01	1.012030e-01	2.211912e+00	2.209105e+00	2.617302e+00	0.000000e+00	0.000000e+00	0.000000e+00	2.203680e+00	3.079000e-03	0.000000e+00	0.000000e+00	0.000000e+00
-3.350000e+00	1.043320e-01	1.430700e-01	1.035570e-01	2.600640e+00	2.596192e+00	3.056624e+00	0.000000e+00	0.000000e+00	0.000000e+00	2.591596e+00	3.340000e-03	0.000000e+00	0.000000e+00	0.000000e+00
-3.300000e+00	1.067940e-01	1.431180e-01	1.061360e-01	3.037858e+00	3.032014e+00	3.550718e+00	0.000000e+00	0.000000e+00	0.000000e+00	3.027365e+00	3.665000e-03	0.000000e+00	0.000000e+00	0.000000e+00
-3.250000e+00	1.092100e-01	1.430860e-01	1.088920e-01	3.525084e+00	3.518305e+00	4.102209e+00	0.000000e+00	0.000000e+00	0.000000e+00	3.512642e+00	4.059000e-03	0.000000e+00	0.000000e+00	0.000000e+00
-3.200000e+00	1.116080e-01	1.430950e-01	1.119030e-01	4.063065e+00	4.055545e+00	4.713051e+00	0.000000e+00	0.000000e+00	0.000000e+00	4.048708e+00	4.481000e-03	0.000000e+00	0.000000e+00	0.000000e+00
-3.150000e+00	1.143640e-01	1.432650e-01	1.154290e-01	4.652238e+00	4.644996e+00	5.384076e+00	0.000000e+00	0.000000e+00	0.000000e+00	4.635823e+00	4.904000e-03	0.000000e+00	0.000000e+00	0.000000e+00
-3.100000e+00	1.168540e-01	1.432880e-01	1.194930e-01	5.283038e+00	5.277618e+00	6.105185e+00	0.000000e+00	0.000000e+00	0.000000e+00	5.264252e+00	5.403000e-03	0.000000e+00	0.000000e+00	0.000000e+00
-3.050000e+00	1.194160e-01	1.430920e-01	1.240690e-01	5.960413e+00	5.952432e+00	6.882729e+00	0.000000e+00	0.000000e+00	0.000000e+00	5.939010e+00	5.895000e-03	0.000000e+00	0.000000e+00	0.000000e+00
-3.000000e+00	1.219200e-01	1.429930e-01	1.290720e-01	6.678872e+00	6.669135e+00	7.711419e+00	0.000000e+00	0.000000e+00	0.000000e+00	6.655442e+00	6.485000e-03	0.000000e+00	0.000000e+00	0.000000e+00
-2.950000e+00	1.243920e-01	1.430370e-01	1.345200e-01	7.432223e+00	7.422568e+00	8.587805e+00	0.000000e+00	0.000000e+00	0.000000e+00	7.407178e+00	7.177000e-03	0.000000e+00	0.000000e+00	0.000000e+00
-2.900000e+00	1.268920e-01	1.431350e-01	1.406070e-01	8.214414e+00	8.204836e+00	9.508933e+00	0.000000e+00	0.000000e+00	0.000000e+00	8.187575e+00	7.949000e-03	0.000000e+00	0.000000e+00	0.000000e+00
-2.850000e+00	1.293620e-01	1.431860e-01	1.477970e-01	9.020616e+00	9.009951e+00	1.046928e+01	0.000000e+00	0.000000e+00	0.000000e+00	8.992106e+00	8.877000e-03	0.000000e+00	0.000000e+00	0.000000e+00
-2.800000e+00	1.316100e-01	1.431390e-01	1.558230e-01	9.827620e+00	9.815869e+00	1.144409e+01	0.000000e+00	0.000000e+00	0.000000e+00	9.793191e+00	9.775000e-03	0.000000e+00	0.000000e+00	0.000000e+00
-2.750000e+00	1.342530e-01	1.432360e-01	1.650680e-01	1.063609e+01	1.062301e+01	1.243809e+01	0.000000e+00	0.000000e+00	0.000000e+00	1.059580e+01	1.089800e-02	0.000000e+00	0.000000e+00	0.000000e+00
-2.700000e+00	1.369350e-01	1.434420e-01	1.750930e-01	1.143343e+01	1.142082e+01	1.344396e+01	0.000000e+00	0.000000e+00	0.000000e+00	1.138931e+01	1.212600e-02	0.000000e+00	0.000000e+00	0.000000e+00
-2.650000e+00	1.395350e-01	1.434310e-01	1.860600e-01	1.220871e+01	1.219741e+01	1.445076e+01	0.000000e+00	0.000000e+00	0.000000e+00	1.216108e+01	1.335600e-02	0.000000e+00	0.000000e+00	0.000000e+00
-2.600000e+00	1.420050e-01	1.430790e-01	1.983690e-01	1.295223e+01	1.293999e+01	1.544623e+01	0.000000e+00	0.000000e+00	0.000000e+00	1.289949e+01	1.459800e-02	0.000000e+00	0.000000e+00	0.000000e+00
-2.550000e+00	1.441780e-01	1.429410e-01	2.121430e-01	1.365444e+01	1.363548e+01	1.642026e+01	0.000000e+00	0.000000e+00	0.000000e+00	1.359816e+01	1.611700e-02	0.000000e+00	0.000000e+00	0.000000e+00
-2.500000e+00	1.464510e-01	1.432960e-01	2.277580e-01	1.427837e+01	1.425532e+01	1.734063e+01	0.000000e+00	0.000000e+00	0.000000e+00	1.422119e+01	1.783800e-02	0.000000e+00	0.000000e+00	0.000000e+00
-2.450000e+00	1.489920e-01	1.433360e-01	2.449910e-01	1.483068e+01	1.480572e+01	1.821215e+01	0.000000e+00	0.000000e+00	0.000000e+00	1.477126e+01	1.962900e-02	0.000000e+00	0.000000e+00	0.000000e+00
-2.400000e+00	1.514950e-01	1.434610e-01	2.644540e-01	1.530562e+01	1.527657e+01	1.902573e+01	0.000000e+00	0.000000e+00	0.000000e+00	1.523949e+01	2.140400e-02	0.000000e+00	0.000000e+00	0.000000e+00
-2.350000e+00	1.540050e-01	1.435730e-01	2.863340e-01	1.569576e+01	1.566126e+01	1.977015e+01	0.000000e+00	0.000000e+00	0.000000e+00	1.562203e+01	2.336900e-02	0.000000e+00	0.000000e+00	0.000000e+00
-2.300000e+00	1.565480e-01	1.435010e-01	3.107600e-01	1.599360e+01	1.595409e+01	2.043471e+01	0.000000e+00	0.000000e+00	0.000000e+00	1.591529e+01	2.569300e-02	0.000000e+00	0.000000e+00	0.000000e+00
-2.250000e+00	1.587260e-01	1.434350e-01	3.384050e-01	1.619347e+01	1.614728e+01	2.101252e+01	0.000000e+00	0.000000e+00	0.000000e+00	1.611045e+01	2.796200e-02	0.000000e+00	0.000000e+00	0.000000e+00
-2.200000e+00	1.610920e-01	1.430870e-01	3.691190e-01	1.626508e+01	1.621726e+01	2.146245e+01	0.000000e+00	0.000000e+00	0.000000e+00	1.617771e+01	3.046300e-02	0.000000e+00	0.000000e+00	0.000000e+00
-2.150000e+00	1.634030e-01	1.429270e-01	4.028740e-01	1.624207e+01	1.619023e+01	2.180159e+01	0.000000e+00	0.000000e+00	0.000000e+00	1.615016e+01	3.306500e-02	0.000000e+00	0.000000e+00	0.000000e+00
-2.100000e+00	1.655170e-01	1.427990e-01	4.403950e-01	1.612245e+01	1.606783e+01	2.201068e+01	0.000000e+00	0.000000e+00	0.000000e+00	1.603061e+01	3.556300e-02	0.000000e+00	0.000000e+00	0.000000e+00
-2.050000e+00	1.676620e-01	1.426670e-01	4.815860e-01	1.591475e+01	1.585773e+01	2.206412e+01	0.000000e+00	0.000000e+00	0.000000e+00	1.582490e+01	3.816100e-02	0.000000e+00	0.000000e+00	0.000000e+00
-2.000000e+00	1.700480e-01	1.425660e-01	5.261320e-01	1.563092e+01	1.556993e+01	2.193230e+01	0.000000e+00	0.000000e+00	0.000000e+00	1.554039e+01	4.102600e-02	0.000000e+00	0.000000e+00	0.000000e+00
-1.950000e+00	1.724640e-01	1.425420e-01	5.745750e-01	1.527933e+01	1.521329e+01	2.158489e+01	0.000000e+00	0.000000e+00	0.000000e+00	1.518447e+01	4.362100e-02	0.000000e+00	0.000000e+00	0.000000e+00
-1.900000e+00	1.747500e-01	1.422030e-01	6.273420e-01	1.485059e+01	1.478088e+01	2.089250e+01	0.000000e+00	0.000000e+00	0.000000e+00	1.475209e+01	4.632400e-02	0.000000e+00	0.000000e+00	0.000000e+00
-1.850000e+00	1.767560e-01	1.419940e-01	6.839900e-01	1.437100e+01	1.429835e+01	1.997475e+01	0.000000e+00	0.000000e+00	0.000000e+00	1.426695e+01	4.893700e-02	0.000000e+00	0.000000e+00	0.000000e+00
-1.800000e+00	1.789050e-01	1.415630e-01	7.441200e-01	1.385079e+01	1.377141e+01	1.902386e+01	0.000000e+00	0.000000e+00	0.000000e+00	1.374140e+01	5.136800e-02	0.000000e+00	0.000000e+00	0.000000e+00
-1.750000e+00	1.811130e-01	1.410040e-01	8.073120e-01	1.329647e+01	1.321025e+01	1.811693e+01	0.000000e+00	0.000000e+00	0.000000e+00	1.318378e+01	5.358900e-02	0.000000e+00	0.000000e+00	0.000000e+00
-1.700000e+00	1.831320e-01	1.405030e-01	8.734340e-01	1.271404e+01	1.262438e+01	1.724327e+01	0.000000e+00	0.000000e+00	0.000000e+00	1.260017e+01	5.556900e-02	0.000000e+00	0.000000e+00	0.000000e+00
-1.650000e+00	1.849120e-01	1.399780e-01	9.431040e-01	1.211149e+01	1.201853e+01	1.633030e+01	0.000000e+00	0.000000e+00	0.000000e+00	1.199596e+01	5.719200e-02	0.000000e+00	0.000000e+00	0.000000e+00
-1.600000e+00	1.868930e-01	1.395970e-01	1.015504e+00	1.148037e+01	1.138900e+01	1.533126e+01	0.000000e+00	0.000000e+00	0.000000e+00	1.136678e+01	5.874300e-02	0.000000e+00	0.000000e+00	0.000000e+00
-1.550000e+00	1.884500e-01	1.390940e-01	1.089835e+00	1.083725e+01	1.075345e+01	1.429016e+01	0.000000e+00	0.000000e+00	0.000000e+00	1.073153e+01	5.954500e-02	0.000000e+00	0.000000e+00	0.000000e+00
-1.500000e+00	1.898480e-01	1.387820e-01	1.164974e+00	1.019224e+01	1.011395e+01	1.321694e+01	0.000000e+00	0.000000e+00	0.000000e+00	1.009134e+01	6.014900e-02	0.000000e+00	0.000000e+00	0.000000e+00
-1.450000e+00	1.913010e-01	1.384100e-01	1.241194e+00	9.547354e+00	9.472233e+00	1.212396e+01	0.000000e+00	0.000000e+00	0.000000e+00	9.451427e+00	6.044800e-02	0.000000e+00	0.000000e+00	0.000000e+00
-1.400000e+00	1.928760e-01	1.377050e-01	1.318878e+00	8.904433e+00	8.833520e+00	1.102457e+01	0.000000e+00	0.000000e+00	0.000000e+00	8.817662e+00	6.029600e-02	0.000000e+00	0.000000e+00	0.000000e+00
-1.350000e+00	1.944040e-01	1.369030e-01	1.396593e+00	8.270634e+00	8.208837e+00	9.931988e+00	0.000000e+00	0.000000e+00	0.000000e+00	8.194174e+00	6.015300e-02	0.000000e+00	0.000000e+00	0.000000e+00
-1.300000e+00	1.951070e-01	1.364010e-01	1.469156e+00	7.633171e+00	7.587180e+00	8.841292e+00	0.000000e+00	0.000000e+00	0.000000e+00	7.574213e+00	5.880700e-02	0.000000e+00	0.000000e+00	0.000000e+00
-1.250000e+00	1.958760e-01	1.354220e-01	1.539206e+00	7.008291e+00	6.980744e+00	7.786086e+00	0.000000e+00	0.000000e+00	0.000000e+00	6.968566e+00	5.768900e-02	0.000000e+00	0.000000e+00	0.000000e+00
-1.200000e+00	1.968550e-01	1.344580e-01	1.606084e+00	6.399423e+00	6.392184e+00	6.777960e+00	0.000000e+00	0.000000e+00	0.000000e+00	6.380462e+00	5.591000e-02	0.000000e+00	0.000000e+00	0.000000e+00
-1.150000e+00	1.977780e-01	1.333890e-01	1.666992e+00	5.810469e+00	5.822204e+00	5.826262e+00	0.000000e+00	0.000000e+00	0.000000e+00	5.811914e+00	5.368500e-02	0.000000e+00	0.000000e+00	0.000000e+00
-1.100000e+00	1.983040e-01	1.319560e-01	1.719669e+00	5.243906e+00	5.272712e+00	4.939342e+00	0.000000e+00	0.000000e+00	0.000000e+00	5.264367e+00	5.140800e-02	0.000000e+00	0.000000e+00	0.000000e+00
-1.050000e+00	1.983720e-01	1.302240e-01	1.765703e+00	4.699888e+00	4.748470e+00	4.124918e+00	0.000000e+00	0.000000e+00	0.000000e+00	4.739143e+00	4.887300e-02	0.000000e+00	0.000000e+00	0.000000e+00
-1.000000e+00	1.984380e-01	1.286680e-01	1.797121e+00	4.171912e+00	4.240952e+00	3.378504e+00	0.000000e+00	0.000000e+00	0.000000e+00	4.232177e+00	4.603500e-02	0.000000e+00	0.000000e+00	0.000000e+00
-9.500000e-01	1.979630e-01	1.266830e-01	1.815233e+00	3.671802e+00	3.759476e+00	2.721588e+00	0.000000e+00	0.000000e+00	0.000000e+00	3.752561e+00	4.281200e-02	0.000000e+00	0.000000e+00	0.000000e+00
-9.000000e-01	1.970260e-01	1.246060e-01	1.817746e+00	3.201795e+00	3.306552e+00	2.153989e+00	0.000000e+00	0.000000e+00	0.000000e+00	3.302054e+00	3.948200e-02	0.000000e+00	0.000000e+00	0.000000e+00
-8.500000e-01	1.957660e-01	1.225270e-01	1.803739e+00	2.764429e+00	2.883341e+00	1.674317e+00	0.000000e+00	0.000000e+00	0.000000e+00	2.880148e+00	3.631200e-02	0.000000e+00	0.000000e+00	0.000000e+00
-8.000000e-01	1.941670e-01	1.203450e-01	1.772333e+00	2.361124e+00	2.490031e+00	1.277826e+00	0.000000e+00	0.000000e+00	0.000000e+00	2.486676e+00	3.322100e-02	0.000000e+00	0.000000e+00	0.000000e+00
-7.500000e-01	1.918650e-01	1.178360e-01	1.721447e+00	1.991760e+00	2.126232e+00	9.565980e-01	0.000000e+00	0.000000e+00	0.000000e+00	2.122962e+00	2.963700e-02	0.000000e+00	0.000000e+00	0.000000e+00
-7.000000e-01	1.891250e-01	1.147080e-01	1.645547e+00	1.649929e+00	1.785805e+00	6.986340e-01	0.000000e+00	0.000000e+00	0.000000e+00	1.784122e+00	2.623700e-02	0.000000e+00	0.000000e+00	0.000000e+00
-6.500000e-01	1.859950e-01	1.116170e-01	1.549211e+00	1.345201e+00	1.479047e+00	4.996430e-01	0.000000e+00	0.000000e+00	0.000000e+00	1.477361e+00	2.319000e-02	0.000000e+00	0.000000e+00	0.000000e+00
-6.000000e-01	1.821400e-01	1.081940e-01	1.434944e+00	1.076946e+00	1.204403e+00	3.498020e-01	0.000000e+00	0.000000e+00	0.000000e+00	1.203058e+00	2.019200e-02	0.000000e+00	0.000000e+00	0.000000e+00
-5.500000e-01	1.775920e-01	1.045010e-01	1.305018e+00	8.449880e-01	9.615380e-01	2.394070e-01	0.000000e+00	0.000000e+00	0.000000e+00	9.610680e-01	1.728900e-02	0.000000e+00	0.000000e+00	0.000000e+00
-5.000000e-01	1.725580e-01	1.006900e-01	1.162113e+00	6.481960e-01	7.505920e-01	1.598500e-01	0.000000e+00	0.000000e+00	0.000000e+00	7.509930e-01	1.464700e-02	0.000000e+00	0.000000e+00	0.000000e+00
-4.500000e-01	1.672450e-01	9.672600e-02	1.009825e+00	4.842910e-01	5.715130e-01	1.038810e-01	0.000000e+00	0.000000e+00	0.000000e+00	5.721860e-01	1.240600e-02	0.000000e+00	0.000000e+00	0.000000e+00
-4.000000e-01	1.613090e-01	9.241900e-02	8.454650e-01	3.480460e-01	4.186850e-01	6.506300e-02	0.000000e+00	0.000000e+00	0.000000e+00	4.192020e-01	1.020100e-02	0.000000e+00	0.000000e+00	0.000000e+00
-3.500000e-01	1.544520e-01	8.807200e-02	6.832810e-01	2.412010e-01	2.950540e-01	3.937500e-02	0.000000e+00	0.000000e+00	0.000000e+00	2.953860e-01	8.295000e-03	0.000000e+00	0.000000e+00	0.000000e+00
-3.000000e-01	1.471170e-01	8.359800e-02	5.287720e-01	1.604560e-01	1.984020e-01	2.307100e-02	0.000000e+00	0.000000e+00	0.000000e+00	1.985190e-01	6.606000e-03	0.000000e+00	0.000000e+00	0.000000e+00
-2.500000e-01	1.397090e-01	7.888000e-02	3.914770e-01	1.024670e-01	1.274110e-01	1.312900e-02	0.000000e+00	0.000000e+00	0.000000e+00	1.272190e-01	5.115000e-03	0.000000e+00	0.000000e+00	0.000000e+00
-2.000000e-01	1.321920e-01	7.396000e-02	2.696900e-01	6.125600e-02	7.568200e-02	7.442000e-03	0.000000e+00	0.000000e+00	0.000000e+00	7.522100e-02	3.681000e-03	0.000000e+00	0.000000e+00	0.000000e+00
-1.500000e-01	1.247790e-01	6.904600e-02	1.730400e-01	3.461300e-02	4.120200e-02	4.398000e-03	0.000000e+00	0.000000e+00	0.000000e+00	4.097700e-02	4.210000e-03	0.000000e+00	0.000000e+00	0.000000e+00
-1.000000e-01	1.171880e-01	6.388200e-02	1.025370e-01	1.857600e-02	2.044300e-02	2.791000e-03	0.000000e+00	0.000000e+00	0.000000e+00	2.017100e-02	5.122800e-02	0.000000e+00	0.000000e+00	0.000000e+00
-5.000000e-02	1.093650e-01	5.838700e-02	5.986200e-02	1.014300e-02	9.882000e-03	1.879000e-03	0.000000e+00	0.000000e+00	0.000000e+00	9.770000e-03	2.814337e+00	0.000000e+00	0.000000e+00	0.000000e+00
0.000000e+00	1.044780e-01	5.501200e-02	4.331100e-02	7.055000e-03	6.220000e-03	1.474000e-03	0.000000e+00	0.000000e+00	0.000000e+00	6.161000e-03	7.054170e+01	0.000000e+00	0.000000e+00	0.000000e+00
