-8.900000e+00	1.020000e-04	1.030000e-04	1.020000e-04	1.020000e-04	1.010000e-04	1.680000e-04	4.620000e-04	5.250000e-04	6.680000e-04	1.000000e-06	1.960000e-04	2.060000e-04	2.060000e-04	2.070000e-04
-8.850000e+00	1.110000e-04	1.110000e-04	1.120000e-04	1.120000e-04	1.100000e-04	1.830000e-04	5.120000e-04	5.770000e-04	7.300000e-04	1.000000e-06	2.140000e-04	2.260000e-04	2.260000e-04	2.260000e-04
-8.800000e+00	1.180000e-04	1.180000e-04	1.190000e-04	1.210000e-04	1.190000e-04	1.990000e-04	5.800000e-04	6.280000e-04	7.950000e-04	1.000000e-06	2.290000e-04	2.430000e-04	2.430000e-04	2.440000e-04
-8.750000e+00	1.270000e-04	1.270000e-04	1.280000e-04	1.290000e-04	1.270000e-04	2.160000e-04	6.530000e-04	6.910000e-04	8.720000e-04	1.000000e-06	2.460000e-04	2.610000e-04	2.610000e-04	2.640000e-04
-8.700000e+00	1.370000e-04	1.370000e-04	1.380000e-04	1.380000e-04	1.370000e-04	2.360000e-04	7.190000e-04	7.640000e-04	9.580000e-04	1.000000e-06	2.640000e-04	2.800000e-04	2.800000e-04	2.870000e-04
-8.650000e+00	1.470000e-04	1.470000e-04	1.490000e-04	1.470000e-04	1.480000e-04	2.570000e-04	7.840000e-04	8.430000e-04	1.050000e-03	2.000000e-06	2.850000e-04	3.020000e-04	3.020000e-04	3.120000e-04
-8.600000e+00	1.580000e-04	1.600000e-04	1.610000e-04	1.590000e-04	1.600000e-04	2.790000e-04	8.610000e-04	9.230000e-04	1.144000e-03	3.000000e-06	3.080000e-04	3.260000e-04	3.260000e-04	3.380000e-04
-8.550000e+00	1.720000e-04	1.720000e-04	1.750000e-04	1.730000e-04	1.720000e-04	3.030000e-04	9.520000e-04	1.003000e-03	1.238000e-03	4.000000e-06	3.330000e-04	3.540000e-04	3.540000e-04	3.690000e-04
-8.500000e+00	1.830000e-04	1.860000e-04	1.900000e-04	1.890000e-04	1.850000e-04	3.300000e-04	1.046000e-03	1.091000e-03	1.337000e-03	2.000000e-06	3.590000e-04	3.810000e-04	3.810000e-04	4.000000e-04
-8.450000e+00	1.990000e-04	2.020000e-04	2.050000e-04	2.050000e-04	2.010000e-04	3.600000e-04	1.140000e-03	1.195000e-03	1.451000e-03	2.000000e-06	3.880000e-04	4.110000e-04	4.120000e-04	4.360000e-04
-8.400000e+00	2.140000e-04	2.160000e-04	2.230000e-04	2.230000e-04	2.190000e-04	3.910000e-04	1.257000e-03	1.306000e-03	1.573000e-03	4.000000e-06	4.200000e-04	4.440000e-04	4.440000e-04	4.790000e-04
-8.350000e+00	2.270000e-04	2.300000e-04	2.410000e-04	2.400000e-04	2.360000e-04	4.240000e-04	1.403000e-03	1.420000e-03	1.700000e-03	9.000000e-06	4.510000e-04	4.760000e-04	4.760000e-04	5.250000e-04
-8.300000e+00	2.400000e-04	2.440000e-04	2.580000e-04	2.560000e-04	2.520000e-04	4.580000e-04	1.567000e-03	1.534000e-03	1.827000e-03	1.300000e-05	4.800000e-04	5.050000e-04	5.050000e-04	5.670000e-04
-8.250000e+00	2.520000e-04	2.590000e-04	2.750000e-04	2.740000e-04	2.670000e-04	4.920000e-04	1.727000e-03	1.642000e-03	1.947000e-03	1.400000e-05	5.080000e-04	5.320000e-04	5.320000e-04	6.040000e-04
-8.200000e+00	2.680000e-04	2.730000e-04	2.990000e-04	2.880000e-04	2.840000e-04	5.340000e-04	1.926000e-03	1.766000e-03	2.078000e-03	1.800000e-05	5.390000e-04	5.620000e-04	5.620000e-04	6.430000e-04
-8.150000e+00	2.860000e-04	2.880000e-04	3.230000e-04	3.070000e-04	3.020000e-04	5.770000e-04	2.138000e-03	1.918000e-03	2.225000e-03	2.200000e-05	5.740000e-04	5.940000e-04	5.940000e-04	6.870000e-04
-8.100000e+00	3.030000e-04	3.050000e-04	3.490000e-04	3.310000e-04	3.270000e-04	6.250000e-04	2.343000e-03	2.081000e-03	2.386000e-03	3.100000e-05	6.110000e-04	6.290000e-04	6.300000e-04	7.380000e-04
-8.050000e+00	3.210000e-04	3.240000e-04	3.810000e-04	3.590000e-04	3.560000e-04	6.760000e-04	2.565000e-03	2.250000e-03	2.555000e-03	4.400000e-05	6.500000e-04	6.650000e-04	6.650000e-04	8.000000e-04
-8.000000e+00	3.400000e-04	3.410000e-04	4.210000e-04	3.900000e-04	3.860000e-04	7.330000e-04	2.834000e-03	2.431000e-03	2.731000e-03	6.000000e-05	6.900000e-04	7.000000e-04	7.000000e-04	8.730000e-04
-7.950000e+00	3.550000e-04	3.560000e-04	4.560000e-04	4.320000e-04	4.200000e-04	7.950000e-04	3.105000e-03	2.627000e-03	2.912000e-03	8.300000e-05	7.310000e-04	7.350000e-04	7.350000e-04	9.470000e-04
-7.900000e+00	3.730000e-04	3.750000e-04	5.040000e-04	4.770000e-04	4.640000e-04	8.590000e-04	3.400000e-03	2.833000e-03	3.099000e-03	1.060000e-04	7.710000e-04	7.690000e-04	7.690000e-04	1.015000e-03
-7.850000e+00	3.940000e-04	3.960000e-04	5.700000e-04	5.270000e-04	5.160000e-04	9.350000e-04	3.775000e-03	3.057000e-03	3.301000e-03	1.420000e-04	8.160000e-04	8.060000e-04	8.060000e-04	1.099000e-03
-7.800000e+00	4.230000e-04	4.220000e-04	6.660000e-04	5.850000e-04	5.780000e-04	1.026000e-03	4.143000e-03	3.301000e-03	3.515000e-03	1.890000e-04	8.640000e-04	8.450000e-04	8.440000e-04	1.208000e-03
-7.750000e+00	4.660000e-04	4.590000e-04	8.360000e-04	6.580000e-04	6.530000e-04	1.131000e-03	4.533000e-03	3.571000e-03	3.749000e-03	2.480000e-04	9.140000e-04	8.860000e-04	8.850000e-04	1.349000e-03
-7.700000e+00	5.380000e-04	5.270000e-04	1.177000e-03	7.520000e-04	7.500000e-04	1.250000e-03	4.996000e-03	3.870000e-03	4.007000e-03	3.240000e-04	9.690000e-04	9.340000e-04	9.330000e-04	1.531000e-03
-7.650000e+00	6.830000e-04	6.700000e-04	1.875000e-03	8.730000e-04	8.690000e-04	1.401000e-03	5.459000e-03	4.207000e-03	4.283000e-03	4.220000e-04	1.027000e-03	9.920000e-04	9.900000e-04	1.776000e-03
-7.600000e+00	1.045000e-03	1.032000e-03	3.506000e-03	1.013000e-03	1.002000e-03	1.580000e-03	5.935000e-03	4.598000e-03	4.594000e-03	5.600000e-04	1.086000e-03	1.084000e-03	1.083000e-03	2.163000e-03
-7.550000e+00	1.903000e-03	1.872000e-03	6.033000e-03	1.205000e-03	1.176000e-03	1.798000e-03	6.498000e-03	5.025000e-03	4.951000e-03	7.240000e-04	1.153000e-03	1.249000e-03	1.249000e-03	2.649000e-03
-7.500000e+00	3.438000e-03	3.408000e-03	9.324000e-03	1.455000e-03	1.411000e-03	2.066000e-03	7.089000e-03	5.523000e-03	5.338000e-03	9.260000e-04	1.224000e-03	1.493000e-03	1.497000e-03	3.202000e-03
-7.450000e+00	5.576000e-03	5.611000e-03	1.305900e-02	1.767000e-03	1.715000e-03	2.414000e-03	7.712000e-03	6.092000e-03	5.766000e-03	1.193000e-03	1.299000e-03	1.806000e-03	1.814000e-03	3.809000e-03
-7.400000e+00	7.987000e-03	8.094000e-03	1.701800e-02	2.148000e-03	2.092000e-03	2.862000e-03	8.407000e-03	6.725000e-03	6.248000e-03	1.554000e-03	1.378000e-03	2.160000e-03	2.168000e-03	4.470000e-03
-7.350000e+00	1.057300e-02	1.057100e-02	2.126700e-02	2.622000e-03	2.573000e-03	3.370000e-03	9.175000e-03	7.450000e-03	6.779000e-03	2.000000e-03	1.461000e-03	2.530000e-03	2.537000e-03	5.179000e-03
-7.300000e+00	1.290500e-02	1.299100e-02	2.599900e-02	3.248000e-03	3.177000e-03	4.021000e-03	1.023200e-02	8.229000e-03	7.376000e-03	2.616000e-03	1.554000e-03	2.899000e-03	2.911000e-03	5.896000e-03
-7.250000e+00	1.535500e-02	1.537800e-02	3.131700e-02	4.009000e-03	3.949000e-03	4.835000e-03	1.127300e-02	9.078000e-03	8.018000e-03	3.357000e-03	1.650000e-03	3.278000e-03	3.287000e-03	6.693000e-03
-7.200000e+00	1.779700e-02	1.778000e-02	3.746600e-02	4.970000e-03	4.946000e-03	5.853000e-03	1.250300e-02	1.005000e-02	8.751000e-03	4.295000e-03	1.749000e-03	3.665000e-03	3.670000e-03	7.514000e-03
-7.150000e+00	2.022100e-02	2.022900e-02	4.428400e-02	6.212000e-03	6.229000e-03	7.114000e-03	1.398200e-02	1.113000e-02	9.582000e-03	5.495000e-03	1.847000e-03	4.063000e-03	4.066000e-03	8.294000e-03
-7.100000e+00	2.266400e-02	2.269800e-02	5.088500e-02	7.834000e-03	7.849000e-03	8.671000e-03	1.574000e-02	1.226900e-02	1.051500e-02	7.039000e-03	1.946000e-03	4.477000e-03	4.480000e-03	8.967000e-03
-7.050000e+00	2.500800e-02	2.509500e-02	5.545500e-02	9.939000e-03	9.789000e-03	1.064500e-02	1.800000e-02	1.347400e-02	1.159300e-02	9.099000e-03	2.049000e-03	4.901000e-03	4.909000e-03	9.491000e-03
-7.000000e+00	2.736200e-02	2.756400e-02	5.843100e-02	1.246500e-02	1.233600e-02	1.324000e-02	2.098200e-02	1.485900e-02	1.288200e-02	1.166300e-02	2.163000e-03	5.349000e-03	5.361000e-03	9.952000e-03
-6.950000e+00	2.975600e-02	2.996400e-02	6.097700e-02	1.566500e-02	1.555900e-02	1.657700e-02	2.465700e-02	1.647600e-02	1.442500e-02	1.478600e-02	2.291000e-03	5.822000e-03	5.836000e-03	1.042500e-02
-6.900000e+00	3.216800e-02	3.231900e-02	6.335600e-02	1.970700e-02	1.965300e-02	2.077700e-02	2.909700e-02	1.839000e-02	1.627800e-02	1.874900e-02	2.441000e-03	6.329000e-03	6.348000e-03	1.092500e-02
-6.850000e+00	3.460200e-02	3.474400e-02	6.578600e-02	2.480400e-02	2.483100e-02	2.598800e-02	3.452100e-02	2.070600e-02	1.849900e-02	2.376000e-02	2.618000e-03	6.877000e-03	6.904000e-03	1.146400e-02
-6.800000e+00	3.705700e-02	3.728400e-02	6.835600e-02	3.121400e-02	3.131600e-02	3.243700e-02	4.127100e-02	2.353500e-02	2.116700e-02	3.000200e-02	2.825000e-03	7.452000e-03	7.489000e-03	1.205000e-02
-6.750000e+00	3.946600e-02	3.968100e-02	7.093100e-02	3.921500e-02	3.931400e-02	4.052800e-02	4.969400e-02	2.690000e-02	2.439900e-02	3.790900e-02	3.058000e-03	8.008000e-03	8.049000e-03	1.268000e-02
-6.700000e+00	4.190600e-02	4.216300e-02	7.327800e-02	4.926100e-02	4.939600e-02	5.069200e-02	6.003200e-02	3.105700e-02	2.838700e-02	4.784700e-02	3.335000e-03	8.716000e-03	8.758000e-03	1.337200e-02
-6.650000e+00	4.435900e-02	4.467500e-02	7.558600e-02	6.168000e-02	6.184200e-02	6.328200e-02	7.308800e-02	3.613300e-02	3.323000e-02	6.012400e-02	3.631000e-03	9.499000e-03	9.545000e-03	1.413500e-02
-6.600000e+00	4.695000e-02	4.719400e-02	7.796700e-02	7.708900e-02	7.727100e-02	7.885700e-02	8.923000e-02	4.232500e-02	3.911500e-02	7.538000e-02	3.995000e-03	1.037400e-02	1.042400e-02	1.498300e-02
-6.550000e+00	4.968500e-02	4.972800e-02	8.043700e-02	9.631000e-02	9.645900e-02	9.820000e-02	1.090520e-01	4.988400e-02	4.624400e-02	9.433600e-02	4.436000e-03	1.135400e-02	1.140300e-02	1.594100e-02
-6.500000e+00	5.246900e-02	5.235500e-02	8.296800e-02	1.202310e-01	1.202930e-01	1.222370e-01	1.334980e-01	5.912200e-02	5.487600e-02	1.178030e-01	4.949000e-03	1.245500e-02	1.250400e-02	1.703800e-02
-6.450000e+00	5.513900e-02	5.525600e-02	8.554900e-02	1.493690e-01	1.496130e-01	1.517290e-01	1.639840e-01	7.038800e-02	6.543200e-02	1.467460e-01	5.559000e-03	1.371700e-02	1.378500e-02	1.828100e-02
-6.400000e+00	5.766100e-02	5.824700e-02	8.833800e-02	1.853710e-01	1.855440e-01	1.875310e-01	2.012520e-01	8.415700e-02	7.831100e-02	1.819840e-01	6.277000e-03	1.516000e-02	1.525600e-02	1.970900e-02
-6.350000e+00	6.059700e-02	6.119100e-02	9.113800e-02	2.295870e-01	2.294250e-01	2.315760e-01	2.469260e-01	1.008670e-01	9.390800e-02	2.251940e-01	7.119000e-03	1.681900e-02	1.692600e-02	2.135500e-02
-6.300000e+00	6.359900e-02	6.414700e-02	9.414300e-02	2.830750e-01	2.828320e-01	2.856910e-01	3.022360e-01	1.211260e-01	1.127740e-01	2.782660e-01	8.100000e-03	1.872200e-02	1.884100e-02	2.325300e-02
-6.250000e+00	6.662900e-02	6.721700e-02	9.738900e-02	3.479670e-01	3.481990e-01	3.517270e-01	3.692580e-01	1.456640e-01	1.355760e-01	3.431020e-01	9.249000e-03	2.090900e-02	2.104300e-02	2.543300e-02
-6.200000e+00	6.980800e-02	7.048300e-02	1.007380e-01	4.273000e-01	4.281910e-01	4.315760e-01	4.507600e-01	1.753380e-01	1.630950e-01	4.216890e-01	1.059300e-02	2.342700e-02	2.358000e-02	2.793000e-02
-6.150000e+00	7.320600e-02	7.391600e-02	1.038490e-01	5.237660e-01	5.236990e-01	5.274430e-01	5.492780e-01	2.111070e-01	1.961770e-01	5.164980e-01	1.215300e-02	2.632100e-02	2.651000e-02	3.080000e-02
-6.100000e+00	7.656100e-02	7.751900e-02	1.070910e-01	6.394000e-01	6.388620e-01	6.425770e-01	6.672720e-01	2.539970e-01	2.359260e-01	6.307920e-01	1.396800e-02	2.968400e-02	2.989600e-02	3.413900e-02
-6.050000e+00	8.030600e-02	8.104600e-02	1.103990e-01	7.779260e-01	7.777240e-01	7.810310e-01	8.081230e-01	3.052540e-01	2.833520e-01	7.683170e-01	1.607100e-02	3.356000e-02	3.378200e-02	3.798900e-02
-6.000000e+00	8.438800e-02	8.505000e-02	1.139990e-01	9.430630e-01	9.426610e-01	9.465920e-01	9.756840e-01	3.664110e-01	3.398870e-01	9.321410e-01	1.850700e-02	3.801600e-02	3.825700e-02	4.241900e-02
-5.950000e+00	8.874800e-02	8.958800e-02	1.180360e-01	1.138902e+00	1.137573e+00	1.143199e+00	1.175105e+00	4.388180e-01	4.067460e-01	1.126165e+00	2.131400e-02	4.313100e-02	4.340400e-02	4.751100e-02
-5.900000e+00	9.332200e-02	9.441300e-02	1.225680e-01	1.370248e+00	1.368197e+00	1.375192e+00	1.411841e+00	5.239830e-01	4.852860e-01	1.355368e+00	2.457200e-02	4.899500e-02	4.930500e-02	5.336100e-02
-5.850000e+00	9.805200e-02	9.922700e-02	1.275480e-01	1.643397e+00	1.641661e+00	1.648013e+00	1.688938e+00	6.245500e-01	5.779860e-01	1.625852e+00	2.848300e-02	5.571000e-02	5.606100e-02	6.007000e-02
-5.800000e+00	1.033390e-01	1.045510e-01	1.330560e-01	1.962286e+00	1.960413e+00	1.966181e+00	2.011853e+00	7.417150e-01	6.859470e-01	1.940413e+00	3.278500e-02	6.341800e-02	6.380100e-02	6.777000e-02
-5.750000e+00	1.091680e-01	1.102150e-01	1.385560e-01	2.332534e+00	2.330944e+00	2.336666e+00	2.387785e+00	8.779840e-01	8.113880e-01	2.307558e+00	3.747900e-02	7.221400e-02	7.262800e-02	7.653500e-02
-5.700000e+00	1.153240e-01	1.163820e-01	1.443550e-01	2.762313e+00	2.760151e+00	2.765874e+00	2.822698e+00	1.035727e+00	9.566370e-01	2.733286e+00	4.291200e-02	8.220800e-02	8.266400e-02	8.649800e-02
-5.650000e+00	1.219340e-01	1.231800e-01	1.507270e-01	3.258189e+00	3.254983e+00	3.261056e+00	3.323781e+00	1.217462e+00	1.123960e+00	3.223639e+00	4.920700e-02	9.353300e-02	9.404600e-02	9.779200e-02
-5.600000e+00	1.292120e-01	1.306460e-01	1.578610e-01	3.825501e+00	3.822142e+00	3.829847e+00	3.898820e+00	1.425803e+00	1.315611e+00	3.784956e+00	5.633600e-02	1.063390e-01	1.069160e-01	1.105580e-01
-5.550000e+00	1.371170e-01	1.386630e-01	1.657860e-01	4.470482e+00	4.467767e+00	4.479135e+00	4.554477e+00	1.663343e+00	1.534060e+00	4.424494e+00	6.437400e-02	1.207730e-01	1.214120e-01	1.249540e-01
-5.500000e+00	1.454610e-01	1.473160e-01	1.740010e-01	5.196385e+00	5.194344e+00	5.207393e+00	5.290777e+00	1.930689e+00	1.779957e+00	5.146499e+00	7.339400e-02	1.369570e-01	1.376640e-01	1.411100e-01
-5.450000e+00	1.548270e-01	1.569110e-01	1.831150e-01	6.015986e+00	6.011248e+00	6.027846e+00	6.121715e+00	2.231779e+00	2.056833e+00	5.959353e+00	8.353100e-02	1.550800e-01	1.558670e-01	1.592090e-01
-5.400000e+00	1.648810e-01	1.673190e-01	1.930090e-01	6.932304e+00	6.925722e+00	6.946251e+00	7.052018e+00	2.568721e+00	2.366705e+00	6.869080e+00	9.485500e-02	1.752940e-01	1.761740e-01	1.793910e-01
-5.350000e+00	1.756570e-01	1.786690e-01	2.037550e-01	7.951503e+00	7.945934e+00	7.968194e+00	8.087812e+00	2.943767e+00	2.711573e+00	7.880336e+00	1.074580e-01	1.977660e-01	1.987510e-01	2.018220e-01
-5.300000e+00	1.874900e-01	1.911400e-01	2.154960e-01	9.080997e+00	9.078020e+00	9.098949e+00	9.235878e+00	3.359007e+00	3.093273e+00	8.998276e+00	1.214480e-01	2.226660e-01	2.237650e-01	2.266760e-01
-5.250000e+00	2.009200e-01	2.046480e-01	2.282930e-01	1.032440e+01	1.032043e+01	1.034317e+01	1.050155e+01	3.815718e+00	3.513205e+00	1.023241e+01	1.369410e-01	2.501510e-01	2.513730e-01	2.541080e-01
-5.200000e+00	2.151860e-01	2.192140e-01	2.423100e-01	1.167303e+01	1.166607e+01	1.169029e+01	1.186718e+01	4.310383e+00	3.967974e+00	1.156455e+01	1.539380e-01	2.802100e-01	2.815660e-01	2.841320e-01
-5.150000e+00	2.301500e-01	2.349710e-01	2.573540e-01	1.313594e+01	1.312548e+01	1.315408e+01	1.334766e+01	4.847454e+00	4.461859e+00	1.301090e+01	1.725920e-01	3.130960e-01	3.146030e-01	3.169810e-01
-5.100000e+00	2.461620e-01	2.519730e-01	2.734120e-01	1.471092e+01	1.469889e+01	1.473194e+01	1.494528e+01	5.426814e+00	4.994713e+00	1.457343e+01	1.930320e-01	3.489750e-01	3.506700e-01	3.528170e-01
-5.050000e+00	2.635460e-01	2.703530e-01	2.906770e-01	1.639718e+01	1.638542e+01	1.642318e+01	1.665752e+01	6.047958e+00	5.566459e+00	1.624884e+01	2.153460e-01	3.879720e-01	3.898880e-01	3.917580e-01
-5.000000e+00	2.823950e-01	2.902070e-01	3.093000e-01	1.819397e+01	1.818244e+01	1.822535e+01	1.848006e+01	6.709904e+00	6.176346e+00	1.803121e+01	2.396030e-01	4.301830e-01	4.323360e-01	4.338980e-01
-4.950000e+00	3.022900e-01	3.114200e-01	3.290490e-01	2.009755e+01	2.008443e+01	2.012733e+01	2.041270e+01	7.411045e+00	6.821613e+00	1.991753e+01	2.658910e-01	4.757070e-01	4.781160e-01	4.793400e-01
-4.900000e+00	3.235070e-01	3.342110e-01	3.503830e-01	2.207271e+01	2.205849e+01	2.210463e+01	2.242541e+01	8.139641e+00	7.493099e+00	2.187439e+01	2.941220e-01	5.242460e-01	5.269650e-01	5.278330e-01
-4.850000e+00	3.462420e-01	3.590890e-01	3.729390e-01	2.413587e+01	2.411704e+01	2.416942e+01	2.452162e+01	8.900276e+00	8.194735e+00	2.392034e+01	3.245080e-01	5.761560e-01	5.792000e-01	5.796680e-01
-4.800000e+00	3.703150e-01	3.856550e-01	3.965470e-01	2.627490e+01	2.624804e+01	2.630806e+01	2.669630e+01	9.689511e+00	8.923635e+00	2.603687e+01	3.571170e-01	6.314230e-01	6.347970e-01	6.348450e-01
-4.750000e+00	3.954840e-01	4.139760e-01	4.212690e-01	2.847460e+01	2.844187e+01	2.851054e+01	2.894010e+01	1.050332e+01	9.676189e+00	2.821132e+01	3.919840e-01	6.900390e-01	6.937370e-01	6.933600e-01
-4.700000e+00	4.216650e-01	4.439140e-01	4.472690e-01	3.071996e+01	3.068889e+01	3.076629e+01	3.123869e+01	1.133706e+01	1.044817e+01	3.043315e+01	4.291340e-01	7.519850e-01	7.559610e-01	7.551960e-01
-4.650000e+00	4.492260e-01	4.741550e-01	4.746310e-01	3.300109e+01	3.297524e+01	3.305711e+01	3.357253e+01	1.218541e+01	1.123491e+01	3.268694e+01	4.686020e-01	8.172030e-01	8.213010e-01	8.203060e-01
-4.600000e+00	4.780610e-01	5.033950e-01	5.029740e-01	3.526993e+01	3.524105e+01	3.533011e+01	3.589238e+01	1.303045e+01	1.201975e+01	3.492770e+01	5.100940e-01	8.848910e-01	8.889870e-01	8.879050e-01
-4.550000e+00	5.081260e-01	5.333620e-01	5.324130e-01	3.753447e+01	3.750391e+01	3.760160e+01	3.821919e+01	1.387861e+01	1.280933e+01	3.717029e+01	5.538890e-01	9.554470e-01	9.594940e-01	9.583580e-01
-4.500000e+00	5.392600e-01	5.644250e-01	5.632360e-01	3.977878e+01	3.974600e+01	3.985460e+01	4.053603e+01	1.472452e+01	1.359886e+01	3.939277e+01	5.999850e-01	1.028760e+00	1.032741e+00	1.031569e+00
-4.450000e+00	5.711270e-01	5.962880e-01	5.949670e-01	4.198580e+01	4.195064e+01	4.207377e+01	4.282740e+01	1.556274e+01	1.438341e+01	4.158018e+01	6.483860e-01	1.104642e+00	1.108558e+00	1.107345e+00
-4.400000e+00	6.036770e-01	6.287170e-01	6.270330e-01	4.414124e+01	4.410419e+01	4.424471e+01	4.507719e+01	1.638812e+01	1.515841e+01	4.371853e+01	6.990970e-01	1.182861e+00	1.186711e+00	1.185443e+00
-4.350000e+00	6.376890e-01	6.624160e-01	6.595680e-01	4.623842e+01	4.619823e+01	4.635255e+01	4.726577e+01	1.719639e+01	1.592018e+01	4.578623e+01	7.521200e-01	1.263182e+00	1.266950e+00	1.265633e+00
-4.300000e+00	6.720090e-01	6.963750e-01	6.928840e-01	4.821114e+01	4.817132e+01	4.834234e+01	4.933716e+01	1.796869e+01	1.665186e+01	4.772986e+01	8.069690e-01	1.344335e+00	1.347993e+00	1.346634e+00
-4.250000e+00	7.068710e-01	7.307660e-01	7.262680e-01	5.009150e+01	5.005033e+01	5.023412e+01	5.132702e+01	1.871588e+01	1.736363e+01	4.958173e+01	8.639270e-01	1.426791e+00	1.430334e+00	1.428922e+00
-4.200000e+00	7.420480e-01	7.653810e-01	7.599160e-01	5.186961e+01	5.182371e+01	5.202495e+01	5.322795e+01	1.943539e+01	1.805290e+01	5.133214e+01	9.228940e-01	1.510220e+00	1.513650e+00	1.512179e+00
-4.150000e+00	7.773730e-01	8.000650e-01	7.939540e-01	5.353532e+01	5.348358e+01	5.370497e+01	5.502723e+01	2.012557e+01	1.871924e+01	5.296990e+01	9.836190e-01	1.594278e+00	1.597588e+00	1.596074e+00
-4.100000e+00	8.127610e-01	8.347800e-01	8.283050e-01	5.507939e+01	5.502406e+01	5.526599e+01	5.671357e+01	2.078505e+01	1.936125e+01	5.448590e+01	1.046033e+00	1.678611e+00	1.681784e+00	1.680255e+00
-4.050000e+00	8.482440e-01	8.696680e-01	8.625400e-01	5.649504e+01	5.643938e+01	5.671196e+01	5.828536e+01	2.141214e+01	1.997283e+01	5.587743e+01	1.110736e+00	1.762854e+00	1.765890e+00	1.764354e+00
-4.000000e+00	8.829500e-01	9.034630e-01	8.963750e-01	5.774374e+01	5.768738e+01	5.799305e+01	5.969668e+01	2.199564e+01	2.055205e+01	5.709628e+01	1.176686e+00	1.845349e+00	1.848234e+00	1.846725e+00
-3.950000e+00	9.173210e-01	9.370440e-01	9.297850e-01	5.886017e+01	5.880254e+01	5.914037e+01	6.098786e+01	2.254779e+01	2.110661e+01	5.817924e+01	1.244300e+00	1.926799e+00	1.929535e+00	1.928067e+00
-3.900000e+00	9.513450e-01	9.700530e-01	9.623080e-01	5.983913e+01	5.977719e+01	6.015035e+01	6.214765e+01	2.306929e+01	2.163690e+01	5.913447e+01	1.313474e+00	2.006737e+00	2.009328e+00	2.007899e+00
-3.850000e+00	9.847300e-01	1.002216e+00	9.939580e-01	6.067519e+01	6.061150e+01	6.102547e+01	6.317618e+01	2.356046e+01	2.214806e+01	5.995722e+01	1.384078e+00	2.084740e+00	2.087188e+00	2.085805e+00
-3.800000e+00	1.017078e+00	1.033390e+00	1.024781e+00	6.136749e+01	6.130681e+01	6.176733e+01	6.407658e+01	2.402140e+01	2.263895e+01	6.063793e+01	1.455974e+00	2.160374e+00	2.162675e+00	2.161358e+00
-3.750000e+00	1.048112e+00	1.063606e+00	1.054321e+00	6.192478e+01	6.185829e+01	6.236917e+01	6.484586e+01	2.445217e+01	2.308968e+01	6.117140e+01	1.529023e+00	2.233115e+00	2.235248e+00	2.234020e+00
-3.700000e+00	1.077514e+00	1.091874e+00	1.082303e+00	6.230797e+01	6.224287e+01	6.279843e+01	6.545025e+01	2.484599e+01	2.352218e+01	6.153026e+01	1.602309e+00	2.301090e+00	2.303062e+00	2.301962e+00
-3.650000e+00	1.105403e+00	1.118492e+00	1.108919e+00	6.254972e+01	6.248828e+01	6.309214e+01	6.592321e+01	2.521327e+01	2.393522e+01	6.175157e+01	1.676265e+00	2.365207e+00	2.367016e+00	2.366077e+00
-3.600000e+00	1.131686e+00	1.143371e+00	1.133839e+00	6.265347e+01	6.259493e+01	6.325512e+01	6.625935e+01	2.555417e+01	2.432939e+01	6.183936e+01	1.750817e+00	2.425029e+00	2.426665e+00	2.425921e+00
-3.550000e+00	1.156035e+00	1.166363e+00	1.157083e+00	6.262083e+01	6.256233e+01	6.328663e+01	6.646144e+01	2.586953e+01	2.470512e+01	6.179365e+01	1.825760e+00	2.480148e+00	2.481615e+00	2.481101e+00
-3.500000e+00	1.178179e+00	1.187329e+00	1.178733e+00	6.245245e+01	6.239198e+01	6.318724e+01	6.653406e+01	2.616018e+01	2.506278e+01	6.161310e+01	1.900775e+00	2.530160e+00	2.531472e+00	2.531223e+00
-3.450000e+00	1.198220e+00	1.206222e+00	1.198601e+00	6.214905e+01	6.209020e+01	6.296570e+01	6.647698e+01	2.642611e+01	2.540282e+01	6.129769e+01	1.975460e+00	2.574638e+00	2.575780e+00	2.575850e+00
-3.400000e+00	1.215490e+00	1.222459e+00	1.215788e+00	6.169053e+01	6.163619e+01	6.259865e+01	6.627397e+01	2.666227e+01	2.572012e+01	6.082903e+01	2.048728e+00	2.611655e+00	2.612621e+00	2.613075e+00
-3.350000e+00	1.230607e+00	1.236339e+00	1.230603e+00	6.111295e+01	6.105686e+01	6.210956e+01	6.593982e+01	2.687514e+01	2.601995e+01	6.023957e+01	2.120857e+00	2.642370e+00	2.643162e+00	2.644038e+00
-3.300000e+00	1.243159e+00	1.247545e+00	1.242931e+00	6.041816e+01	6.036091e+01	6.150865e+01	6.547957e+01	2.706465e+01	2.630109e+01	5.953407e+01	2.191471e+00	2.666456e+00	2.667090e+00	2.668436e+00
-3.250000e+00	1.252760e+00	1.256008e+00	1.252906e+00	5.960708e+01	5.955355e+01	6.080456e+01	6.490325e+01	2.723033e+01	2.656322e+01	5.872011e+01	2.260170e+00	2.683632e+00	2.684115e+00	2.685996e+00
-3.200000e+00	1.259261e+00	1.261682e+00	1.260571e+00	5.868596e+01	5.863939e+01	6.000372e+01	6.422034e+01	2.736883e+01	2.680537e+01	5.780406e+01	2.326518e+00	2.693695e+00	2.694022e+00	2.696514e+00
-3.150000e+00	1.262957e+00	1.264292e+00	1.265516e+00	5.767201e+01	5.762504e+01	5.910999e+01	6.343446e+01	2.747138e+01	2.702436e+01	5.678734e+01	2.390015e+00	2.696562e+00	2.696723e+00	2.699895e+00
-3.100000e+00	1.262591e+00	1.263443e+00	1.267292e+00	5.653768e+01	5.648720e+01	5.810244e+01	6.250331e+01	2.755422e+01	2.721187e+01	5.564908e+01	2.448698e+00	2.690136e+00	2.690148e+00	2.694121e+00
-3.050000e+00	1.259143e+00	1.259078e+00	1.266992e+00	5.531927e+01	5.526459e+01	5.701612e+01	6.147551e+01	2.761113e+01	2.737472e+01	5.442687e+01	2.503101e+00	2.676208e+00	2.676082e+00	2.680971e+00
-3.000000e+00	1.252550e+00	1.251814e+00	1.264056e+00	5.402120e+01	5.396285e+01	5.585731e+01	6.035651e+01	2.763228e+01	2.750466e+01	5.312473e+01	2.552671e+00	2.654827e+00	2.654585e+00	2.660488e+00
-2.950000e+00	1.242876e+00	1.241819e+00	1.258619e+00	5.265032e+01	5.259008e+01	5.463607e+01	5.914969e+01	2.761838e+01	2.760051e+01	5.175157e+01	2.596747e+00	2.626038e+00	2.625697e+00	2.632719e+00
-2.900000e+00	1.230262e+00	1.229112e+00	1.250973e+00	5.121342e+01	5.115380e+01	5.336132e+01	5.785880e+01	2.757133e+01	2.766264e+01	5.031794e+01	2.634754e+00	2.589949e+00	2.589516e+00	2.597785e+00
-2.850000e+00	1.214866e+00	1.213857e+00	1.241024e+00	4.971515e+01	4.965843e+01	5.203660e+01	5.649026e+01	2.748489e+01	2.768732e+01	4.883315e+01	2.666427e+00	2.546801e+00	2.546285e+00	2.555923e+00
-2.800000e+00	1.195733e+00	1.194608e+00	1.229033e+00	4.814833e+01	4.808760e+01	5.065232e+01	5.502936e+01	2.734724e+01	2.765366e+01	4.727932e+01	2.689668e+00	2.494983e+00	2.494406e+00	2.505591e+00
-2.750000e+00	1.174297e+00	1.173123e+00	1.215402e+00	4.653770e+01	4.647520e+01	4.923657e+01	5.350240e+01	2.716292e+01	2.756827e+01	4.567875e+01	2.704635e+00	2.436635e+00	2.435999e+00	2.448894e+00
-2.700000e+00	1.150430e+00	1.149146e+00	1.200378e+00	4.489377e+01	4.483101e+01	4.779431e+01	5.191989e+01	2.692893e+01	2.742801e+01	4.404754e+01	2.711457e+00	2.372116e+00	2.371431e+00	2.386225e+00
-2.650000e+00	1.124176e+00	1.122946e+00	1.184126e+00	4.322653e+01	4.316467e+01	4.633201e+01	5.028854e+01	2.664343e+01	2.723085e+01	4.239042e+01	2.710116e+00	2.301914e+00	2.301180e+00	2.318064e+00
-2.600000e+00	1.095743e+00	1.094773e+00	1.166825e+00	4.154191e+01	4.148154e+01	4.485729e+01	4.861277e+01	2.630440e+01	2.697419e+01	4.071303e+01	2.700321e+00	2.226550e+00	2.225753e+00	2.244913e+00
-2.550000e+00	1.065480e+00	1.064364e+00	1.148747e+00	3.983910e+01	3.977950e+01	4.337855e+01	4.689599e+01	2.590837e+01	2.665321e+01	3.903181e+01	2.681384e+00	2.146503e+00	2.145626e+00	2.167249e+00
-2.500000e+00	1.033451e+00	1.031495e+00	1.130553e+00	3.810910e+01	3.805542e+01	4.187861e+01	4.511560e+01	2.543948e+01	2.624763e+01	3.732300e+01	2.651319e+00	2.060599e+00	2.059640e+00	2.084066e+00
-2.450000e+00	9.995810e-01	9.972910e-01	1.112798e+00	3.638861e+01	3.633166e+01	4.037992e+01	4.329446e+01	2.490993e+01	2.577183e+01	3.561901e+01	2.612315e+00	1.971277e+00	1.970257e+00	1.997762e+00
-2.400000e+00	9.643840e-01	9.619810e-01	1.095651e+00	3.467551e+01	3.461900e+01	3.888289e+01	4.144361e+01	2.432095e+01	2.522709e+01	3.392093e+01	2.564633e+00	1.879263e+00	1.878182e+00	1.909047e+00
-2.350000e+00	9.284430e-01	9.257880e-01	1.079770e+00	3.297240e+01	3.292132e+01	3.738988e+01	3.956583e+01	2.367351e+01	2.461379e+01	3.223695e+01	2.508533e+00	1.785232e+00	1.784074e+00	1.818597e+00
-2.300000e+00	8.921080e-01	8.889920e-01	1.065950e+00	3.128742e+01	3.124067e+01	3.590172e+01	3.766324e+01	2.296918e+01	2.393273e+01	3.057671e+01	2.444397e+00	1.689827e+00	1.688585e+00	1.727058e+00
-2.250000e+00	8.552420e-01	8.519730e-01	1.054776e+00	2.963449e+01	2.958126e+01	3.441502e+01	3.574314e+01	2.221088e+01	2.318619e+01	2.894701e+01	2.372843e+00	1.593686e+00	1.592380e+00	1.635053e+00
-2.200000e+00	8.179650e-01	8.145270e-01	1.046664e+00	2.799283e+01	2.793433e+01	3.291270e+01	3.377009e+01	2.138209e+01	2.235857e+01	2.733373e+01	2.292584e+00	1.496111e+00	1.494729e+00	1.542167e+00
-2.150000e+00	7.808010e-01	7.769960e-01	1.041593e+00	2.638377e+01	2.632629e+01	3.139735e+01	3.177826e+01	2.050846e+01	2.147581e+01	2.576042e+01	2.206782e+00	1.399303e+00	1.397842e+00	1.450381e+00
-2.100000e+00	7.440210e-01	7.399720e-01	1.039909e+00	2.481291e+01	2.475522e+01	2.985794e+01	2.978020e+01	1.959767e+01	2.054448e+01	2.422593e+01	2.115858e+00	1.303858e+00	1.302318e+00	1.360284e+00
-2.050000e+00	7.080710e-01	7.035890e-01	1.041775e+00	2.328362e+01	2.322369e+01	2.828170e+01	2.779158e+01	1.865710e+01	1.957161e+01	2.273271e+01	2.020615e+00	1.210308e+00	1.208680e+00	1.272391e+00
-2.000000e+00	6.730830e-01	6.678520e-01	1.047498e+00	2.179869e+01	2.173616e+01	2.666040e+01	2.583085e+01	1.769499e+01	1.856544e+01	2.128483e+01	1.922029e+00	1.119133e+00	1.117406e+00	1.187149e+00
-1.950000e+00	6.385150e-01	6.329250e-01	1.057856e+00	2.036137e+01	2.029689e+01	2.499491e+01	2.391842e+01	1.672134e+01	1.753602e+01	1.988653e+01	1.821078e+00	1.030773e+00	1.028945e+00	1.104948e+00
-1.900000e+00	6.051770e-01	5.992320e-01	1.073632e+00	1.896325e+01	1.889937e+01	2.325708e+01	2.205382e+01	1.572047e+01	1.647403e+01	1.853099e+01	1.716986e+00	9.447130e-01	9.427730e-01	1.025681e+00
-1.850000e+00	5.734300e-01	5.669730e-01	1.093910e+00	1.762067e+01	1.755652e+01	2.154196e+01	2.025332e+01	1.472224e+01	1.541510e+01	1.723111e+01	1.612436e+00	8.623690e-01	8.603250e-01	9.503800e-01
-1.800000e+00	5.427050e-01	5.357370e-01	1.119507e+00	1.633543e+01	1.627253e+01	1.991016e+01	1.851436e+01	1.373181e+01	1.436609e+01	1.598790e+01	1.508301e+00	7.839870e-01	7.818420e-01	8.792470e-01
-1.750000e+00	5.134430e-01	5.059910e-01	1.149948e+00	1.510621e+01	1.504599e+01	1.836377e+01	1.684049e+01	1.276282e+01	1.333922e+01	1.480123e+01	1.407712e+00	7.097820e-01	7.075410e-01	8.123840e-01
-1.700000e+00	4.861760e-01	4.780020e-01	1.184393e+00	1.393236e+01	1.387560e+01	1.688154e+01	1.523510e+01	1.181602e+01	1.233474e+01	1.367038e+01	1.309625e+00	6.399110e-01	6.375690e-01	7.498400e-01
-1.650000e+00	4.608180e-01	4.510240e-01	1.222744e+00	1.281610e+01	1.276378e+01	1.544334e+01	1.369795e+01	1.086656e+01	1.133085e+01	1.259453e+01	1.204963e+00	5.744610e-01	5.719930e-01	6.916470e-01
-1.600000e+00	4.370990e-01	4.255920e-01	1.266030e+00	1.175244e+01	1.170195e+01	1.402308e+01	1.221229e+01	9.943787e+00	1.035092e+01	1.156995e+01	1.106988e+00	5.128550e-01	5.102440e-01	6.371710e-01
-1.550000e+00	4.150350e-01	4.020430e-01	1.312516e+00	1.074468e+01	1.069603e+01	1.265371e+01	1.081698e+01	9.058318e+00	9.408993e+00	1.060029e+01	1.012150e+00	4.558370e-01	4.530940e-01	5.876280e-01
-1.500000e+00	3.940910e-01	3.801790e-01	1.361587e+00	9.790311e+00	9.748801e+00	1.134055e+01	9.513387e+00	8.210477e+00	8.506621e+00	9.685051e+00	9.211690e-01	4.033280e-01	4.004810e-01	5.424850e-01
-1.450000e+00	3.746490e-01	3.599630e-01	1.412779e+00	8.889880e+00	8.858385e+00	1.008785e+01	8.301902e+00	7.403360e+00	7.647430e+00	8.824021e+00	8.342720e-01	3.554690e-01	3.525140e-01	5.014360e-01
-1.400000e+00	3.570330e-01	3.414400e-01	1.465718e+00	8.043760e+00	8.022405e+00	8.901579e+00	7.184543e+00	6.640293e+00	6.835147e+00	8.016035e+00	7.516420e-01	3.120090e-01	3.089430e-01	4.642440e-01
-1.350000e+00	3.407530e-01	3.246840e-01	1.520055e+00	7.250327e+00	7.240493e+00	7.790309e+00	6.165514e+00	5.923306e+00	6.072406e+00	7.258391e+00	6.736690e-01	2.720970e-01	2.689750e-01	4.306400e-01
-1.300000e+00	3.260030e-01	3.090720e-01	1.574306e+00	6.503035e+00	6.505378e+00	6.740143e+00	5.229450e+00	5.246705e+00	5.352454e+00	6.543481e+00	5.998480e-01	2.363160e-01	2.330980e-01	4.006020e-01
-1.250000e+00	3.126410e-01	2.948250e-01	1.625854e+00	5.805391e+00	5.821869e+00	5.768113e+00	4.390890e+00	4.619750e+00	4.685095e+00	5.876387e+00	5.308170e-01	2.043780e-01	2.010710e-01	3.735130e-01
-1.200000e+00	3.005060e-01	2.818950e-01	1.673917e+00	5.154904e+00	5.188799e+00	4.881862e+00	3.648519e+00	4.040590e+00	4.071117e+00	5.255554e+00	4.665330e-01	1.760700e-01	1.726940e-01	3.490120e-01
-1.150000e+00	2.895150e-01	2.702030e-01	1.717164e+00	4.551871e+00	4.602404e+00	4.081729e+00	2.999232e+00	3.510293e+00	3.510648e+00	4.678914e+00	4.073800e-01	1.511250e-01	1.476940e-01	3.267680e-01
-1.100000e+00	2.795310e-01	2.595400e-01	1.754341e+00	3.996323e+00	4.060108e+00	3.367464e+00	2.438583e+00	3.029218e+00	3.003080e+00	4.144130e+00	3.534510e-01	1.293120e-01	1.258240e-01	3.064560e-01
-1.050000e+00	2.702610e-01	2.494940e-01	1.785003e+00	3.486525e+00	3.562236e+00	2.740427e+00	1.961029e+00	2.595419e+00	2.547091e+00	3.648814e+00	3.042710e-01	1.104690e-01	1.069050e-01	2.877460e-01
-1.000000e+00	2.623390e-01	2.399680e-01	1.803432e+00	3.016912e+00	3.099750e+00	2.188309e+00	1.553912e+00	2.202492e+00	2.137748e+00	3.190618e+00	2.591260e-01	9.421600e-02	9.056400e-02	2.700800e-01
-9.500000e-01	2.550770e-01	2.314700e-01	1.810205e+00	2.588922e+00	2.678616e+00	1.720900e+00	1.216747e+00	1.854323e+00	1.776342e+00	2.769292e+00	2.189380e-01	8.036000e-02	7.665500e-02	2.531380e-01
-9.000000e-01	2.480470e-01	2.238180e-01	1.803742e+00	2.200958e+00	2.297623e+00	1.331490e+00	9.409010e-01	1.548269e+00	1.460606e+00	2.383397e+00	1.834880e-01	6.863400e-02	6.490600e-02	2.366430e-01
-8.500000e-01	2.414550e-01	2.166030e-01	1.782018e+00	1.852692e+00	1.954237e+00	1.013616e+00	7.192710e-01	1.281757e+00	1.187636e+00	2.032695e+00	1.523540e-01	5.878400e-02	5.504800e-02	2.202880e-01
-8.000000e-01	2.354180e-01	2.095440e-01	1.743533e+00	1.542619e+00	1.645526e+00	7.590490e-01	5.439930e-01	1.052004e+00	9.541040e-01	1.716428e+00	1.251690e-01	5.056700e-02	4.683100e-02	2.038590e-01
-7.500000e-01	2.293410e-01	2.027750e-01	1.688244e+00	1.267474e+00	1.368762e+00	5.581840e-01	4.065560e-01	8.559370e-01	7.564560e-01	1.432738e+00	1.016880e-01	4.375000e-02	4.003100e-02	1.873080e-01
-7.000000e-01	2.233260e-01	1.962510e-01	1.611366e+00	1.023600e+00	1.120726e+00	4.016770e-01	2.996520e-01	6.887870e-01	5.890850e-01	1.175800e+00	8.143900e-02	3.820000e-02	3.449700e-02	1.699340e-01
-6.500000e-01	2.171700e-01	1.900320e-01	1.516643e+00	8.137760e-01	9.029760e-01	2.839850e-01	2.190390e-01	5.510060e-01	4.514190e-01	9.502850e-01	6.469600e-02	3.364000e-02	2.996300e-02	1.523010e-01
-6.000000e-01	2.108770e-01	1.836540e-01	1.404846e+00	6.357670e-01	7.147540e-01	1.977120e-01	1.590240e-01	4.388170e-01	3.400510e-01	7.546040e-01	5.066000e-02	2.990800e-02	2.628200e-02	1.345900e-01
-5.500000e-01	2.043820e-01	1.770000e-01	1.278086e+00	4.872010e-01	5.545510e-01	1.354410e-01	1.151000e-01	3.490110e-01	2.513820e-01	5.873450e-01	3.909300e-02	2.681600e-02	2.325200e-02	1.168620e-01
-5.000000e-01	1.976590e-01	1.701080e-01	1.139989e+00	3.654120e-01	4.205980e-01	9.132500e-02	8.350300e-02	2.785200e-01	1.820000e-01	4.467530e-01	2.984600e-02	2.420700e-02	2.070900e-02	9.935900e-02
-4.500000e-01	1.908160e-01	1.630120e-01	9.955310e-01	2.674930e-01	3.109920e-01	6.095200e-02	6.110400e-02	2.243890e-01	1.287880e-01	3.306750e-01	2.268400e-02	2.198100e-02	1.857300e-02	8.259100e-02
-4.000000e-01	1.834240e-01	1.553920e-01	8.407370e-01	1.897620e-01	2.212360e-01	4.038200e-02	4.572400e-02	1.860100e-01	8.885100e-02	2.354160e-01	1.689800e-02	2.012000e-02	1.680900e-02	6.638300e-02
-3.500000e-01	1.759360e-01	1.479610e-01	6.882310e-01	1.309380e-01	1.515920e-01	2.701500e-02	3.530400e-02	1.604600e-01	5.995800e-02	1.610320e-01	1.258500e-02	1.847900e-02	1.528200e-02	5.176900e-02
-3.000000e-01	1.680490e-01	1.403720e-01	5.432690e-01	8.811900e-02	9.957100e-02	1.854500e-02	2.802700e-02	1.457490e-01	3.944000e-02	1.056550e-01	9.118000e-03	1.687900e-02	1.382200e-02	3.879700e-02
-2.500000e-01	1.602730e-01	1.327630e-01	4.140750e-01	5.811200e-02	6.283000e-02	1.311600e-02	2.276700e-02	1.402200e-01	2.534200e-02	6.673700e-02	6.323000e-03	1.528700e-02	1.239400e-02	2.806000e-02
-2.000000e-01	1.527050e-01	1.253130e-01	3.006710e-01	3.767700e-02	3.749100e-02	9.790000e-03	1.895300e-02	1.484530e-01	1.579900e-02	3.980000e-02	4.463000e-03	1.371400e-02	1.101200e-02	1.949900e-02
-1.500000e-01	1.448280e-01	1.181260e-01	2.105280e-01	2.455700e-02	2.152400e-02	7.670000e-03	1.593100e-02	1.753170e-01	9.634000e-03	2.287700e-02	4.239000e-03	1.188100e-02	9.443000e-03	1.310300e-02
-1.000000e-01	1.375240e-01	1.107150e-01	1.453030e-01	1.646200e-02	1.237300e-02	6.104000e-03	1.325700e-02	2.492240e-01	5.576000e-03	1.295600e-02	4.676300e-02	9.775000e-03	7.663000e-03	8.479000e-03
-5.000000e-02	1.308380e-01	1.024650e-01	1.043810e-01	1.128300e-02	7.450000e-03	4.700000e-03	1.057900e-02	4.631160e-01	2.785000e-03	7.777000e-03	2.531179e+00	6.375000e-03	4.915000e-03	4.651000e-03
0.000000e+00	1.265880e-01	9.714700e-02	8.751000e-02	8.893000e-03	5.436000e-03	3.799000e-03	8.918000e-03	3.511250e-01	1.160000e-03	5.822000e-03	6.344048e+01	1.311000e-03	1.003000e-03	8.890000e-04
