-8.900000e+00	2.000000e-06	2.000000e-06	2.000000e-06	2.000000e-06	2.000000e-06	7.000000e-06	1.600000e-04	9.600000e-05	3.700000e-05	0.000000e+00	8.000000e-06	5.000000e-06	5.000000e-06	5.000000e-06
-8.850000e+00	3.000000e-06	3.000000e-06	3.000000e-06	3.000000e-06	3.000000e-06	9.000000e-06	1.900000e-04	1.200000e-04	4.600000e-05	0.000000e+00	1.000000e-05	6.000000e-06	6.000000e-06	6.000000e-06
-8.800000e+00	4.000000e-06	4.000000e-06	4.000000e-06	4.000000e-06	4.000000e-06	1.100000e-05	2.280000e-04	1.360000e-04	5.700000e-05	0.000000e+00	1.200000e-05	7.000000e-06	7.000000e-06	7.000000e-06
-8.750000e+00	4.000000e-06	4.000000e-06	4.000000e-06	4.000000e-06	4.000000e-06	1.400000e-05	2.580000e-04	1.480000e-04	7.100000e-05	0.000000e+00	1.500000e-05	9.000000e-06	9.000000e-06	9.000000e-06
-8.700000e+00	6.000000e-06	6.000000e-06	6.000000e-06	6.000000e-06	6.000000e-06	1.800000e-05	3.010000e-04	1.700000e-04	8.800000e-05	0.000000e+00	1.700000e-05	1.100000e-05	1.100000e-05	1.100000e-05
-8.650000e+00	7.000000e-06	7.000000e-06	7.000000e-06	7.000000e-06	7.000000e-06	2.200000e-05	3.580000e-04	2.040000e-04	1.080000e-04	0.000000e+00	2.000000e-05	1.400000e-05	1.400000e-05	1.400000e-05
-8.600000e+00	8.000000e-06	8.000000e-06	8.000000e-06	8.000000e-06	8.000000e-06	2.800000e-05	4.170000e-04	2.450000e-04	1.340000e-04	0.000000e+00	2.400000e-05	1.700000e-05	1.700000e-05	1.700000e-05
-8.550000e+00	1.000000e-05	1.000000e-05	1.000000e-05	1.000000e-05	1.000000e-05	3.400000e-05	4.910000e-04	2.960000e-04	1.640000e-04	0.000000e+00	2.800000e-05	2.000000e-05	2.000000e-05	2.000000e-05
-8.500000e+00	1.200000e-05	1.200000e-05	1.200000e-05	1.200000e-05	1.200000e-05	4.100000e-05	5.690000e-04	3.410000e-04	1.940000e-04	0.000000e+00	3.300000e-05	2.400000e-05	2.400000e-05	2.400000e-05
-8.450000e+00	1.500000e-05	1.500000e-05	1.500000e-05	1.400000e-05	1.400000e-05	5.000000e-05	6.430000e-04	4.010000e-04	2.310000e-04	0.000000e+00	4.000000e-05	2.900000e-05	2.900000e-05	2.900000e-05
-8.400000e+00	1.800000e-05	1.700000e-05	1.800000e-05	1.700000e-05	1.700000e-05	5.900000e-05	7.430000e-04	4.620000e-04	2.730000e-04	0.000000e+00	4.600000e-05	3.400000e-05	3.400000e-05	3.400000e-05
-8.350000e+00	2.100000e-05	2.000000e-05	2.000000e-05	2.000000e-05	2.000000e-05	6.800000e-05	8.660000e-04	5.180000e-04	3.190000e-04	0.000000e+00	5.300000e-05	4.000000e-05	4.000000e-05	4.000000e-05
-8.300000e+00	2.400000e-05	2.300000e-05	2.300000e-05	2.300000e-05	2.300000e-05	7.900000e-05	9.890000e-04	5.740000e-04	3.680000e-04	0.000000e+00	6.100000e-05	4.600000e-05	4.600000e-05	4.600000e-05
-8.250000e+00	2.700000e-05	2.600000e-05	2.800000e-05	2.600000e-05	2.600000e-05	9.000000e-05	1.105000e-03	6.500000e-04	4.210000e-04	0.000000e+00	7.000000e-05	5.300000e-05	5.300000e-05	5.300000e-05
-8.200000e+00	3.200000e-05	3.100000e-05	3.100000e-05	3.000000e-05	3.000000e-05	1.010000e-04	1.244000e-03	7.430000e-04	4.760000e-04	0.000000e+00	8.000000e-05	6.000000e-05	6.000000e-05	6.000000e-05
-8.150000e+00	3.500000e-05	3.500000e-05	3.500000e-05	3.400000e-05	3.400000e-05	1.130000e-04	1.421000e-03	8.460000e-04	5.330000e-04	0.000000e+00	9.100000e-05	6.900000e-05	6.900000e-05	6.900000e-05
-8.100000e+00	3.900000e-05	3.900000e-05	4.000000e-05	3.800000e-05	3.900000e-05	1.260000e-04	1.608000e-03	9.460000e-04	5.940000e-04	0.000000e+00	1.030000e-04	7.800000e-05	7.800000e-05	7.800000e-05
-8.050000e+00	4.400000e-05	4.400000e-05	4.500000e-05	4.300000e-05	4.300000e-05	1.400000e-04	1.798000e-03	1.044000e-03	6.630000e-04	0.000000e+00	1.150000e-04	8.800000e-05	8.800000e-05	8.800000e-05
-8.000000e+00	4.900000e-05	4.900000e-05	5.100000e-05	4.800000e-05	4.800000e-05	1.530000e-04	1.995000e-03	1.146000e-03	7.380000e-04	0.000000e+00	1.290000e-04	9.800000e-05	9.800000e-05	9.900000e-05
-7.950000e+00	5.400000e-05	5.500000e-05	5.800000e-05	5.300000e-05	5.300000e-05	1.680000e-04	2.212000e-03	1.256000e-03	8.030000e-04	0.000000e+00	1.420000e-04	1.080000e-04	1.080000e-04	1.100000e-04
-7.900000e+00	5.900000e-05	6.000000e-05	6.400000e-05	5.800000e-05	5.800000e-05	1.820000e-04	2.453000e-03	1.400000e-03	8.720000e-04	0.000000e+00	1.560000e-04	1.190000e-04	1.190000e-04	1.220000e-04
-7.850000e+00	6.500000e-05	6.600000e-05	7.100000e-05	6.400000e-05	6.300000e-05	1.960000e-04	2.732000e-03	1.582000e-03	9.430000e-04	0.000000e+00	1.710000e-04	1.300000e-04	1.300000e-04	1.360000e-04
-7.800000e+00	7.100000e-05	7.100000e-05	7.900000e-05	6.900000e-05	6.800000e-05	2.100000e-04	3.081000e-03	1.762000e-03	1.026000e-03	0.000000e+00	1.870000e-04	1.410000e-04	1.410000e-04	1.540000e-04
-7.750000e+00	7.600000e-05	7.600000e-05	9.000000e-05	7.500000e-05	7.400000e-05	2.250000e-04	3.477000e-03	1.934000e-03	1.114000e-03	0.000000e+00	2.030000e-04	1.530000e-04	1.530000e-04	1.760000e-04
-7.700000e+00	8.100000e-05	8.100000e-05	1.040000e-04	8.100000e-05	7.900000e-05	2.390000e-04	3.875000e-03	2.124000e-03	1.200000e-03	0.000000e+00	2.200000e-04	1.640000e-04	1.640000e-04	2.020000e-04
-7.650000e+00	8.700000e-05	8.600000e-05	1.240000e-04	8.600000e-05	8.400000e-05	2.550000e-04	4.273000e-03	2.363000e-03	1.301000e-03	0.000000e+00	2.360000e-04	1.750000e-04	1.750000e-04	2.330000e-04
-7.600000e+00	9.300000e-05	9.100000e-05	1.480000e-04	9.200000e-05	8.900000e-05	2.670000e-04	4.666000e-03	2.630000e-03	1.396000e-03	0.000000e+00	2.530000e-04	1.870000e-04	1.870000e-04	2.710000e-04
-7.550000e+00	9.900000e-05	9.700000e-05	1.870000e-04	9.700000e-05	9.500000e-05	2.810000e-04	5.017000e-03	2.915000e-03	1.494000e-03	0.000000e+00	2.700000e-04	1.980000e-04	1.980000e-04	3.160000e-04
-7.500000e+00	1.030000e-04	1.040000e-04	2.430000e-04	1.030000e-04	1.000000e-04	2.940000e-04	5.347000e-03	3.200000e-03	1.600000e-03	0.000000e+00	2.870000e-04	2.090000e-04	2.090000e-04	3.690000e-04
-7.450000e+00	1.080000e-04	1.100000e-04	3.270000e-04	1.080000e-04	1.050000e-04	3.070000e-04	5.700000e-03	3.513000e-03	1.706000e-03	0.000000e+00	3.030000e-04	2.200000e-04	2.200000e-04	4.320000e-04
-7.400000e+00	1.130000e-04	1.140000e-04	4.600000e-04	1.130000e-04	1.100000e-04	3.200000e-04	6.091000e-03	3.889000e-03	1.805000e-03	1.000000e-06	3.190000e-04	2.300000e-04	2.300000e-04	5.060000e-04
-7.350000e+00	1.180000e-04	1.180000e-04	6.710000e-04	1.180000e-04	1.150000e-04	3.310000e-04	6.448000e-03	4.301000e-03	1.925000e-03	2.000000e-06	3.340000e-04	2.390000e-04	2.390000e-04	5.990000e-04
-7.300000e+00	1.220000e-04	1.210000e-04	1.133000e-03	1.220000e-04	1.200000e-04	3.410000e-04	6.699000e-03	4.752000e-03	2.032000e-03	3.000000e-06	3.500000e-04	2.480000e-04	2.480000e-04	7.180000e-04
-7.250000e+00	1.260000e-04	1.240000e-04	2.144000e-03	1.260000e-04	1.230000e-04	3.500000e-04	6.963000e-03	5.213000e-03	2.142000e-03	4.000000e-06	3.640000e-04	2.570000e-04	2.570000e-04	8.600000e-04
-7.200000e+00	1.300000e-04	1.280000e-04	4.499000e-03	1.310000e-04	1.270000e-04	3.590000e-04	7.184000e-03	5.702000e-03	2.268000e-03	4.000000e-06	3.750000e-04	2.640000e-04	2.640000e-04	1.011000e-03
-7.150000e+00	1.360000e-04	1.330000e-04	9.955000e-03	1.370000e-04	1.310000e-04	3.660000e-04	7.311000e-03	6.211000e-03	2.407000e-03	6.000000e-06	3.840000e-04	2.720000e-04	2.720000e-04	1.149000e-03
-7.100000e+00	1.420000e-04	1.370000e-04	1.998200e-02	1.440000e-04	1.360000e-04	3.740000e-04	7.342000e-03	6.686000e-03	2.545000e-03	1.000000e-05	3.910000e-04	2.780000e-04	2.780000e-04	1.259000e-03
-7.050000e+00	1.420000e-04	1.380000e-04	2.676600e-02	1.470000e-04	1.420000e-04	3.800000e-04	7.379000e-03	7.009000e-03	2.655000e-03	1.300000e-05	3.950000e-04	2.840000e-04	2.840000e-04	1.353000e-03
-7.000000e+00	1.450000e-04	1.400000e-04	3.070200e-02	1.520000e-04	1.530000e-04	3.910000e-04	7.501000e-03	7.147000e-03	2.805000e-03	1.300000e-05	3.980000e-04	2.880000e-04	2.890000e-04	1.438000e-03
-6.950000e+00	1.510000e-04	1.450000e-04	3.407400e-02	1.600000e-04	1.570000e-04	4.000000e-04	7.591000e-03	7.284000e-03	2.965000e-03	1.700000e-05	4.010000e-04	2.930000e-04	2.930000e-04	1.520000e-03
-6.900000e+00	1.570000e-04	1.520000e-04	3.705100e-02	1.690000e-04	1.640000e-04	4.150000e-04	7.698000e-03	7.429000e-03	3.139000e-03	2.400000e-05	4.050000e-04	2.980000e-04	2.980000e-04	1.602000e-03
-6.850000e+00	1.660000e-04	1.630000e-04	3.974000e-02	1.790000e-04	1.760000e-04	4.310000e-04	7.824000e-03	7.534000e-03	3.322000e-03	3.600000e-05	4.100000e-04	3.040000e-04	3.040000e-04	1.700000e-03
-6.800000e+00	1.850000e-04	1.800000e-04	4.221900e-02	1.910000e-04	1.940000e-04	4.490000e-04	7.940000e-03	7.574000e-03	3.517000e-03	5.600000e-05	4.160000e-04	3.100000e-04	3.100000e-04	1.818000e-03
-6.750000e+00	2.160000e-04	2.080000e-04	4.464600e-02	2.100000e-04	2.190000e-04	4.770000e-04	8.015000e-03	7.621000e-03	3.742000e-03	7.200000e-05	4.230000e-04	3.160000e-04	3.170000e-04	1.900000e-03
-6.700000e+00	2.870000e-04	2.840000e-04	4.740500e-02	2.400000e-04	2.480000e-04	5.220000e-04	8.071000e-03	7.782000e-03	3.987000e-03	9.500000e-05	4.260000e-04	3.250000e-04	3.260000e-04	1.980000e-03
-6.650000e+00	4.680000e-04	4.680000e-04	5.000400e-02	2.800000e-04	2.850000e-04	5.820000e-04	8.179000e-03	7.959000e-03	4.237000e-03	1.280000e-04	4.300000e-04	3.380000e-04	3.400000e-04	2.061000e-03
-6.600000e+00	9.080000e-04	9.270000e-04	5.247600e-02	3.280000e-04	3.330000e-04	6.600000e-04	8.262000e-03	8.123000e-03	4.466000e-03	1.720000e-04	4.380000e-04	3.600000e-04	3.640000e-04	2.143000e-03
-6.550000e+00	1.891000e-03	1.972000e-03	5.483200e-02	3.870000e-04	3.950000e-04	7.510000e-04	8.397000e-03	8.277000e-03	4.715000e-03	2.320000e-04	4.470000e-04	3.990000e-04	4.060000e-04	2.227000e-03
-6.500000e+00	3.701000e-03	3.880000e-03	5.713700e-02	4.640000e-04	4.810000e-04	8.590000e-04	8.665000e-03	8.446000e-03	5.024000e-03	3.100000e-04	4.560000e-04	4.580000e-04	4.700000e-04	2.313000e-03
-6.450000e+00	5.962000e-03	6.236000e-03	5.959600e-02	5.690000e-04	6.010000e-04	1.009000e-03	8.975000e-03	8.664000e-03	5.349000e-03	4.090000e-04	4.640000e-04	5.340000e-04	5.500000e-04	2.397000e-03
-6.400000e+00	8.334000e-03	8.589000e-03	6.196600e-02	7.190000e-04	7.170000e-04	1.218000e-03	9.341000e-03	8.980000e-03	5.664000e-03	5.340000e-04	4.750000e-04	6.160000e-04	6.340000e-04	2.483000e-03
-6.350000e+00	1.076400e-02	1.117600e-02	6.438700e-02	8.930000e-04	8.940000e-04	1.487000e-03	9.762000e-03	9.237000e-03	6.040000e-03	7.010000e-04	4.900000e-04	7.030000e-04	7.240000e-04	2.574000e-03
-6.300000e+00	1.322800e-02	1.375500e-02	6.682300e-02	1.129000e-03	1.127000e-03	1.820000e-03	1.023000e-02	9.551000e-03	6.488000e-03	9.300000e-04	5.080000e-04	7.950000e-04	8.170000e-04	2.666000e-03
-6.250000e+00	1.574500e-02	1.623700e-02	6.940500e-02	1.454000e-03	1.439000e-03	2.219000e-03	1.079700e-02	9.950000e-03	7.011000e-03	1.241000e-03	5.290000e-04	8.910000e-04	9.140000e-04	2.760000e-03
-6.200000e+00	1.830900e-02	1.868000e-02	7.217600e-02	1.876000e-03	1.872000e-03	2.703000e-03	1.152200e-02	1.043500e-02	7.610000e-03	1.647000e-03	5.540000e-04	9.890000e-04	1.015000e-03	2.858000e-03
-6.150000e+00	2.083300e-02	2.110400e-02	7.478400e-02	2.427000e-03	2.423000e-03	3.380000e-03	1.240500e-02	1.104700e-02	8.287000e-03	2.164000e-03	5.850000e-04	1.093000e-03	1.121000e-03	2.963000e-03
-6.100000e+00	2.325000e-02	2.354300e-02	7.719900e-02	3.118000e-03	3.154000e-03	4.209000e-03	1.355300e-02	1.175900e-02	9.166000e-03	2.874000e-03	6.330000e-04	1.202000e-03	1.234000e-03	3.071000e-03
-6.050000e+00	2.567100e-02	2.619400e-02	7.925800e-02	4.050000e-03	4.094000e-03	5.302000e-03	1.500300e-02	1.255600e-02	1.022200e-02	3.760000e-03	6.860000e-04	1.318000e-03	1.355000e-03	3.184000e-03
-6.000000e+00	2.805700e-02	2.877800e-02	8.154300e-02	5.290000e-03	5.277000e-03	6.672000e-03	1.681500e-02	1.360300e-02	1.140000e-02	4.914000e-03	7.430000e-04	1.443000e-03	1.486000e-03	3.305000e-03
-5.950000e+00	3.039500e-02	3.123800e-02	8.408500e-02	6.880000e-03	6.791000e-03	8.398000e-03	1.916000e-02	1.490400e-02	1.278200e-02	6.426000e-03	8.110000e-04	1.579000e-03	1.629000e-03	3.437000e-03
-5.900000e+00	3.274000e-02	3.367100e-02	8.664100e-02	8.859000e-03	8.764000e-03	1.061900e-02	2.219200e-02	1.642000e-02	1.450500e-02	8.386000e-03	8.910000e-04	1.729000e-03	1.787000e-03	3.584000e-03
-5.850000e+00	3.525500e-02	3.616300e-02	8.901500e-02	1.139100e-02	1.127600e-02	1.346200e-02	2.575900e-02	1.828700e-02	1.660000e-02	1.093300e-02	9.780000e-04	1.893000e-03	1.961000e-03	3.745000e-03
-5.800000e+00	3.769000e-02	3.879800e-02	9.157000e-02	1.471500e-02	1.456100e-02	1.700500e-02	3.039800e-02	2.057300e-02	1.910100e-02	1.423900e-02	1.090000e-03	2.082000e-03	2.159000e-03	3.928000e-03
-5.750000e+00	4.013200e-02	4.148100e-02	9.422300e-02	1.897100e-02	1.885300e-02	2.161600e-02	3.619200e-02	2.341900e-02	2.218400e-02	1.848200e-02	1.237000e-03	2.296000e-03	2.385000e-03	4.133000e-03
-5.700000e+00	4.266800e-02	4.412500e-02	9.663200e-02	2.435000e-02	2.421800e-02	2.747900e-02	4.348000e-02	2.681300e-02	2.590600e-02	2.385800e-02	1.411000e-03	2.540000e-03	2.647000e-03	4.368000e-03
-5.650000e+00	4.525100e-02	4.677700e-02	9.897300e-02	3.115200e-02	3.099300e-02	3.478500e-02	5.262100e-02	3.089900e-02	3.039500e-02	3.063000e-02	1.614000e-03	2.821000e-03	2.972000e-03	4.637000e-03
-5.600000e+00	4.783400e-02	4.951900e-02	1.014710e-01	3.980900e-02	3.973900e-02	4.384500e-02	6.399100e-02	3.589100e-02	3.585800e-02	3.918000e-02	1.857000e-03	3.146000e-03	3.363000e-03	4.949000e-03
-5.550000e+00	5.054400e-02	5.231000e-02	1.038470e-01	5.087600e-02	5.075900e-02	5.537900e-02	7.798700e-02	4.185400e-02	4.255500e-02	5.006800e-02	2.150000e-03	3.525000e-03	3.724000e-03	5.311000e-03
-5.500000e+00	5.309700e-02	5.519600e-02	1.064020e-01	6.489000e-02	6.469200e-02	6.984600e-02	9.594400e-02	4.911600e-02	5.057700e-02	6.393500e-02	2.506000e-03	4.032000e-03	4.212000e-03	5.747000e-03
-5.450000e+00	5.579300e-02	5.815000e-02	1.088730e-01	8.253200e-02	8.204800e-02	8.812300e-02	1.182290e-01	5.777300e-02	6.001000e-02	8.126500e-02	2.934000e-03	4.577000e-03	4.786000e-03	6.260000e-03
-5.400000e+00	5.839000e-02	6.119000e-02	1.113940e-01	1.044590e-01	1.039240e-01	1.110600e-01	1.461770e-01	6.814600e-02	7.131600e-02	1.027040e-01	3.445000e-03	5.206000e-03	5.499000e-03	6.866000e-03
-5.350000e+00	6.101400e-02	6.427600e-02	1.139830e-01	1.317820e-01	1.313810e-01	1.396370e-01	1.812040e-01	8.052000e-02	8.477700e-02	1.294860e-01	4.076000e-03	5.949000e-03	6.340000e-03	7.584000e-03
-5.300000e+00	6.385700e-02	6.740100e-02	1.165530e-01	1.659390e-01	1.655020e-01	1.749340e-01	2.248900e-01	9.523300e-02	1.006040e-01	1.632240e-01	4.859000e-03	6.821000e-03	7.284000e-03	8.434000e-03
-5.250000e+00	6.678000e-02	7.069500e-02	1.189440e-01	2.079630e-01	2.078290e-01	2.180660e-01	2.793560e-01	1.128920e-01	1.193010e-01	2.048520e-01	5.726000e-03	7.798000e-03	8.402000e-03	9.440000e-03
-5.200000e+00	6.978200e-02	7.423700e-02	1.212700e-01	2.595120e-01	2.595290e-01	2.710110e-01	3.439860e-01	1.338710e-01	1.417840e-01	2.557870e-01	6.754000e-03	9.036000e-03	9.661000e-03	1.064600e-02
-5.150000e+00	7.265600e-02	7.792600e-02	1.240000e-01	3.227450e-01	3.229450e-01	3.358330e-01	4.213970e-01	1.585040e-01	1.681240e-01	3.185610e-01	7.971000e-03	1.049900e-02	1.119800e-02	1.207800e-02
-5.100000e+00	7.566500e-02	8.173600e-02	1.268760e-01	4.001290e-01	4.004230e-01	4.152200e-01	5.141230e-01	1.875610e-01	1.989330e-01	3.955960e-01	9.413000e-03	1.222900e-02	1.303100e-02	1.377200e-02
-5.050000e+00	7.882900e-02	8.577500e-02	1.297340e-01	4.941310e-01	4.947870e-01	5.117740e-01	6.255650e-01	2.218100e-01	2.351370e-01	4.893090e-01	1.111500e-02	1.427200e-02	1.519500e-02	1.572500e-02
-5.000000e+00	8.210600e-02	9.028300e-02	1.324790e-01	6.075140e-01	6.091790e-01	6.281660e-01	7.596600e-01	2.620020e-01	2.778670e-01	6.025090e-01	1.310900e-02	1.668700e-02	1.774200e-02	1.796900e-02
-4.950000e+00	8.562300e-02	9.563700e-02	1.350560e-01	7.443210e-01	7.465330e-01	7.679400e-01	9.197980e-01	3.088930e-01	3.281340e-01	7.396130e-01	1.543200e-02	1.957900e-02	2.071600e-02	2.072700e-02
-4.900000e+00	8.940600e-02	1.016360e-01	1.372750e-01	9.080400e-01	9.096030e-01	9.339270e-01	1.110021e+00	3.638580e-01	3.861920e-01	9.010250e-01	1.812000e-02	2.286300e-02	2.427500e-02	2.395900e-02
-4.850000e+00	9.338700e-02	1.086160e-01	1.398890e-01	1.102759e+00	1.103701e+00	1.131204e+00	1.335349e+00	4.277160e-01	4.534980e-01	1.093317e+00	2.122900e-02	2.667900e-02	2.833000e-02	2.781700e-02
-4.800000e+00	9.748800e-02	1.172580e-01	1.428560e-01	1.332908e+00	1.333012e+00	1.364876e+00	1.600413e+00	5.016590e-01	5.311930e-01	1.320797e+00	2.479500e-02	3.109700e-02	3.298300e-02	3.223700e-02
-4.750000e+00	1.018380e-01	1.289370e-01	1.458780e-01	1.602781e+00	1.602104e+00	1.639408e+00	1.910877e+00	5.868540e-01	6.205400e-01	1.588272e+00	2.888700e-02	3.619800e-02	3.830500e-02	3.727800e-02
-4.700000e+00	1.065570e-01	1.454670e-01	1.488860e-01	1.916750e+00	1.916169e+00	1.958784e+00	2.272735e+00	6.846410e-01	7.229340e-01	1.900632e+00	3.358400e-02	4.206800e-02	4.434200e-02	4.308400e-02
-4.650000e+00	1.114740e-01	1.686680e-01	1.525920e-01	2.280031e+00	2.281458e+00	2.327627e+00	2.690393e+00	7.969750e-01	8.398890e-01	2.261822e+00	3.893500e-02	4.878600e-02	5.111900e-02	4.973800e-02
-4.600000e+00	1.168310e-01	1.821000e-01	1.561960e-01	2.696547e+00	2.697633e+00	2.749442e+00	3.167324e+00	9.245120e-01	9.725610e-01	2.675019e+00	4.496200e-02	5.640800e-02	5.874000e-02	5.730000e-02
-4.550000e+00	1.228190e-01	1.912960e-01	1.601260e-01	3.172431e+00	3.173884e+00	3.231091e+00	3.711786e+00	1.068537e+00	1.122569e+00	3.146970e+00	5.172300e-02	6.504400e-02	6.735400e-02	6.587300e-02
-4.500000e+00	1.291320e-01	1.986830e-01	1.644940e-01	3.713667e+00	3.714974e+00	3.778971e+00	4.329051e+00	1.231189e+00	1.292099e+00	3.683385e+00	5.938900e-02	7.479200e-02	7.706600e-02	7.555900e-02
-4.450000e+00	1.357930e-01	2.056620e-01	1.693060e-01	4.324663e+00	4.325370e+00	4.397729e+00	5.025130e+00	1.414205e+00	1.482893e+00	4.289773e+00	6.803800e-02	8.574600e-02	8.797500e-02	8.645000e-02
-4.400000e+00	1.429800e-01	2.127840e-01	1.744550e-01	5.009074e+00	5.009629e+00	5.090882e+00	5.806238e+00	1.619016e+00	1.696343e+00	4.970235e+00	7.769000e-02	9.799300e-02	1.001710e-01	9.863100e-02
-4.350000e+00	1.507960e-01	2.201710e-01	1.797140e-01	5.772255e+00	5.773233e+00	5.862962e+00	6.677391e+00	1.847164e+00	1.933903e+00	5.725380e+00	8.842800e-02	1.116140e-01	1.137380e-01	1.121910e-01
-4.300000e+00	1.590040e-01	2.280550e-01	1.857600e-01	6.605288e+00	6.606827e+00	6.707139e+00	7.630197e+00	2.097640e+00	2.195669e+00	6.551283e+00	1.002410e-01	1.265790e-01	1.286560e-01	1.271030e-01
-4.250000e+00	1.678410e-01	2.360450e-01	1.925140e-01	7.519664e+00	7.522028e+00	7.633440e+00	8.677055e+00	2.373939e+00	2.484314e+00	7.457992e+00	1.133060e-01	1.430440e-01	1.450680e-01	1.435120e-01
-4.200000e+00	1.774220e-01	2.445270e-01	1.999720e-01	8.516606e+00	8.517348e+00	8.642655e+00	9.815250e+00	2.677000e+00	2.801100e+00	8.445937e+00	1.276480e-01	1.610690e-01	1.630350e-01	1.614830e-01
-4.150000e+00	1.877000e-01	2.537470e-01	2.080830e-01	9.593309e+00	9.591358e+00	9.733734e+00	1.104543e+01	3.007281e+00	3.147018e+00	9.512207e+00	1.433160e-01	1.807020e-01	1.826080e-01	1.810640e-01
-4.100000e+00	1.985410e-01	2.637820e-01	2.169050e-01	1.074508e+01	1.074179e+01	1.090360e+01	1.236758e+01	3.365350e+00	3.523100e+00	1.065328e+01	1.603380e-01	2.019710e-01	2.038160e-01	2.022880e-01
-4.050000e+00	2.098410e-01	2.744960e-01	2.267880e-01	1.196991e+01	1.196354e+01	1.214710e+01	1.377272e+01	3.752964e+00	3.930996e+00	1.187032e+01	1.786370e-01	2.248830e-01	2.266610e-01	2.251570e-01
-4.000000e+00	2.216640e-01	2.857330e-01	2.366740e-01	1.324728e+01	1.323595e+01	1.343933e+01	1.524311e+01	4.165352e+00	4.365886e+00	1.313640e+01	1.984290e-01	2.492040e-01	2.509140e-01	2.494330e-01
-3.950000e+00	2.342180e-01	2.968090e-01	2.473700e-01	1.458125e+01	1.456873e+01	1.479395e+01	1.678385e+01	4.605124e+00	4.830216e+00	1.445803e+01	2.196260e-01	2.750870e-01	2.767350e-01	2.752830e-01
-3.900000e+00	2.471820e-01	3.080860e-01	2.588840e-01	1.596239e+01	1.595282e+01	1.620215e+01	1.838565e+01	5.072277e+00	5.324714e+00	1.582856e+01	2.423010e-01	3.024820e-01	3.040640e-01	3.026460e-01
-3.850000e+00	2.607260e-01	3.200040e-01	2.710380e-01	1.738118e+01	1.737465e+01	1.765102e+01	2.003720e+01	5.566919e+00	5.849836e+00	1.723639e+01	2.664220e-01	3.313080e-01	3.328200e-01	3.314440e-01
-3.800000e+00	2.751210e-01	3.326840e-01	2.836620e-01	1.882754e+01	1.882053e+01	1.912703e+01	2.172666e+01	6.088343e+00	6.405376e+00	1.866830e+01	2.919060e-01	3.614580e-01	3.628970e-01	3.615700e-01
-3.750000e+00	2.901960e-01	3.454680e-01	2.968410e-01	2.028986e+01	2.028358e+01	2.062169e+01	2.344392e+01	6.633564e+00	6.989900e+00	2.011520e+01	3.187330e-01	3.927840e-01	3.941490e-01	3.928790e-01
-3.700000e+00	3.050110e-01	3.584650e-01	3.101120e-01	2.172619e+01	2.171660e+01	2.209554e+01	2.514390e+01	7.195934e+00	7.597107e+00	2.153475e+01	3.464860e-01	4.247280e-01	4.260210e-01	4.248150e-01
-3.650000e+00	3.201130e-01	3.715960e-01	3.239440e-01	2.314544e+01	2.313460e+01	2.355418e+01	2.683306e+01	7.778983e+00	8.229431e+00	2.293624e+01	3.753670e-01	4.574370e-01	4.586560e-01	4.575240e-01
-3.600000e+00	3.356740e-01	3.848420e-01	3.384000e-01	2.452992e+01	2.451784e+01	2.498643e+01	2.849549e+01	8.381722e+00	8.885727e+00	2.430828e+01	4.052020e-01	4.906840e-01	4.918290e-01	4.907790e-01
-3.550000e+00	3.515890e-01	3.982360e-01	3.531570e-01	2.586563e+01	2.585401e+01	2.637797e+01	3.011656e+01	9.002052e+00	9.563796e+00	2.563298e+01	4.358360e-01	5.242250e-01	5.252950e-01	5.243380e-01
-3.500000e+00	3.676120e-01	4.116930e-01	3.678580e-01	2.714142e+01	2.713163e+01	2.771378e+01	3.167981e+01	9.636814e+00	1.026119e+01	2.689280e+01	4.671250e-01	5.578030e-01	5.588000e-01	5.579450e-01
-3.450000e+00	3.835390e-01	4.248120e-01	3.825440e-01	2.834731e+01	2.833075e+01	2.898146e+01	3.316286e+01	1.028199e+01	1.097649e+01	2.807981e+01	4.989070e-01	5.911610e-01	5.920800e-01	5.913440e-01
-3.400000e+00	3.986910e-01	4.378210e-01	3.971330e-01	2.942165e+01	2.940258e+01	3.012408e+01	3.452290e+01	1.093021e+01	1.169388e+01	2.914024e+01	5.304130e-01	6.233490e-01	6.241960e-01	6.235950e-01
-3.350000e+00	4.134410e-01	4.504900e-01	4.121470e-01	3.039608e+01	3.038024e+01	3.117723e+01	3.577929e+01	1.158298e+01	1.242482e+01	3.010308e+01	5.618390e-01	6.546410e-01	6.554110e-01	6.549650e-01
-3.300000e+00	4.276990e-01	4.627030e-01	4.269480e-01	3.126286e+01	3.125228e+01	3.213190e+01	3.692204e+01	1.223812e+01	1.316049e+01	3.096000e+01	5.929260e-01	6.846930e-01	6.853870e-01	6.851120e-01
-3.250000e+00	4.414950e-01	4.741620e-01	4.412990e-01	3.201522e+01	3.200740e+01	3.297840e+01	3.794331e+01	1.289240e+01	1.389649e+01	3.170303e+01	6.233940e-01	7.131940e-01	7.138130e-01	7.137240e-01
-3.200000e+00	4.547040e-01	4.846290e-01	4.551490e-01	3.264897e+01	3.263920e+01	3.371147e+01	3.883707e+01	1.354207e+01	1.463041e+01	3.232776e+01	6.529700e-01	7.398520e-01	7.403950e-01	7.405140e-01
-3.150000e+00	4.667170e-01	4.941810e-01	4.683650e-01	3.316421e+01	3.315126e+01	3.433597e+01	3.959862e+01	1.418375e+01	1.535823e+01	3.283687e+01	6.814310e-01	7.643750e-01	7.648440e-01	7.651970e-01
-3.100000e+00	4.777730e-01	5.028210e-01	4.812770e-01	3.352791e+01	3.351439e+01	3.481380e+01	4.019053e+01	1.480648e+01	1.606503e+01	3.319090e+01	7.077640e-01	7.857040e-01	7.860990e-01	7.867190e-01
-3.050000e+00	4.877200e-01	5.105160e-01	4.933550e-01	3.377642e+01	3.376128e+01	3.518809e+01	4.065586e+01	1.541460e+01	1.675678e+01	3.342806e+01	7.323260e-01	8.043400e-01	8.046600e-01	8.055770e-01
-3.000000e+00	4.965470e-01	5.169560e-01	5.046960e-01	3.391074e+01	3.388885e+01	3.546061e+01	4.099434e+01	1.600292e+01	1.742957e+01	3.355042e+01	7.547900e-01	8.200600e-01	8.203060e-01	8.215540e-01
-2.950000e+00	5.040030e-01	5.221450e-01	5.151980e-01	3.393164e+01	3.390461e+01	3.563365e+01	4.120400e+01	1.656866e+01	1.807659e+01	3.356332e+01	7.749620e-01	8.326710e-01	8.328410e-01	8.344590e-01
-2.900000e+00	5.100410e-01	5.261020e-01	5.249850e-01	3.384215e+01	3.381664e+01	3.570979e+01	4.128511e+01	1.710830e+01	1.869103e+01	3.347247e+01	7.926470e-01	8.420040e-01	8.420980e-01	8.441290e-01
-2.850000e+00	5.152940e-01	5.285330e-01	5.348940e-01	3.365010e+01	3.362344e+01	3.569166e+01	4.124413e+01	1.761359e+01	1.926966e+01	3.328118e+01	8.074860e-01	8.479190e-01	8.479380e-01	8.504240e-01
-2.800000e+00	5.181310e-01	5.289400e-01	5.437380e-01	3.333513e+01	3.330732e+01	3.556700e+01	4.105670e+01	1.806672e+01	1.978902e+01	3.297051e+01	8.186350e-01	8.494670e-01	8.494120e-01	8.524130e-01
-2.750000e+00	5.198070e-01	5.285030e-01	5.522740e-01	3.293034e+01	3.290375e+01	3.536649e+01	4.075783e+01	1.847244e+01	2.025241e+01	3.256324e+01	8.264420e-01	8.474600e-01	8.473310e-01	8.509010e-01
-2.700000e+00	5.201800e-01	5.266980e-01	5.604910e-01	3.244070e+01	3.241369e+01	3.509499e+01	4.035118e+01	1.882690e+01	2.065738e+01	3.207356e+01	8.311190e-01	8.419340e-01	8.417300e-01	8.459300e-01
-2.650000e+00	5.193510e-01	5.233380e-01	5.682920e-01	3.187444e+01	3.184527e+01	3.475610e+01	3.984047e+01	1.912511e+01	2.099633e+01	3.150831e+01	8.325430e-01	8.329390e-01	8.326590e-01	8.375540e-01
-2.600000e+00	5.172910e-01	5.185020e-01	5.757920e-01	3.123691e+01	3.120604e+01	3.435516e+01	3.922967e+01	1.936009e+01	2.126077e+01	3.087127e+01	8.305380e-01	8.205670e-01	8.202100e-01	8.258630e-01
-2.550000e+00	5.134790e-01	5.124400e-01	5.836450e-01	3.052502e+01	3.049588e+01	3.390210e+01	3.852308e+01	1.952186e+01	2.144607e+01	3.016709e+01	8.251710e-01	8.049660e-01	8.045330e-01	8.110100e-01
-2.500000e+00	5.084700e-01	5.050620e-01	5.921390e-01	2.973526e+01	2.970400e+01	3.338396e+01	3.770016e+01	1.960086e+01	2.153248e+01	2.937733e+01	8.157360e-01	7.854720e-01	7.849650e-01	7.923750e-01
-2.450000e+00	5.025290e-01	4.963820e-01	6.014900e-01	2.889108e+01	2.885821e+01	3.281715e+01	3.678665e+01	1.960443e+01	2.153057e+01	2.853714e+01	8.030810e-01	7.631390e-01	7.625590e-01	7.709930e-01
-2.400000e+00	4.954510e-01	4.867510e-01	6.119690e-01	2.799911e+01	2.796321e+01	3.220779e+01	3.578225e+01	1.953143e+01	2.144040e+01	2.765089e+01	7.875250e-01	7.382660e-01	7.376120e-01	7.471300e-01
-2.350000e+00	4.872420e-01	4.760430e-01	6.236060e-01	2.706451e+01	2.702628e+01	3.155625e+01	3.469134e+01	1.937902e+01	2.125950e+01	2.672329e+01	7.693150e-01	7.111250e-01	7.104000e-01	7.211050e-01
-2.300000e+00	4.781030e-01	4.643100e-01	6.365070e-01	2.609473e+01	2.605466e+01	3.086144e+01	3.351963e+01	1.914649e+01	2.098565e+01	2.576113e+01	7.486360e-01	6.820030e-01	6.812040e-01	6.932220e-01
-2.250000e+00	4.684040e-01	4.523740e-01	6.512550e-01	2.510244e+01	2.505328e+01	3.012466e+01	3.227130e+01	1.883891e+01	2.061969e+01	2.477454e+01	7.256150e-01	6.512120e-01	6.503420e-01	6.637230e-01
-2.200000e+00	4.579850e-01	4.391820e-01	6.689740e-01	2.406873e+01	2.401488e+01	2.932386e+01	3.090657e+01	1.843380e+01	2.014664e+01	2.375310e+01	6.998900e-01	6.184160e-01	6.174740e-01	6.323690e-01
-2.150000e+00	4.468580e-01	4.260420e-01	6.898440e-01	2.301790e+01	2.296065e+01	2.847220e+01	2.946627e+01	1.795584e+01	1.958987e+01	2.271526e+01	6.725800e-01	5.846870e-01	5.836720e-01	5.997850e-01
-2.100000e+00	4.356280e-01	4.125670e-01	7.140160e-01	2.195860e+01	2.189679e+01	2.755638e+01	2.795984e+01	1.741499e+01	1.895565e+01	2.166910e+01	6.439670e-01	5.503480e-01	5.492610e-01	5.671320e-01
-2.050000e+00	4.244790e-01	3.987240e-01	7.410430e-01	2.089473e+01	2.083028e+01	2.655524e+01	2.640149e+01	1.681667e+01	1.825262e+01	2.062032e+01	6.142590e-01	5.156540e-01	5.145740e-01	5.344390e-01
-2.000000e+00	4.132580e-01	3.847500e-01	7.708920e-01	1.983097e+01	1.976640e+01	2.544901e+01	2.481256e+01	1.616573e+01	1.748937e+01	1.957357e+01	5.837480e-01	4.809750e-01	4.798970e-01	5.016090e-01
-1.950000e+00	4.015580e-01	3.710870e-01	8.052650e-01	1.877705e+01	1.870701e+01	2.422738e+01	2.322232e+01	1.546974e+01	1.667243e+01	1.853348e+01	5.529220e-01	4.469020e-01	4.454230e-01	4.691370e-01
-1.900000e+00	3.898400e-01	3.572580e-01	8.438660e-01	1.771873e+01	1.765025e+01	2.283087e+01	2.164320e+01	1.472261e+01	1.580140e+01	1.749621e+01	5.216770e-01	4.127030e-01	4.113090e-01	4.368670e-01
-1.850000e+00	3.783890e-01	3.438650e-01	8.864800e-01	1.667805e+01	1.660833e+01	2.138189e+01	2.009245e+01	1.395153e+01	1.490643e+01	1.647216e+01	4.902290e-01	3.793710e-01	3.779340e-01	4.054950e-01
-1.800000e+00	3.673110e-01	3.306610e-01	9.327820e-01	1.565859e+01	1.558563e+01	1.998191e+01	1.856375e+01	1.316331e+01	1.400204e+01	1.546634e+01	4.590110e-01	3.470840e-01	3.455780e-01	3.751810e-01
-1.750000e+00	3.566650e-01	3.176980e-01	9.825930e-01	1.466362e+01	1.458768e+01	1.864974e+01	1.705862e+01	1.236420e+01	1.309498e+01	1.448483e+01	4.282850e-01	3.159980e-01	3.144270e-01	3.460540e-01
-1.700000e+00	3.465080e-01	3.051720e-01	1.035900e+00	1.369466e+01	1.361821e+01	1.736228e+01	1.558403e+01	1.156061e+01	1.218957e+01	1.353094e+01	3.982830e-01	2.862650e-01	2.846310e-01	3.182320e-01
-1.650000e+00	3.369380e-01	2.933040e-01	1.092876e+00	1.275057e+01	1.267728e+01	1.608515e+01	1.415033e+01	1.075961e+01	1.129157e+01	1.260280e+01	3.693020e-01	2.580270e-01	2.563360e-01	2.918330e-01
-1.600000e+00	3.277500e-01	2.822330e-01	1.151790e+00	1.182829e+01	1.175944e+01	1.479197e+01	1.274073e+01	9.950764e+00	1.038887e+01	1.169718e+01	3.407290e-01	2.310590e-01	2.293060e-01	2.667640e-01
-1.550000e+00	3.190320e-01	2.715870e-01	1.214160e+00	1.094020e+01	1.087424e+01	1.351003e+01	1.138925e+01	9.157498e+00	9.505361e+00	1.082749e+01	3.131130e-01	2.057970e-01	2.039840e-01	2.432790e-01
-1.500000e+00	3.113150e-01	2.613630e-01	1.278701e+00	1.008456e+01	1.002529e+01	1.225116e+01	1.010396e+01	8.383104e+00	8.645612e+00	9.990810e+00	2.868530e-01	1.822880e-01	1.804180e-01	2.214020e-01
-1.450000e+00	3.042970e-01	2.516880e-01	1.344630e+00	9.263812e+00	9.213149e+00	1.102605e+01	8.892698e+00	7.632603e+00	7.816041e+00	9.189710e+00	2.618960e-01	1.605650e-01	1.586430e-01	2.011280e-01
-1.400000e+00	2.975400e-01	2.426880e-01	1.411509e+00	8.479983e+00	8.438585e+00	9.843308e+00	7.760802e+00	6.910978e+00	7.022977e+00	8.426540e+00	2.381430e-01	1.406330e-01	1.386650e-01	1.824260e-01
-1.350000e+00	2.910830e-01	2.343830e-01	1.479002e+00	7.731930e+00	7.704522e+00	8.709043e+00	6.710358e+00	6.222046e+00	6.271437e+00	7.699924e+00	2.156930e-01	1.224690e-01	1.204640e-01	1.652440e-01
-1.300000e+00	2.848930e-01	2.269200e-01	1.544342e+00	7.013598e+00	7.000781e+00	7.614787e+00	5.733738e+00	5.559524e+00	5.555119e+00	7.003546e+00	1.939240e-01	1.058500e-01	1.038030e-01	1.494650e-01
-1.250000e+00	2.795470e-01	2.194370e-01	1.607323e+00	6.332420e+00	6.335720e+00	6.589955e+00	4.849085e+00	4.936826e+00	4.886557e+00	6.343976e+00	1.735750e-01	9.093800e-02	8.885000e-02	1.350610e-01
-1.200000e+00	2.747120e-01	2.126340e-01	1.665876e+00	5.688134e+00	5.708858e+00	5.637408e+00	4.057559e+00	4.353952e+00	4.265524e+00	5.722408e+00	1.545900e-01	7.765700e-02	7.553600e-02	1.219460e-01
-1.150000e+00	2.703600e-01	2.063900e-01	1.718397e+00	5.081750e+00	5.118426e+00	4.763160e+00	3.358619e+00	3.811210e+00	3.693565e+00	5.137825e+00	1.373230e-01	6.592200e-02	6.377800e-02	1.100150e-01
-1.100000e+00	2.661690e-01	2.004160e-01	1.763957e+00	4.513492e+00	4.564125e+00	3.971577e+00	2.748737e+00	3.310892e+00	3.172088e+00	4.588642e+00	1.216940e-01	5.563700e-02	5.347800e-02	9.910100e-02
-1.050000e+00	2.609960e-01	1.948020e-01	1.802486e+00	3.981850e+00	4.048350e+00	3.263465e+00	2.221614e+00	2.857423e+00	2.701357e+00	4.073710e+00	1.068260e-01	4.669500e-02	4.453200e-02	8.896300e-02
-1.000000e+00	2.561630e-01	1.896550e-01	1.827801e+00	3.480427e+00	3.562730e+00	2.631911e+00	1.768636e+00	2.443152e+00	2.272736e+00	3.588870e+00	9.383500e-02	3.891200e-02	3.675500e-02	8.008200e-02
-9.500000e-01	2.512230e-01	1.847690e-01	1.841293e+00	3.017552e+00	3.113547e+00	2.088093e+00	1.389703e+00	2.068588e+00	1.894279e+00	3.140259e+00	8.152400e-02	3.227900e-02	3.013900e-02	7.189900e-02
-9.000000e-01	2.464280e-01	1.798580e-01	1.839141e+00	2.593243e+00	2.699138e+00	1.629597e+00	1.077871e+00	1.733060e+00	1.562247e+00	2.724978e+00	7.049300e-02	2.667200e-02	2.456000e-02	6.394600e-02
-8.500000e-01	2.416460e-01	1.751150e-01	1.820487e+00	2.206418e+00	2.319210e+00	1.250069e+00	8.246810e-01	1.436532e+00	1.273441e+00	2.343728e+00	6.050100e-02	2.197500e-02	1.990500e-02	5.650100e-02
-8.000000e-01	2.367950e-01	1.706620e-01	1.785097e+00	1.856386e+00	1.973372e+00	9.416960e-01	6.220060e-01	1.177983e+00	1.025000e+00	1.996702e+00	5.144500e-02	1.807600e-02	1.605900e-02	4.977500e-02
-7.500000e-01	2.322290e-01	1.660880e-01	1.731070e+00	1.543280e+00	1.660518e+00	6.962370e-01	4.625400e-01	9.549860e-01	8.141550e-01	1.681915e+00	4.373400e-02	1.486200e-02	1.291100e-02	4.352500e-02
-7.000000e-01	2.270870e-01	1.612630e-01	1.654168e+00	1.260240e+00	1.374894e+00	5.025810e-01	3.380240e-01	7.628370e-01	6.348980e-01	1.393084e+00	3.661500e-02	1.226600e-02	1.035200e-02	3.760600e-02
-6.500000e-01	2.217140e-01	1.560860e-01	1.558650e+00	1.012236e+00	1.121043e+00	3.559230e-01	2.438010e-01	6.014670e-01	4.867870e-01	1.135891e+00	3.057300e-02	1.016300e-02	8.319000e-03	3.193200e-02
-6.000000e-01	2.162250e-01	1.509390e-01	1.444704e+00	7.985150e-01	8.974910e-01	2.469600e-01	1.731500e-01	4.685200e-01	3.663970e-01	9.103700e-01	2.528400e-02	8.479000e-03	6.729000e-03	2.667900e-02
-5.500000e-01	2.103550e-01	1.457640e-01	1.314525e+00	6.171930e-01	7.043480e-01	1.678960e-01	1.211720e-01	3.612130e-01	2.706740e-01	7.149400e-01	2.080300e-02	7.144000e-03	5.488000e-03	2.187500e-02
-5.000000e-01	2.038070e-01	1.403460e-01	1.171700e+00	4.661910e-01	5.407270e-01	1.118640e-01	8.374600e-02	2.765220e-01	1.960230e-01	5.482090e-01	1.705900e-02	6.084000e-03	4.518000e-03	1.752800e-02
-4.500000e-01	1.965470e-01	1.345570e-01	1.020652e+00	3.433830e-01	4.042930e-01	7.298400e-02	5.730700e-02	2.113030e-01	1.385520e-01	4.092670e-01	1.373600e-02	5.223000e-03	3.757000e-03	1.368300e-02
-4.000000e-01	1.887470e-01	1.289320e-01	8.577950e-01	2.440190e-01	2.903110e-01	4.644000e-02	3.904100e-02	1.625600e-01	9.485300e-02	2.941830e-01	1.105100e-02	4.511000e-03	3.144000e-03	1.025800e-02
-3.500000e-01	1.812210e-01	1.229850e-01	6.974410e-01	1.673230e-01	2.005330e-01	2.928000e-02	2.674000e-02	1.279030e-01	6.328500e-02	2.034740e-01	8.785000e-03	3.904000e-03	2.668000e-03	7.335000e-03
-3.000000e-01	1.734910e-01	1.165890e-01	5.455230e-01	1.108720e-01	1.322300e-01	1.850200e-02	1.857700e-02	1.046860e-01	4.100200e-02	1.342800e-01	6.787000e-03	3.355000e-03	2.242000e-03	5.077000e-03
-2.500000e-01	1.655430e-01	1.099780e-01	4.108040e-01	7.129400e-02	8.339400e-02	1.187300e-02	1.309900e-02	9.002200e-02	2.583200e-02	8.466700e-02	5.125000e-03	2.807000e-03	1.831000e-03	3.332000e-03
-2.000000e-01	1.574070e-01	1.033690e-01	2.912170e-01	4.401900e-02	4.910100e-02	8.055000e-03	9.366000e-03	8.473200e-02	1.560100e-02	4.972500e-02	3.708000e-03	2.252000e-03	1.441000e-03	2.028000e-03
-1.500000e-01	1.493440e-01	9.717700e-02	1.962640e-01	2.666000e-02	2.714300e-02	5.833000e-03	6.736000e-03	8.723300e-02	9.103000e-03	2.744800e-02	4.109000e-03	1.688000e-03	1.073000e-03	1.194000e-03
-1.000000e-01	1.411670e-01	9.096800e-02	1.272410e-01	1.621300e-02	1.434500e-02	4.443000e-03	4.775000e-03	9.457000e-02	4.977000e-03	1.450800e-02	5.031700e-02	9.290000e-04	5.870000e-04	5.480000e-04
-5.000000e-02	1.317430e-01	8.421700e-02	8.487300e-02	1.013100e-02	7.839000e-03	3.424000e-03	2.961000e-03	2.798200e-02	2.441000e-03	7.870000e-03	2.746586e+00	4.400000e-05	3.300000e-05	2.900000e-05
0.000000e+00	1.257150e-01	7.996600e-02	6.831200e-02	7.689000e-03	5.465000e-03	2.896000e-03	1.938000e-03	1.783000e-03	1.417000e-03	5.453000e-03	6.884346e+01	0.000000e+00	0.000000e+00	0.000000e+00
