-8.900000e+00	0.000000e+00	0.000000e+00	0.000000e+00	0.000000e+00	0.000000e+00	0.000000e+00	0.000000e+00	0.000000e+00	0.000000e+00	0.000000e+00	0.000000e+00	0.000000e+00	0.000000e+00	0.000000e+00
-8.850000e+00	0.000000e+00	0.000000e+00	0.000000e+00	0.000000e+00	0.000000e+00	0.000000e+00	0.000000e+00	0.000000e+00	0.000000e+00	0.000000e+00	0.000000e+00	0.000000e+00	0.000000e+00	0.000000e+00
-8.800000e+00	0.000000e+00	0.000000e+00	0.000000e+00	0.000000e+00	0.000000e+00	0.000000e+00	0.000000e+00	0.000000e+00	0.000000e+00	0.000000e+00	0.000000e+00	0.000000e+00	0.000000e+00	0.000000e+00
-8.750000e+00	0.000000e+00	0.000000e+00	0.000000e+00	0.000000e+00	0.000000e+00	0.000000e+00	0.000000e+00	0.000000e+00	0.000000e+00	0.000000e+00	0.000000e+00	0.000000e+00	0.000000e+00	0.000000e+00
-8.700000e+00	0.000000e+00	0.000000e+00	0.000000e+00	0.000000e+00	0.000000e+00	0.000000e+00	0.000000e+00	0.000000e+00	0.000000e+00	0.000000e+00	0.000000e+00	0.000000e+00	0.000000e+00	0.000000e+00
-8.650000e+00	0.000000e+00	0.000000e+00	0.000000e+00	0.000000e+00	0.000000e+00	0.000000e+00	0.000000e+00	0.000000e+00	0.000000e+00	0.000000e+00	0.000000e+00	0.000000e+00	0.000000e+00	0.000000e+00
-8.600000e+00	0.000000e+00	0.000000e+00	0.000000e+00	0.000000e+00	0.000000e+00	0.000000e+00	0.000000e+00	0.000000e+00	0.000000e+00	0.000000e+00	0.000000e+00	0.000000e+00	0.000000e+00	0.000000e+00
-8.550000e+00	0.000000e+00	0.000000e+00	0.000000e+00	0.000000e+00	0.000000e+00	0.000000e+00	0.000000e+00	0.000000e+00	0.000000e+00	0.000000e+00	0.000000e+00	0.000000e+00	0.000000e+00	0.000000e+00
-8.500000e+00	0.000000e+00	0.000000e+00	0.000000e+00	0.000000e+00	0.000000e+00	0.000000e+00	0.000000e+00	0.000000e+00	0.000000e+00	0.000000e+00	0.000000e+00	0.000000e+00	0.000000e+00	0.000000e+00
-8.450000e+00	0.000000e+00	0.000000e+00	0.000000e+00	0.000000e+00	0.000000e+00	0.000000e+00	0.000000e+00	0.000000e+00	0.000000e+00	0.000000e+00	0.000000e+00	0.000000e+00	0.000000e+00	0.000000e+00
-8.400000e+00	0.000000e+00	0.000000e+00	0.000000e+00	0.000000e+00	0.000000e+00	0.000000e+00	0.000000e+00	0.000000e+00	0.000000e+00	0.000000e+00	0.000000e+00	0.000000e+00	0.000000e+00	0.000000e+00
-8.350000e+00	0.000000e+00	0.000000e+00	0.000000e+00	0.000000e+00	0.000000e+00	0.000000e+00	0.000000e+00	0.000000e+00	0.000000e+00	0.000000e+00	0.000000e+00	0.000000e+00	0.000000e+00	0.000000e+00
-8.300000e+00	0.000000e+00	0.000000e+00	0.000000e+00	0.000000e+00	0.000000e+00	0.000000e+00	0.000000e+00	0.000000e+00	0.000000e+00	0.000000e+00	0.000000e+00	0.000000e+00	0.000000e+00	0.000000e+00
-8.250000e+00	0.000000e+00	0.000000e+00	0.000000e+00	0.000000e+00	0.000000e+00	0.000000e+00	0.000000e+00	0.000000e+00	0.000000e+00	0.000000e+00	0.000000e+00	0.000000e+00	0.000000e+00	0.000000e+00
-8.200000e+00	0.000000e+00	0.000000e+00	0.000000e+00	0.000000e+00	0.000000e+00	0.000000e+00	0.000000e+00	0.000000e+00	0.000000e+00	0.000000e+00	0.000000e+00	0.000000e+00	0.000000e+00	0.000000e+00
-8.150000e+00	0.000000e+00	0.000000e+00	0.000000e+00	0.000000e+00	0.000000e+00	0.000000e+00	0.000000e+00	2.000000e-06	0.000000e+00	0.000000e+00	0.000000e+00	0.000000e+00	0.000000e+00	0.000000e+00
-8.100000e+00	0.000000e+00	0.000000e+00	0.000000e+00	0.000000e+00	0.000000e+00	0.000000e+00	0.000000e+00	3.000000e-06	0.000000e+00	0.000000e+00	0.000000e+00	0.000000e+00	0.000000e+00	0.000000e+00
-8.050000e+00	0.000000e+00	0.000000e+00	0.000000e+00	0.000000e+00	0.000000e+00	0.000000e+00	0.000000e+00	3.000000e-06	0.000000e+00	0.000000e+00	0.000000e+00	0.000000e+00	0.000000e+00	0.000000e+00
-8.000000e+00	0.000000e+00	0.000000e+00	0.000000e+00	0.000000e+00	0.000000e+00	0.000000e+00	0.000000e+00	3.000000e-06	0.000000e+00	0.000000e+00	0.000000e+00	0.000000e+00	0.000000e+00	0.000000e+00
-7.950000e+00	0.000000e+00	0.000000e+00	0.000000e+00	0.000000e+00	0.000000e+00	0.000000e+00	0.000000e+00	5.000000e-06	0.000000e+00	0.000000e+00	0.000000e+00	0.000000e+00	0.000000e+00	0.000000e+00
-7.900000e+00	0.000000e+00	0.000000e+00	0.000000e+00	0.000000e+00	0.000000e+00	0.000000e+00	0.000000e+00	9.000000e-06	0.000000e+00	0.000000e+00	0.000000e+00	0.000000e+00	0.000000e+00	0.000000e+00
-7.850000e+00	0.000000e+00	0.000000e+00	0.000000e+00	0.000000e+00	0.000000e+00	0.000000e+00	0.000000e+00	1.800000e-05	0.000000e+00	0.000000e+00	0.000000e+00	0.000000e+00	0.000000e+00	0.000000e+00
-7.800000e+00	0.000000e+00	0.000000e+00	0.000000e+00	0.000000e+00	0.000000e+00	0.000000e+00	0.000000e+00	3.500000e-05	0.000000e+00	0.000000e+00	0.000000e+00	0.000000e+00	0.000000e+00	0.000000e+00
-7.750000e+00	0.000000e+00	0.000000e+00	0.000000e+00	0.000000e+00	0.000000e+00	0.000000e+00	0.000000e+00	7.100000e-05	0.000000e+00	0.000000e+00	1.000000e-06	0.000000e+00	0.000000e+00	0.000000e+00
-7.700000e+00	0.000000e+00	0.000000e+00	0.000000e+00	0.000000e+00	0.000000e+00	0.000000e+00	0.000000e+00	1.530000e-04	0.000000e+00	0.000000e+00	1.000000e-06	0.000000e+00	0.000000e+00	0.000000e+00
-7.650000e+00	0.000000e+00	0.000000e+00	0.000000e+00	0.000000e+00	0.000000e+00	0.000000e+00	0.000000e+00	3.430000e-04	0.000000e+00	0.000000e+00	1.000000e-06	0.000000e+00	0.000000e+00	0.000000e+00
-7.600000e+00	0.000000e+00	0.000000e+00	0.000000e+00	0.000000e+00	0.000000e+00	0.000000e+00	0.000000e+00	6.460000e-04	0.000000e+00	0.000000e+00	1.000000e-06	0.000000e+00	0.000000e+00	0.000000e+00
-7.550000e+00	0.000000e+00	0.000000e+00	0.000000e+00	0.000000e+00	0.000000e+00	0.000000e+00	0.000000e+00	1.094000e-03	0.000000e+00	0.000000e+00	2.000000e-06	0.000000e+00	0.000000e+00	0.000000e+00
-7.500000e+00	0.000000e+00	0.000000e+00	0.000000e+00	0.000000e+00	0.000000e+00	0.000000e+00	0.000000e+00	1.662000e-03	0.000000e+00	0.000000e+00	2.000000e-06	0.000000e+00	0.000000e+00	0.000000e+00
-7.450000e+00	0.000000e+00	0.000000e+00	0.000000e+00	0.000000e+00	0.000000e+00	0.000000e+00	0.000000e+00	2.330000e-03	0.000000e+00	0.000000e+00	2.000000e-06	0.000000e+00	0.000000e+00	0.000000e+00
-7.400000e+00	0.000000e+00	2.000000e-06	2.000000e-06	0.000000e+00	0.000000e+00	0.000000e+00	0.000000e+00	3.112000e-03	0.000000e+00	0.000000e+00	1.000000e-06	0.000000e+00	0.000000e+00	0.000000e+00
-7.350000e+00	2.000000e-06	2.000000e-06	4.000000e-06	0.000000e+00	0.000000e+00	0.000000e+00	0.000000e+00	3.986000e-03	0.000000e+00	0.000000e+00	2.000000e-06	0.000000e+00	0.000000e+00	0.000000e+00
-7.300000e+00	0.000000e+00	1.000000e-06	5.000000e-06	0.000000e+00	0.000000e+00	0.000000e+00	0.000000e+00	4.862000e-03	0.000000e+00	0.000000e+00	2.000000e-06	0.000000e+00	0.000000e+00	0.000000e+00
-7.250000e+00	0.000000e+00	1.000000e-06	9.000000e-06	0.000000e+00	0.000000e+00	0.000000e+00	0.000000e+00	5.585000e-03	0.000000e+00	0.000000e+00	2.000000e-06	0.000000e+00	0.000000e+00	0.000000e+00
-7.200000e+00	0.000000e+00	1.000000e-06	1.600000e-05	0.000000e+00	0.000000e+00	0.000000e+00	0.000000e+00	6.072000e-03	0.000000e+00	0.000000e+00	3.000000e-06	0.000000e+00	0.000000e+00	0.000000e+00
-7.150000e+00	0.000000e+00	2.000000e-06	3.300000e-05	0.000000e+00	0.000000e+00	0.000000e+00	0.000000e+00	6.375000e-03	0.000000e+00	0.000000e+00	4.000000e-06	0.000000e+00	0.000000e+00	0.000000e+00
-7.100000e+00	0.000000e+00	3.000000e-06	7.600000e-05	0.000000e+00	0.000000e+00	0.000000e+00	0.000000e+00	6.612000e-03	0.000000e+00	0.000000e+00	5.000000e-06	0.000000e+00	0.000000e+00	0.000000e+00
-7.050000e+00	0.000000e+00	3.000000e-06	1.700000e-04	0.000000e+00	0.000000e+00	0.000000e+00	0.000000e+00	6.849000e-03	0.000000e+00	0.000000e+00	6.000000e-06	0.000000e+00	0.000000e+00	0.000000e+00
-7.000000e+00	1.000000e-06	1.000000e-06	4.160000e-04	0.000000e+00	0.000000e+00	0.000000e+00	0.000000e+00	7.015000e-03	0.000000e+00	0.000000e+00	8.000000e-06	0.000000e+00	0.000000e+00	0.000000e+00
-6.950000e+00	1.000000e-06	0.000000e+00	1.045000e-03	0.000000e+00	0.000000e+00	0.000000e+00	0.000000e+00	7.101000e-03	0.000000e+00	0.000000e+00	8.000000e-06	0.000000e+00	0.000000e+00	0.000000e+00
-6.900000e+00	1.000000e-06	0.000000e+00	2.663000e-03	0.000000e+00	0.000000e+00	0.000000e+00	0.000000e+00	7.195000e-03	0.000000e+00	0.000000e+00	8.000000e-06	0.000000e+00	0.000000e+00	0.000000e+00
-6.850000e+00	1.000000e-06	2.000000e-06	6.194000e-03	0.000000e+00	0.000000e+00	0.000000e+00	0.000000e+00	7.260000e-03	0.000000e+00	0.000000e+00	9.000000e-06	0.000000e+00	0.000000e+00	0.000000e+00
-6.800000e+00	2.000000e-06	2.000000e-06	1.156400e-02	0.000000e+00	0.000000e+00	0.000000e+00	0.000000e+00	7.255000e-03	0.000000e+00	0.000000e+00	1.100000e-05	0.000000e+00	0.000000e+00	0.000000e+00
-6.750000e+00	3.000000e-06	1.000000e-06	1.610400e-02	0.000000e+00	0.000000e+00	0.000000e+00	0.000000e+00	7.254000e-03	0.000000e+00	0.000000e+00	1.100000e-05	0.000000e+00	0.000000e+00	0.000000e+00
-6.700000e+00	4.000000e-06	1.000000e-06	1.976300e-02	0.000000e+00	0.000000e+00	0.000000e+00	0.000000e+00	7.263000e-03	0.000000e+00	0.000000e+00	1.300000e-05	0.000000e+00	0.000000e+00	0.000000e+00
-6.650000e+00	5.000000e-06	2.000000e-06	2.308300e-02	0.000000e+00	0.000000e+00	0.000000e+00	0.000000e+00	7.261000e-03	0.000000e+00	0.000000e+00	1.400000e-05	0.000000e+00	0.000000e+00	0.000000e+00
-6.600000e+00	4.000000e-06	3.000000e-06	2.612200e-02	0.000000e+00	0.000000e+00	0.000000e+00	0.000000e+00	7.246000e-03	0.000000e+00	0.000000e+00	1.400000e-05	0.000000e+00	0.000000e+00	0.000000e+00
-6.550000e+00	3.000000e-06	4.000000e-06	2.904300e-02	0.000000e+00	0.000000e+00	0.000000e+00	0.000000e+00	7.233000e-03	0.000000e+00	0.000000e+00	1.500000e-05	0.000000e+00	0.000000e+00	0.000000e+00
-6.500000e+00	1.000000e-06	6.000000e-06	3.196800e-02	0.000000e+00	0.000000e+00	0.000000e+00	0.000000e+00	7.254000e-03	0.000000e+00	0.000000e+00	1.700000e-05	0.000000e+00	0.000000e+00	0.000000e+00
-6.450000e+00	1.000000e-06	7.000000e-06	3.478800e-02	0.000000e+00	0.000000e+00	0.000000e+00	0.000000e+00	7.368000e-03	0.000000e+00	0.000000e+00	1.900000e-05	0.000000e+00	0.000000e+00	0.000000e+00
-6.400000e+00	2.000000e-06	7.000000e-06	3.728300e-02	0.000000e+00	0.000000e+00	0.000000e+00	0.000000e+00	7.411000e-03	0.000000e+00	0.000000e+00	2.000000e-05	0.000000e+00	0.000000e+00	0.000000e+00
-6.350000e+00	4.000000e-06	1.000000e-05	3.980700e-02	0.000000e+00	0.000000e+00	0.000000e+00	0.000000e+00	7.437000e-03	0.000000e+00	0.000000e+00	2.100000e-05	0.000000e+00	0.000000e+00	0.000000e+00
-6.300000e+00	5.000000e-06	1.400000e-05	4.238200e-02	1.000000e-06	0.000000e+00	0.000000e+00	0.000000e+00	7.468000e-03	0.000000e+00	0.000000e+00	2.500000e-05	0.000000e+00	0.000000e+00	0.000000e+00
-6.250000e+00	6.000000e-06	1.600000e-05	4.491200e-02	2.000000e-06	0.000000e+00	0.000000e+00	0.000000e+00	7.497000e-03	0.000000e+00	0.000000e+00	3.000000e-05	0.000000e+00	0.000000e+00	0.000000e+00
-6.200000e+00	7.000000e-06	1.800000e-05	4.733100e-02	2.000000e-06	0.000000e+00	0.000000e+00	0.000000e+00	7.510000e-03	0.000000e+00	1.000000e-06	3.700000e-05	0.000000e+00	0.000000e+00	0.000000e+00
-6.150000e+00	7.000000e-06	2.200000e-05	4.979800e-02	2.000000e-06	1.000000e-06	0.000000e+00	0.000000e+00	7.514000e-03	0.000000e+00	2.000000e-06	4.400000e-05	0.000000e+00	0.000000e+00	0.000000e+00
-6.100000e+00	8.000000e-06	2.200000e-05	5.241800e-02	3.000000e-06	0.000000e+00	0.000000e+00	0.000000e+00	7.474000e-03	0.000000e+00	1.000000e-06	5.200000e-05	0.000000e+00	0.000000e+00	0.000000e+00
-6.050000e+00	8.000000e-06	2.300000e-05	5.497500e-02	3.000000e-06	1.000000e-06	2.000000e-06	0.000000e+00	7.428000e-03	0.000000e+00	0.000000e+00	5.600000e-05	0.000000e+00	0.000000e+00	0.000000e+00
-6.000000e+00	8.000000e-06	3.100000e-05	5.728700e-02	3.000000e-06	2.000000e-06	3.000000e-06	0.000000e+00	7.443000e-03	0.000000e+00	0.000000e+00	5.900000e-05	0.000000e+00	0.000000e+00	0.000000e+00
-5.950000e+00	1.000000e-05	4.300000e-05	5.951800e-02	3.000000e-06	2.000000e-06	5.000000e-06	0.000000e+00	7.493000e-03	0.000000e+00	0.000000e+00	6.100000e-05	0.000000e+00	0.000000e+00	0.000000e+00
-5.900000e+00	1.200000e-05	5.300000e-05	6.186600e-02	2.000000e-06	2.000000e-06	6.000000e-06	0.000000e+00	7.524000e-03	0.000000e+00	2.000000e-06	6.300000e-05	0.000000e+00	0.000000e+00	0.000000e+00
-5.850000e+00	2.000000e-05	5.900000e-05	6.415400e-02	3.000000e-06	4.000000e-06	6.000000e-06	0.000000e+00	7.504000e-03	0.000000e+00	3.000000e-06	6.800000e-05	0.000000e+00	0.000000e+00	0.000000e+00
-5.800000e+00	3.200000e-05	8.900000e-05	6.636100e-02	9.000000e-06	5.000000e-06	7.000000e-06	0.000000e+00	7.499000e-03	0.000000e+00	5.000000e-06	8.300000e-05	0.000000e+00	0.000000e+00	0.000000e+00
-5.750000e+00	6.300000e-05	1.490000e-04	6.845900e-02	1.300000e-05	7.000000e-06	8.000000e-06	0.000000e+00	7.570000e-03	0.000000e+00	7.000000e-06	9.100000e-05	0.000000e+00	0.000000e+00	0.000000e+00
-5.700000e+00	1.350000e-04	2.870000e-04	7.044500e-02	1.500000e-05	1.100000e-05	8.000000e-06	0.000000e+00	7.627000e-03	0.000000e+00	1.200000e-05	9.500000e-05	0.000000e+00	0.000000e+00	0.000000e+00
-5.650000e+00	3.080000e-04	6.180000e-04	7.250900e-02	1.800000e-05	1.500000e-05	1.000000e-05	0.000000e+00	7.658000e-03	0.000000e+00	2.000000e-05	1.000000e-04	0.000000e+00	0.000000e+00	0.000000e+00
-5.600000e+00	7.390000e-04	1.417000e-03	7.476100e-02	2.600000e-05	2.100000e-05	1.500000e-05	0.000000e+00	7.705000e-03	0.000000e+00	3.100000e-05	1.080000e-04	0.000000e+00	0.000000e+00	0.000000e+00
-5.550000e+00	1.844000e-03	3.252000e-03	7.689900e-02	3.800000e-05	3.300000e-05	2.100000e-05	0.000000e+00	7.845000e-03	0.000000e+00	4.400000e-05	1.100000e-04	0.000000e+00	0.000000e+00	0.000000e+00
-5.500000e+00	3.593000e-03	5.557000e-03	7.875800e-02	5.800000e-05	5.000000e-05	3.100000e-05	0.000000e+00	8.063000e-03	0.000000e+00	5.200000e-05	1.200000e-04	0.000000e+00	0.000000e+00	0.000000e+00
-5.450000e+00	5.749000e-03	8.187000e-03	8.035300e-02	7.600000e-05	7.600000e-05	4.900000e-05	0.000000e+00	8.351000e-03	0.000000e+00	6.700000e-05	1.260000e-04	0.000000e+00	0.000000e+00	0.000000e+00
-5.400000e+00	8.136000e-03	1.097300e-02	8.171200e-02	1.020000e-04	1.120000e-04	7.300000e-05	0.000000e+00	8.714000e-03	0.000000e+00	9.600000e-05	1.370000e-04	0.000000e+00	0.000000e+00	0.000000e+00
-5.350000e+00	1.064500e-02	1.381500e-02	8.292000e-02	1.440000e-04	1.580000e-04	1.030000e-04	0.000000e+00	9.147000e-03	0.000000e+00	1.430000e-04	1.550000e-04	0.000000e+00	0.000000e+00	0.000000e+00
-5.300000e+00	1.320900e-02	1.665800e-02	8.403200e-02	2.100000e-04	2.180000e-04	1.540000e-04	0.000000e+00	9.685000e-03	0.000000e+00	2.090000e-04	1.760000e-04	0.000000e+00	0.000000e+00	0.000000e+00
-5.250000e+00	1.583200e-02	1.952800e-02	8.498200e-02	3.090000e-04	3.070000e-04	2.460000e-04	0.000000e+00	1.045500e-02	0.000000e+00	2.940000e-04	1.880000e-04	0.000000e+00	0.000000e+00	0.000000e+00
-5.200000e+00	1.840600e-02	2.247400e-02	8.573900e-02	4.250000e-04	4.180000e-04	3.820000e-04	0.000000e+00	1.143600e-02	0.000000e+00	4.120000e-04	2.130000e-04	0.000000e+00	0.000000e+00	0.000000e+00
-5.150000e+00	2.082900e-02	2.567700e-02	8.637400e-02	5.770000e-04	5.510000e-04	5.540000e-04	0.000000e+00	1.260000e-02	0.000000e+00	5.820000e-04	2.230000e-04	0.000000e+00	0.000000e+00	0.000000e+00
-5.100000e+00	2.326400e-02	2.900500e-02	8.680500e-02	7.780000e-04	7.400000e-04	8.030000e-04	0.000000e+00	1.401000e-02	0.000000e+00	8.010000e-04	2.400000e-04	0.000000e+00	0.000000e+00	0.000000e+00
-5.050000e+00	2.575400e-02	3.247300e-02	8.720500e-02	1.062000e-03	1.016000e-03	1.169000e-03	0.000000e+00	1.562000e-02	0.000000e+00	1.078000e-03	2.630000e-04	0.000000e+00	0.000000e+00	0.000000e+00
-5.000000e+00	2.823600e-02	3.619000e-02	8.769200e-02	1.472000e-03	1.410000e-03	1.682000e-03	0.000000e+00	1.737700e-02	0.000000e+00	1.447000e-03	2.810000e-04	0.000000e+00	0.000000e+00	0.000000e+00
-4.950000e+00	3.061800e-02	4.024300e-02	8.802400e-02	1.975000e-03	2.005000e-03	2.374000e-03	0.000000e+00	1.943500e-02	0.000000e+00	1.976000e-03	3.020000e-04	0.000000e+00	0.000000e+00	0.000000e+00
-4.900000e+00	3.310600e-02	4.503700e-02	8.800800e-02	2.694000e-03	2.698000e-03	3.386000e-03	0.000000e+00	2.171900e-02	0.000000e+00	2.653000e-03	3.540000e-04	0.000000e+00	0.000000e+00	0.000000e+00
-4.850000e+00	3.549300e-02	5.062800e-02	8.829500e-02	3.670000e-03	3.612000e-03	4.802000e-03	0.000000e+00	2.401600e-02	0.000000e+00	3.556000e-03	4.080000e-04	0.000000e+00	0.000000e+00	0.000000e+00
-4.800000e+00	3.799000e-02	5.799500e-02	8.848400e-02	4.955000e-03	4.846000e-03	6.871000e-03	0.000000e+00	2.640200e-02	0.000000e+00	4.798000e-03	4.600000e-04	0.000000e+00	0.000000e+00	0.000000e+00
-4.750000e+00	4.056100e-02	6.862800e-02	8.861900e-02	6.663000e-03	6.507000e-03	9.844000e-03	0.000000e+00	2.892600e-02	0.000000e+00	6.484000e-03	5.020000e-04	0.000000e+00	0.000000e+00	0.000000e+00
-4.700000e+00	4.304300e-02	8.483200e-02	8.886000e-02	8.950000e-03	8.721000e-03	1.387900e-02	0.000000e+00	3.169900e-02	0.000000e+00	8.702000e-03	5.330000e-04	0.000000e+00	0.000000e+00	0.000000e+00
-4.650000e+00	4.535500e-02	1.102930e-01	8.915900e-02	1.187500e-02	1.166100e-02	1.897700e-02	0.000000e+00	3.503700e-02	0.000000e+00	1.161000e-02	5.760000e-04	0.000000e+00	0.000000e+00	0.000000e+00
-4.600000e+00	4.755100e-02	1.264900e-01	8.923800e-02	1.569700e-02	1.541500e-02	2.530300e-02	0.000000e+00	3.926400e-02	0.000000e+00	1.541000e-02	6.400000e-04	0.000000e+00	0.000000e+00	0.000000e+00
-4.550000e+00	5.010200e-02	1.355240e-01	8.946700e-02	2.064400e-02	2.034300e-02	3.326200e-02	0.000000e+00	4.468000e-02	0.000000e+00	2.029800e-02	6.910000e-04	0.000000e+00	0.000000e+00	0.000000e+00
-4.500000e+00	5.267500e-02	1.402570e-01	8.965800e-02	2.704400e-02	2.683500e-02	4.324300e-02	0.000000e+00	5.159300e-02	0.000000e+00	2.672700e-02	7.220000e-04	0.000000e+00	0.000000e+00	0.000000e+00
-4.450000e+00	5.523300e-02	1.428530e-01	8.979400e-02	3.539200e-02	3.530600e-02	5.565800e-02	0.000000e+00	6.051700e-02	0.000000e+00	3.516500e-02	7.430000e-04	0.000000e+00	0.000000e+00	0.000000e+00
-4.400000e+00	5.778800e-02	1.444980e-01	8.990000e-02	4.632100e-02	4.621200e-02	7.098300e-02	0.000000e+00	7.201100e-02	0.000000e+00	4.603900e-02	7.650000e-04	0.000000e+00	0.000000e+00	0.000000e+00
-4.350000e+00	6.007500e-02	1.458390e-01	8.992400e-02	6.036900e-02	6.021500e-02	8.993700e-02	0.000000e+00	8.626900e-02	0.000000e+00	5.974600e-02	7.790000e-04	0.000000e+00	0.000000e+00	0.000000e+00
-4.300000e+00	6.245500e-02	1.466380e-01	9.033500e-02	7.823600e-02	7.805000e-02	1.140050e-01	0.000000e+00	1.049190e-01	0.000000e+00	7.747500e-02	8.110000e-04	0.000000e+00	0.000000e+00	0.000000e+00
-4.250000e+00	6.500800e-02	1.470840e-01	9.079600e-02	1.009220e-01	1.006160e-01	1.437850e-01	0.000000e+00	1.286800e-01	0.000000e+00	1.002570e-01	8.450000e-04	0.000000e+00	0.000000e+00	0.000000e+00
-4.200000e+00	6.755400e-02	1.473150e-01	9.127000e-02	1.295680e-01	1.292590e-01	1.803710e-01	0.000000e+00	1.586970e-01	0.000000e+00	1.288720e-01	8.950000e-04	0.000000e+00	0.000000e+00	0.000000e+00
-4.150000e+00	7.001800e-02	1.476240e-01	9.168100e-02	1.657250e-01	1.653890e-01	2.253820e-01	0.000000e+00	1.965120e-01	0.000000e+00	1.647600e-01	9.700000e-04	0.000000e+00	0.000000e+00	0.000000e+00
-4.100000e+00	7.239300e-02	1.480430e-01	9.205100e-02	2.113060e-01	2.105850e-01	2.808420e-01	0.000000e+00	2.439370e-01	0.000000e+00	2.100530e-01	1.056000e-03	0.000000e+00	0.000000e+00	0.000000e+00
-4.050000e+00	7.469600e-02	1.479200e-01	9.264200e-02	2.681620e-01	2.671270e-01	3.484960e-01	0.000000e+00	3.025740e-01	0.000000e+00	2.669090e-01	1.095000e-03	0.000000e+00	0.000000e+00	0.000000e+00
-4.000000e+00	7.739400e-02	1.481140e-01	9.288800e-02	3.380940e-01	3.366560e-01	4.305870e-01	0.000000e+00	3.745240e-01	0.000000e+00	3.360420e-01	1.181000e-03	0.000000e+00	0.000000e+00	0.000000e+00
-3.950000e+00	7.998400e-02	1.480470e-01	9.331500e-02	4.229620e-01	4.218400e-01	5.296560e-01	0.000000e+00	4.630310e-01	0.000000e+00	4.207600e-01	1.251000e-03	0.000000e+00	0.000000e+00	0.000000e+00
-3.900000e+00	8.257800e-02	1.479880e-01	9.399000e-02	5.258820e-01	5.255900e-01	6.486660e-01	0.000000e+00	5.709450e-01	0.000000e+00	5.236610e-01	1.351000e-03	0.000000e+00	0.000000e+00	0.000000e+00
-3.850000e+00	8.522600e-02	1.478720e-01	9.484300e-02	6.503980e-01	6.507040e-01	7.910410e-01	0.000000e+00	7.012450e-01	0.000000e+00	6.479460e-01	1.469000e-03	0.000000e+00	0.000000e+00	0.000000e+00
-3.800000e+00	8.790500e-02	1.476770e-01	9.574500e-02	8.001580e-01	8.001540e-01	9.605260e-01	0.000000e+00	8.570120e-01	0.000000e+00	7.971610e-01	1.578000e-03	0.000000e+00	0.000000e+00	0.000000e+00
-3.750000e+00	9.051900e-02	1.477880e-01	9.658600e-02	9.782140e-01	9.781450e-01	1.160794e+00	0.000000e+00	1.041495e+00	0.000000e+00	9.742810e-01	1.721000e-03	0.000000e+00	0.000000e+00	0.000000e+00
-3.700000e+00	9.277300e-02	1.481250e-01	9.722100e-02	1.186107e+00	1.185560e+00	1.392855e+00	0.000000e+00	1.258716e+00	0.000000e+00	1.182234e+00	1.838000e-03	0.000000e+00	0.000000e+00	0.000000e+00
-3.650000e+00	9.507400e-02	1.483850e-01	9.824500e-02	1.429918e+00	1.428374e+00	1.662767e+00	0.000000e+00	1.512340e+00	0.000000e+00	1.424822e+00	1.970000e-03	0.000000e+00	0.000000e+00	0.000000e+00
-3.600000e+00	9.750400e-02	1.485130e-01	9.971200e-02	1.712492e+00	1.710968e+00	1.975049e+00	0.000000e+00	1.806353e+00	0.000000e+00	1.706865e+00	2.158000e-03	0.000000e+00	0.000000e+00	0.000000e+00
-3.550000e+00	1.000280e-01	1.485410e-01	1.013390e-01	2.037219e+00	2.036103e+00	2.333887e+00	0.000000e+00	2.144619e+00	0.000000e+00	2.031359e+00	2.382000e-03	0.000000e+00	0.000000e+00	0.000000e+00
-3.500000e+00	1.024940e-01	1.485230e-01	1.028750e-01	2.407845e+00	2.405919e+00	2.742798e+00	0.000000e+00	2.531104e+00	0.000000e+00	2.400733e+00	2.605000e-03	0.000000e+00	0.000000e+00	0.000000e+00
-3.450000e+00	1.046260e-01	1.484650e-01	1.044990e-01	2.827601e+00	2.825121e+00	3.204283e+00	0.000000e+00	2.970511e+00	0.000000e+00	2.820812e+00	2.864000e-03	0.000000e+00	0.000000e+00	0.000000e+00
-3.400000e+00	1.072990e-01	1.484010e-01	1.064610e-01	3.293110e+00	3.291905e+00	3.715604e+00	0.000000e+00	3.458564e+00	0.000000e+00	3.285949e+00	3.123000e-03	0.000000e+00	0.000000e+00	0.000000e+00
-3.350000e+00	1.098310e-01	1.483950e-01	1.085550e-01	3.811876e+00	3.809782e+00	4.286583e+00	0.000000e+00	4.001211e+00	0.000000e+00	3.803221e+00	3.430000e-03	0.000000e+00	0.000000e+00	0.000000e+00
-3.300000e+00	1.124750e-01	1.484110e-01	1.109960e-01	4.384953e+00	4.380609e+00	4.917745e+00	0.000000e+00	4.598465e+00	0.000000e+00	4.373384e+00	3.756000e-03	0.000000e+00	0.000000e+00	0.000000e+00
-3.250000e+00	1.152000e-01	1.484000e-01	1.138120e-01	5.010831e+00	5.005351e+00	5.608535e+00	0.000000e+00	5.249896e+00	0.000000e+00	4.995930e+00	4.100000e-03	0.000000e+00	0.000000e+00	0.000000e+00
-3.200000e+00	1.178350e-01	1.484190e-01	1.169730e-01	5.687158e+00	5.682768e+00	6.358159e+00	0.000000e+00	5.954984e+00	0.000000e+00	5.669683e+00	4.489000e-03	0.000000e+00	0.000000e+00	0.000000e+00
-3.150000e+00	1.202400e-01	1.487490e-01	1.205290e-01	6.414498e+00	6.407313e+00	7.167100e+00	0.000000e+00	6.713558e+00	0.000000e+00	6.394068e+00	4.977000e-03	0.000000e+00	0.000000e+00	0.000000e+00
-3.100000e+00	1.226170e-01	1.488240e-01	1.248500e-01	7.174061e+00	7.166600e+00	8.015427e+00	0.000000e+00	7.502582e+00	0.000000e+00	7.154151e+00	5.449000e-03	0.000000e+00	0.000000e+00	0.000000e+00
-3.050000e+00	1.252810e-01	1.487590e-01	1.291600e-01	7.970417e+00	7.963616e+00	8.916200e+00	0.000000e+00	8.330610e+00	0.000000e+00	7.950128e+00	5.993000e-03	0.000000e+00	0.000000e+00	0.000000e+00
-3.000000e+00	1.277420e-01	1.485510e-01	1.341020e-01	8.798105e+00	8.793601e+00	9.859786e+00	0.000000e+00	9.194310e+00	0.000000e+00	8.775164e+00	6.577000e-03	0.000000e+00	0.000000e+00	0.000000e+00
-2.950000e+00	1.299610e-01	1.484380e-01	1.398310e-01	9.649698e+00	9.646662e+00	1.083715e+01	0.000000e+00	1.008288e+01	0.000000e+00	9.622918e+00	7.197000e-03	0.000000e+00	0.000000e+00	0.000000e+00
-2.900000e+00	1.321660e-01	1.485490e-01	1.462920e-01	1.051565e+01	1.051088e+01	1.184153e+01	0.000000e+00	1.098175e+01	0.000000e+00	1.048576e+01	7.880000e-03	0.000000e+00	0.000000e+00	0.000000e+00
-2.850000e+00	1.346370e-01	1.485560e-01	1.535650e-01	1.138430e+01	1.137794e+01	1.287026e+01	0.000000e+00	1.187963e+01	0.000000e+00	1.135175e+01	8.694000e-03	0.000000e+00	0.000000e+00	0.000000e+00
-2.800000e+00	1.372130e-01	1.488540e-01	1.616990e-01	1.222691e+01	1.221752e+01	1.388774e+01	0.000000e+00	1.275312e+01	0.000000e+00	1.219018e+01	9.683000e-03	0.000000e+00	0.000000e+00	0.000000e+00
-2.750000e+00	1.399690e-01	1.489880e-01	1.703250e-01	1.304926e+01	1.303714e+01	1.490183e+01	0.000000e+00	1.360075e+01	0.000000e+00	1.300868e+01	1.071400e-02	0.000000e+00	0.000000e+00	0.000000e+00
-2.700000e+00	1.423220e-01	1.489590e-01	1.801450e-01	1.383916e+01	1.382481e+01	1.589934e+01	0.000000e+00	1.440868e+01	0.000000e+00	1.379375e+01	1.182500e-02	0.000000e+00	0.000000e+00	0.000000e+00
-2.650000e+00	1.446240e-01	1.487780e-01	1.913120e-01	1.458337e+01	1.456722e+01	1.687120e+01	0.000000e+00	1.516561e+01	0.000000e+00	1.453460e+01	1.304500e-02	0.000000e+00	0.000000e+00	0.000000e+00
-2.600000e+00	1.473040e-01	1.485410e-01	2.037450e-01	1.526874e+01	1.525200e+01	1.780916e+01	0.000000e+00	1.586178e+01	0.000000e+00	1.522043e+01	1.442500e-02	0.000000e+00	0.000000e+00	0.000000e+00
-2.550000e+00	1.499070e-01	1.485110e-01	2.175740e-01	1.588375e+01	1.587053e+01	1.870067e+01	0.000000e+00	1.648731e+01	0.000000e+00	1.583663e+01	1.608100e-02	0.000000e+00	0.000000e+00	0.000000e+00
-2.500000e+00	1.525540e-01	1.486480e-01	2.333610e-01	1.639970e+01	1.638258e+01	1.951125e+01	0.000000e+00	1.699828e+01	0.000000e+00	1.634434e+01	1.780300e-02	0.000000e+00	0.000000e+00	0.000000e+00
-2.450000e+00	1.550700e-01	1.486820e-01	2.508830e-01	1.682604e+01	1.680426e+01	2.025057e+01	0.000000e+00	1.741249e+01	0.000000e+00	1.676391e+01	1.956800e-02	0.000000e+00	0.000000e+00	0.000000e+00
-2.400000e+00	1.575930e-01	1.486980e-01	2.705100e-01	1.715557e+01	1.712945e+01	2.091407e+01	0.000000e+00	1.772438e+01	0.000000e+00	1.708823e+01	2.153200e-02	0.000000e+00	0.000000e+00	0.000000e+00
-2.350000e+00	1.600240e-01	1.488210e-01	2.925430e-01	1.738462e+01	1.735390e+01	2.149608e+01	0.000000e+00	1.792919e+01	0.000000e+00	1.731355e+01	2.360300e-02	0.000000e+00	0.000000e+00	0.000000e+00
-2.300000e+00	1.622990e-01	1.490140e-01	3.171780e-01	1.751178e+01	1.747602e+01	2.199028e+01	0.000000e+00	1.802421e+01	0.000000e+00	1.743799e+01	2.565100e-02	0.000000e+00	0.000000e+00	0.000000e+00
-2.250000e+00	1.646880e-01	1.488700e-01	3.444580e-01	1.753638e+01	1.749751e+01	2.239051e+01	0.000000e+00	1.801025e+01	0.000000e+00	1.745992e+01	2.789500e-02	0.000000e+00	0.000000e+00	0.000000e+00
-2.200000e+00	1.667260e-01	1.487820e-01	3.754870e-01	1.744449e+01	1.739491e+01	2.266072e+01	0.000000e+00	1.786506e+01	0.000000e+00	1.736195e+01	3.031600e-02	0.000000e+00	0.000000e+00	0.000000e+00
-2.150000e+00	1.688920e-01	1.487240e-01	4.096120e-01	1.726152e+01	1.720795e+01	2.282174e+01	0.000000e+00	1.761762e+01	0.000000e+00	1.717662e+01	3.275900e-02	0.000000e+00	0.000000e+00	0.000000e+00
-2.100000e+00	1.714130e-01	1.484900e-01	4.471230e-01	1.699590e+01	1.693887e+01	2.285770e+01	0.000000e+00	1.727760e+01	0.000000e+00	1.690818e+01	3.533100e-02	0.000000e+00	0.000000e+00	0.000000e+00
-2.050000e+00	1.740530e-01	1.482460e-01	4.880320e-01	1.665489e+01	1.659435e+01	2.274968e+01	0.000000e+00	1.685504e+01	0.000000e+00	1.656351e+01	3.811500e-02	0.000000e+00	0.000000e+00	0.000000e+00
-2.000000e+00	1.764620e-01	1.481510e-01	5.324300e-01	1.624799e+01	1.618453e+01	2.247276e+01	0.000000e+00	1.635841e+01	0.000000e+00	1.615286e+01	4.105400e-02	0.000000e+00	0.000000e+00	0.000000e+00
-1.950000e+00	1.785610e-01	1.479790e-01	5.810910e-01	1.578989e+01	1.572183e+01	2.199423e+01	0.000000e+00	1.579302e+01	0.000000e+00	1.569033e+01	4.377600e-02	0.000000e+00	0.000000e+00	0.000000e+00
-1.900000e+00	1.807230e-01	1.477590e-01	6.334540e-01	1.527198e+01	1.519221e+01	2.119698e+01	0.000000e+00	1.515069e+01	0.000000e+00	1.516455e+01	4.642000e-02	0.000000e+00	0.000000e+00	0.000000e+00
-1.850000e+00	1.827410e-01	1.477080e-01	6.891730e-01	1.471163e+01	1.462893e+01	2.020306e+01	0.000000e+00	1.446362e+01	0.000000e+00	1.460253e+01	4.890300e-02	0.000000e+00	0.000000e+00	0.000000e+00
-1.800000e+00	1.848150e-01	1.474370e-01	7.487210e-01	1.411810e+01	1.403552e+01	1.919186e+01	0.000000e+00	1.373696e+01	0.000000e+00	1.400908e+01	5.111200e-02	0.000000e+00	0.000000e+00	0.000000e+00
-1.750000e+00	1.867950e-01	1.468850e-01	8.120620e-01	1.350143e+01	1.341779e+01	1.822864e+01	0.000000e+00	1.297807e+01	0.000000e+00	1.339160e+01	5.320500e-02	0.000000e+00	0.000000e+00	0.000000e+00
-1.700000e+00	1.885570e-01	1.462680e-01	8.788510e-01	1.286856e+01	1.278239e+01	1.729790e+01	0.000000e+00	1.219554e+01	0.000000e+00	1.275672e+01	5.532500e-02	0.000000e+00	0.000000e+00	0.000000e+00
-1.650000e+00	1.903960e-01	1.460200e-01	9.488030e-01	1.222048e+01	1.213560e+01	1.633288e+01	0.000000e+00	1.139842e+01	0.000000e+00	1.210768e+01	5.724300e-02	0.000000e+00	0.000000e+00	0.000000e+00
-1.600000e+00	1.923340e-01	1.454800e-01	1.020733e+00	1.155336e+01	1.146477e+01	1.529881e+01	0.000000e+00	1.058149e+01	0.000000e+00	1.144168e+01	5.869600e-02	0.000000e+00	0.000000e+00	0.000000e+00
-1.550000e+00	1.941940e-01	1.448480e-01	1.095135e+00	1.087707e+01	1.079263e+01	1.422381e+01	0.000000e+00	9.766764e+00	0.000000e+00	1.077265e+01	5.976700e-02	0.000000e+00	0.000000e+00	0.000000e+00
-1.500000e+00	1.958030e-01	1.442520e-01	1.170953e+00	1.020211e+01	1.012428e+01	1.312207e+01	0.000000e+00	8.961420e+00	0.000000e+00	1.010500e+01	6.061600e-02	0.000000e+00	0.000000e+00	0.000000e+00
-1.450000e+00	1.971150e-01	1.435710e-01	1.247305e+00	9.532618e+00	9.462358e+00	1.200688e+01	0.000000e+00	8.170667e+00	0.000000e+00	9.442086e+00	6.106600e-02	0.000000e+00	0.000000e+00	0.000000e+00
-1.400000e+00	1.981020e-01	1.426530e-01	1.323976e+00	8.870894e+00	8.809252e+00	1.089192e+01	0.000000e+00	7.400914e+00	0.000000e+00	8.787509e+00	6.085500e-02	0.000000e+00	0.000000e+00	0.000000e+00
-1.350000e+00	1.986460e-01	1.415320e-01	1.402037e+00	8.220657e+00	8.168639e+00	9.791847e+00	0.000000e+00	6.661344e+00	0.000000e+00	8.145949e+00	5.991300e-02	0.000000e+00	0.000000e+00	0.000000e+00
-1.300000e+00	1.998900e-01	1.408040e-01	1.475611e+00	7.571809e+00	7.532948e+00	8.696893e+00	0.000000e+00	5.938248e+00	0.000000e+00	7.512284e+00	5.888700e-02	0.000000e+00	0.000000e+00	0.000000e+00
-1.250000e+00	2.012160e-01	1.399520e-01	1.546382e+00	6.940187e+00	6.915674e+00	7.643806e+00	0.000000e+00	5.251062e+00	0.000000e+00	6.898090e+00	5.736700e-02	0.000000e+00	0.000000e+00	0.000000e+00
-1.200000e+00	2.024090e-01	1.388480e-01	1.612177e+00	6.325397e+00	6.318729e+00	6.640220e+00	0.000000e+00	4.602512e+00	0.000000e+00	6.303760e+00	5.562800e-02	0.000000e+00	0.000000e+00	0.000000e+00
-1.150000e+00	2.030610e-01	1.375200e-01	1.672152e+00	5.730883e+00	5.743605e+00	5.695473e+00	0.000000e+00	3.997098e+00	0.000000e+00	5.731692e+00	5.372700e-02	0.000000e+00	0.000000e+00	0.000000e+00
-1.100000e+00	2.030900e-01	1.361030e-01	1.725580e+00	5.160337e+00	5.192551e+00	4.818382e+00	0.000000e+00	3.438379e+00	0.000000e+00	5.184072e+00	5.157200e-02	0.000000e+00	0.000000e+00	0.000000e+00
-1.050000e+00	2.032690e-01	1.347950e-01	1.770310e+00	4.615573e+00	4.669103e+00	4.015916e+00	0.000000e+00	2.927729e+00	0.000000e+00	4.661597e+00	4.900500e-02	0.000000e+00	0.000000e+00	0.000000e+00
-1.000000e+00	2.029880e-01	1.329250e-01	1.800211e+00	4.089610e+00	4.163209e+00	3.284012e+00	0.000000e+00	2.452756e+00	0.000000e+00	4.156747e+00	4.577800e-02	0.000000e+00	0.000000e+00	0.000000e+00
-9.500000e-01	2.021860e-01	1.309780e-01	1.818601e+00	3.593793e+00	3.685926e+00	2.642129e+00	0.000000e+00	2.027013e+00	0.000000e+00	3.680290e+00	4.300200e-02	0.000000e+00	0.000000e+00	0.000000e+00
-9.000000e-01	2.013050e-01	1.291730e-01	1.821964e+00	3.128979e+00	3.237527e+00	2.088476e+00	0.000000e+00	1.651252e+00	0.000000e+00	3.231535e+00	3.978600e-02	0.000000e+00	0.000000e+00	0.000000e+00
-8.500000e-01	2.002280e-01	1.272980e-01	1.807756e+00	2.697514e+00	2.817543e+00	1.620935e+00	0.000000e+00	1.324206e+00	0.000000e+00	2.812535e+00	3.645700e-02	0.000000e+00	0.000000e+00	0.000000e+00
-8.000000e-01	1.985620e-01	1.250310e-01	1.774861e+00	2.300400e+00	2.427014e+00	1.234772e+00	0.000000e+00	1.043971e+00	0.000000e+00	2.424259e+00	3.323400e-02	0.000000e+00	0.000000e+00	0.000000e+00
-7.500000e-01	1.959120e-01	1.222360e-01	1.723911e+00	1.936367e+00	2.069095e+00	9.224870e-01	0.000000e+00	8.083820e-01	0.000000e+00	2.065088e+00	2.942400e-02	0.000000e+00	0.000000e+00	0.000000e+00
-7.000000e-01	1.930610e-01	1.195700e-01	1.647890e+00	1.602681e+00	1.736632e+00	6.730910e-01	0.000000e+00	6.104440e-01	0.000000e+00	1.733377e+00	2.637900e-02	0.000000e+00	0.000000e+00	0.000000e+00
-6.500000e-01	1.900350e-01	1.164780e-01	1.552795e+00	1.304742e+00	1.435048e+00	4.806610e-01	0.000000e+00	4.503520e-01	0.000000e+00	1.433340e+00	2.325000e-02	0.000000e+00	0.000000e+00	0.000000e+00
-6.000000e-01	1.862580e-01	1.130350e-01	1.439032e+00	1.042775e+00	1.165835e+00	3.360650e-01	0.000000e+00	3.243530e-01	0.000000e+00	1.164754e+00	2.024500e-02	0.000000e+00	0.000000e+00	0.000000e+00
-5.500000e-01	1.816440e-01	1.093060e-01	1.309225e+00	8.167480e-01	9.288670e-01	2.298370e-01	0.000000e+00	2.273470e-01	0.000000e+00	9.278530e-01	1.750300e-02	0.000000e+00	0.000000e+00	0.000000e+00
-5.000000e-01	1.763450e-01	1.053750e-01	1.166561e+00	6.254410e-01	7.236750e-01	1.535030e-01	0.000000e+00	1.547260e-01	0.000000e+00	7.228390e-01	1.500500e-02	0.000000e+00	0.000000e+00	0.000000e+00
-4.500000e-01	1.705040e-01	1.013560e-01	1.013877e+00	4.664880e-01	5.497560e-01	9.994700e-02	0.000000e+00	1.024130e-01	0.000000e+00	5.494520e-01	1.257100e-02	0.000000e+00	0.000000e+00	0.000000e+00
-4.000000e-01	1.642230e-01	9.675400e-02	8.498030e-01	3.345340e-01	4.019610e-01	6.264200e-02	0.000000e+00	6.456900e-02	0.000000e+00	4.015470e-01	1.028200e-02	0.000000e+00	0.000000e+00	0.000000e+00
-3.500000e-01	1.577350e-01	9.190400e-02	6.865320e-01	2.315040e-01	2.824300e-01	3.810100e-02	0.000000e+00	3.907000e-02	0.000000e+00	2.820540e-01	8.297000e-03	0.000000e+00	0.000000e+00	0.000000e+00
-3.000000e-01	1.507620e-01	8.690900e-02	5.314860e-01	1.536840e-01	1.895000e-01	2.243100e-02	0.000000e+00	2.249800e-02	0.000000e+00	1.890780e-01	6.562000e-03	0.000000e+00	0.000000e+00	0.000000e+00
-2.500000e-01	1.434280e-01	8.197500e-02	3.943440e-01	9.796900e-02	1.213910e-01	1.293700e-02	0.000000e+00	1.225700e-02	0.000000e+00	1.209830e-01	4.942000e-03	0.000000e+00	0.000000e+00	0.000000e+00
-2.000000e-01	1.355730e-01	7.720800e-02	2.724310e-01	5.867400e-02	7.188800e-02	7.482000e-03	0.000000e+00	5.886000e-03	0.000000e+00	7.146300e-02	3.784000e-03	0.000000e+00	0.000000e+00	0.000000e+00
-1.500000e-01	1.276260e-01	7.211900e-02	1.756340e-01	3.323500e-02	3.908500e-02	4.574000e-03	0.000000e+00	2.404000e-03	0.000000e+00	3.890200e-02	4.132000e-03	0.000000e+00	0.000000e+00	0.000000e+00
-1.000000e-01	1.200580e-01	6.656900e-02	1.054190e-01	1.802600e-02	1.939200e-02	3.047000e-03	0.000000e+00	9.220000e-04	0.000000e+00	1.926800e-02	5.124900e-02	0.000000e+00	0.000000e+00	0.000000e+00
-5.000000e-02	1.124530e-01	6.105200e-02	6.249000e-02	1.000600e-02	9.512000e-03	2.125000e-03	0.000000e+00	3.740000e-04	0.000000e+00	9.447000e-03	2.815810e+00	0.000000e+00	0.000000e+00	0.000000e+00
0.000000e+00	1.078960e-01	5.784100e-02	4.572800e-02	7.028000e-03	6.073000e-03	1.715000e-03	0.000000e+00	2.080000e-04	0.000000e+00	6.056000e-03	7.057756e+01	0.000000e+00	0.000000e+00	0.000000e+00
