1.00000000000000005551e-01	6.55316141475585384885e-03
1.04712854805089961019e-01	6.72352780707232734747e-03
1.09647819614318520198e-01	6.89717918504575543820e-03
1.14815362149688293680e-01	7.07414060660049946044e-03
1.20226443461741300256e-01	7.25443880024369009557e-03
1.25892541179416728170e-01	7.43810255945326088273e-03
1.31825673855640701504e-01	7.62516315684425623894e-03
1.38038426460288493614e-01	7.81565479035122717688e-03
1.44543977074592738807e-01	8.00961502019864601820e-03
1.51356124843620820641e-01	8.20708521474200480839e-03
1.58489319246111343142e-01	8.40811145266849753466e-03
1.65958690743756076547e-01	8.61274483285275581357e-03
1.73780082874937569226e-01	8.82104185634330351107e-03
1.81970085860998359584e-01	9.03306481226058208267e-03
1.90546071796324739678e-01	9.24888215088811097009e-03
1.99526231496887973549e-01	9.46856870160709199191e-03
2.08929613085403975692e-01	9.69220574865149731014e-03
2.18776162394955259183e-01	9.91988107686121202422e-03
2.29086765276777321043e-01	1.01516886911246564940e-02
2.39883291901949097236e-01	1.03877284675054307878e-02
2.51188643150958013095e-01	1.06281054922021060000e-02
2.63026799189538251778e-01	1.08729289596543980678e-02
2.75422870333816627308e-01	1.11223107963135826176e-02
2.88403150312660561116e-01	1.13763638288364478390e-02
3.01995172040201653729e-01	1.16351994401640308069e-02
3.16227766016837941176e-01	1.18989247341511339418e-02
3.31131121482591161964e-01	1.21676391524018663592e-02
3.46736850452531664146e-01	1.24414303538542079380e-02
3.63078054770101354976e-01	1.27203693173621387724e-02
3.80189396320561201481e-01	1.30045046451181204455e-02
3.98107170553497313747e-01	1.32938571861722990008e-02
4.16869383470335419517e-01	1.35884138653206473085e-02
4.36515832240166046230e-01	1.38881181076280137837e-02
4.57088189614875073374e-01	1.41928594873465471760e-02
4.78630092322638311941e-01	1.45024652218937143144e-02
5.01187233627272354930e-01	1.48166889432859213288e-02
5.24807460249772539385e-01	1.51352015859831344480e-02
5.49540873857624623255e-01	1.54575791543204946882e-02
5.75439937337157036978e-01	1.57832895546157030153e-02
6.02559586074357778074e-01	1.61116853781112512323e-02
6.30957344480193249581e-01	1.64419890893649361940e-02
6.60693448007595995897e-01	1.67732815633514914522e-02
6.91830970918936638547e-01	1.71044937433845571639e-02
7.24435960074990226154e-01	1.74344000889987624237e-02
7.58577575029183770461e-01	1.77616051129761177985e-02
7.94328234724281490031e-01	1.80845429794342996144e-02
8.31763771102670967927e-01	1.84015109145865586593e-02
8.70963589956080697085e-01	1.87107183382763490875e-02
9.12010839355909874726e-01	1.90102251946988043407e-02
9.54992586021435885257e-01	1.92979449498250944794e-02
9.99999999999999888978e-01	1.95716630918968473307e-02
1.04712854805089983223e+00	1.98291023731273809150e-02
1.09647819614318531301e+00	2.00679276569687078946e-02
1.14815362149688282578e+00	2.02857458084089101180e-02
1.20226443461741272500e+00	2.04801358210945326499e-02
1.25892541179416705965e+00	2.06486750386388577538e-02
1.31825673855640723708e+00	2.07889622604266431638e-02
1.38038426460288499165e+00	2.08986655988023031782e-02
1.44543977074592744358e+00	2.09755565464272430987e-02
1.51356124843620798437e+00	2.10175527524117736200e-02
1.58489319246111382000e+00	2.10227523458021252345e-02
1.65958690743756065444e+00	2.09894742652986000808e-02
1.73780082874937535919e+00	2.09162882963480310783e-02
1.81970085860998342930e+00	2.08020502619695110691e-02
1.90546071796324767433e+00	2.06459443684336718672e-02
1.99526231496887973549e+00	2.04475057530695281116e-02
2.08929613085403964590e+00	2.02066375899204661581e-02
2.18776162394955253632e+00	1.99236239932964291632e-02
2.29086765276777271083e+00	1.95991365721039645376e-02
2.39883291901949080582e+00	1.92342285766826867621e-02
2.51188643150958057504e+00	1.88303307679547268783e-02
2.63026799189538174062e+00	1.83892404604094131249e-02
2.75422870333816627308e+00	1.79130994136184711063e-02
2.88403150312660683241e+00	1.74043645568335327012e-02
3.01995172040201653729e+00	1.68657722838497711737e-02
3.16227766016837952279e+00	1.63002970387787909923e-02
3.31131121482591206373e+00	1.57110970164878391286e-02
3.46736850452531619737e+00	1.51014740720001941487e-02
3.63078054770101443793e+00	1.44748217497533433057e-02
3.80189396320561057152e+00	1.38345692855082538775e-02
3.98107170553497224930e+00	1.31841260841384973895e-02
4.16869383470335552744e+00	1.25276261036438539553e-02
4.36515832240165835287e+00	1.18750991299891826836e-02
4.57088189614875073374e+00	1.12294019737982711526e-02
4.78630092322638489577e+00	1.05930206800380916771e-02
5.01187233627272288317e+00	9.96837489112220066778e-03
5.24807460249772717020e+00	9.35772140052464236615e-03
5.49540873857624490029e+00	8.76315877415165776776e-03
5.75439937337156948161e+00	8.18670229474123371805e-03
6.02559586074357955710e+00	7.62993084697326413857e-03
6.30957344480193160763e+00	7.09404596821414882429e-03
6.60693448007596106919e+00	6.57995603543826829140e-03
6.91830970918936305480e+00	6.08839639948822834714e-03
7.24435960074990159541e+00	5.61996114864349825824e-03
7.58577575029184103528e+00	5.17504465614644377364e-03
7.94328234724281401213e+00	4.75374716098269419623e-03
8.31763771102671078950e+00	4.35609478848036912879e-03
8.70963589956080319610e+00	3.98189062145239656976e-03
9.12010839355909830317e+00	3.63087214514574161198e-03
9.54992586021436196120e+00	3.30278286257321574554e-03
9.99999999999999822364e+00	2.99729946811504339987e-03
1.04712854805089961019e+01	2.71390274492984808277e-03
1.09647819614318535741e+01	2.45191325999548305134e-03
1.14815362149688269255e+01	2.21052460357146381142e-03
1.20226443461741325791e+01	1.98882803796745881442e-03
1.25892541179416692643e+01	1.78583900113365437110e-03
1.31825673855640701504e+01	1.60052067892045763765e-03
1.38038426460288530251e+01	1.43180475693919996745e-03
1.44543977074592735477e+01	1.27860951154692872693e-03
1.51356124843620847287e+01	1.13985455742140117871e-03
1.58489319246111293182e+01	1.01447390830625367233e-03
1.65958690743756065444e+01	9.01424248078966936296e-04
1.73780082874937598092e+01	7.99693599021887298155e-04
1.81970085860998302962e+01	7.08307376766657728444e-04
1.90546071796324731906e+01	6.26335231852387548657e-04
1.99526231496888044603e+01	5.52904446175843887999e-04
2.08929613085403929063e+01	4.87275175982953103523e-04
2.18776162394955306922e+01	4.28756901465208550665e-04
2.29086765276777271083e+01	3.76721132867670100049e-04
2.39883291901949036173e+01	3.30573955208556316803e-04
2.51188643150958093031e+01	2.89746414649496881067e-04
2.63026799189538174062e+01	2.53701599573065786093e-04
2.75422870333816689481e+01	2.21938825959083004154e-04
2.88403150312660514487e+01	1.93995424868640651021e-04
3.01995172040201644847e+01	1.69447958187066019878e-04
3.16227766016838032215e+01	1.47911432696308119041e-04
3.31131121482591055383e+01	1.29037986969719091837e-04
3.46736850452531655264e+01	1.12514753543168090594e-04
3.63078054770101488202e+01	9.80614938765759152706e-05
3.80189396320561172615e+01	8.54281293082395946567e-05
3.98107170553497340393e+01	7.43918111640452079346e-05
4.16869383470335321817e+01	6.47579178749074855625e-05
4.36515832240166048450e+01	5.63544126255910603402e-05
4.57088189614875233246e+01	4.90291873944650790978e-05
4.78630092322638347468e+01	4.26476194357892153704e-05
5.01187233627272377134e+01	3.70912446717551339340e-05
5.24807460249772503857e+01	3.22559347866993226511e-05
5.49540873857624561083e+01	2.80504591118452251651e-05
5.75439937337157090269e+01	2.43952524141102798682e-05
6.02559586074357653729e+01	2.12200155858237355267e-05
6.30957344480193356162e+01	1.84643196686808638873e-05
6.60693448007595804938e+01	1.60745852077397151727e-05
6.91830970918936571934e+01	1.40048166417767493884e-05
7.24435960074990248359e+01	1.22139656564403607900e-05
7.58577575029183606148e+01	1.06664194340489272073e-05
7.94328234724281543322e+01	9.32942090402205123992e-06
8.31763771102671398694e+01	8.17325975020392324095e-06
8.70963589956080568300e+01	7.16926297754715021837e-06
9.12010839355909865844e+01	6.28858257359096092787e-06
9.54992586021435698740e+01	5.50313949987330125084e-06
1.00000000000000000000e+02	4.80650773447485509112e-06
1.04712854805089918386e+02	4.19323999307061592645e-06
1.09647819614318564163e+02	3.65572341067063918596e-06
1.14815362149688283466e+02	3.18576527100330255142e-06
1.20226443461741254737e+02	2.77535868516384379232e-06
1.25892541179416824093e+02	2.41697364577551489519e-06
1.31825673855640758347e+02	2.10364320483152894689e-06
1.38038426460288462749e+02	1.82881015667809853824e-06
1.44543977074592675081e+02	1.58796873971786114037e-06
1.51356124843620875708e+02	1.37761679910730595101e-06
1.58489319246111335815e+02	1.19449902694304224872e-06
1.65958690743755965968e+02	1.03538257956046823715e-06
1.73780082874937647830e+02	8.97272812719139359892e-07
1.81970085860998352700e+02	7.77468643246167931700e-07
1.90546071796324639536e+02	6.73580163838137972469e-07
1.99526231496888101447e+02	5.83514415670326723552e-07
2.08929613085403985906e+02	5.05445759851204516101e-07
2.18776162394955207446e+02	4.37785567443868310652e-07
2.29086765276777498457e+02	3.79153760640295588733e-07
2.39883291901949149860e+02	3.28352842501545557115e-07
2.51188643150958000660e+02	2.84337779974280225838e-07
2.63026799189537996426e+02	2.46201654314545035288e-07
2.75422870333816774746e+02	2.13158499639888041207e-07
2.88403150312660613963e+02	1.84526304502520439389e-07
3.01995172040201453001e+02	1.59711114890828186757e-07
3.16227766016838131691e+02	1.38195864518415992109e-07
3.31131121482591140648e+02	1.19545689860030655282e-07
3.46736850452531541578e+02	1.03365510512665483556e-07
3.63078054770101573467e+02	8.93361846591673054106e-08
3.80189396320561286302e+02	7.71807445420767398458e-08
3.98107170553497155652e+02	6.66533621533988687426e-08
4.16869383470335776565e+02	5.75373790649245784621e-08
4.36515832240166162137e+02	4.96451148612081847056e-08
4.57088189614874977451e+02	4.28132458526791791805e-08
4.78630092322638063251e+02	3.68998306468303821897e-08
5.01187233627272519243e+02	3.17813876080396161706e-08
5.24807460249772589123e+02	2.73488146154069165792e-08
5.49540873857624205812e+02	2.35012871015957376159e-08
5.75439937337157289221e+02	2.01515650645989091869e-08
6.02559586074357753205e+02	1.72528261921508532826e-08
6.30957344480193114578e+02	1.47542684314407583767e-08
6.60693448007596543903e+02	1.26043200369192273641e-08
6.91830970918936600356e+02	1.07569512994815721612e-08
7.24435960074989907298e+02	9.17102337525101486120e-09
7.58577575029183208244e+02	7.80834697359680937032e-09
7.94328234724281742274e+02	6.63413082026232219055e-09
8.31763771102670943947e+02	5.62738905197937253355e-09
8.70963589956080113552e+02	4.77010537161847402994e-09
9.12010839355910206905e+02	4.04201862586548780446e-09
9.54992586021436068222e+02	3.42464313189388291010e-09
9.99999999999999545253e+02	2.90183411211054678826e-09
1.04712854805090023547e+03	2.45967195026307016044e-09
1.09647819614318518688e+03	2.08635146144906722610e-09
1.14815362149688235149e+03	1.77155205307088815155e-09
1.20226443461741359897e+03	1.50580857229603276423e-09
1.25892541179416753039e+03	1.28144503966434891142e-09
1.31825673855640684451e+03	1.09200103533882487530e-09
1.38038426460288383169e+03	9.32001579692536857176e-10
1.44543977074592817189e+03	7.96811636413508157124e-10
1.51356124843620818865e+03	6.82549085006858612874e-10
1.58489319246111244865e+03	5.85213002533820390038e-10
1.65958690743756142183e+03	5.02059426786389429293e-10
1.73780082874937556880e+03	4.31232287851838144761e-10
1.81970085860998278804e+03	3.71007439068865805583e-10
1.90546071796324849856e+03	3.19785409571301822889e-10
1.99526231496887999128e+03	2.76222546057632374449e-10
2.08929613085403889272e+03	2.39129316797511270928e-10
2.18776162394955417767e+03	2.07358966500800170934e-10
2.29086765276777396139e+03	1.80035125404679118243e-10
2.39883291901948996383e+03	1.56449134211152344085e-10
2.51188643150957841499e+03	1.36013983721211702351e-10
2.63026799189538314749e+03	1.18242284480042452485e-10
2.75422870333816626953e+03	1.02726720622876859894e-10
2.88403150312660454802e+03	8.91162657775596961481e-11
3.01995172040201759955e+03	7.71522751758836087708e-11
3.16227766016837949792e+03	6.66212292895188401538e-11
3.31131121482590970118e+03	5.73473910110259240016e-11
3.46736850452531871269e+03	4.91851077574042505198e-11
3.63078054770101380200e+03	4.20118158821520889790e-11
3.80189396320561081666e+03	3.57183625411522697175e-11
3.98107170553497599030e+03	3.02220946730826680323e-11
4.16869383470335560560e+03	2.54528330202053021372e-11
4.36515832240165855183e+03	2.13209934079852223280e-11
4.57088189614874772815e+03	1.77067351552595763920e-11
4.78630092322638574842e+03	1.45484981203255140914e-11
5.01187233627272235026e+03	1.18654858874878675571e-11
5.24807460249772339012e+03	9.59437721929904231143e-12
5.49540873857624865195e+03	7.67707451675926313907e-12
5.75439937337156970898e+03	6.06321426397518373390e-12
6.02559586074357503094e+03	4.70927137060234776176e-12
6.30957344480193660274e+03	3.57765854435276515127e-12
6.60693448007596180105e+03	2.63593818343264664097e-12
6.91830970918936236558e+03	1.85613786176879635344e-12
7.24435960074990634894e+03	1.21415436689456192071e-12
7.58577575029183935840e+03	6.89236606077572484015e-13
7.94328234724281355739e+03	2.63535863360489718249e-13
8.31763771102670398250e+03	-7.82846742936669391705e-14
8.70963589956080977572e+03	-3.49388974960421904392e-13
9.12010839355909774895e+03	-5.61062561623324461298e-13
9.54992586021435454313e+03	-7.22967962460217715060e-13
1.00000000000000072760e+04	-8.43366358440403531360e-13
1.04712854805089955335e+04	-9.29309781607619784772e-13
1.09647819614318468666e+04	-9.86807797359660542910e-13
1.14815362149688353384e+04	-1.02097176243641599169e-12
1.20226443461741309875e+04	-1.03614014313304397542e-12
1.25892541179416693922e+04	-1.03598659492262763847e-12
1.31825673855640816328e+04	-1.02361378050396354288e-12
1.38038426460288537783e+04	-1.00163439512882178534e-12
1.44543977074592730787e+04	-9.72241244930034148652e-13
1.51356124843620727916e+04	-9.37267770907976719771e-13
1.58489319246111408575e+04	-8.98240336893400861019e-13
1.65958690743756051234e+04	-8.56423137604266352161e-13
1.73780082874937470478e+04	-8.12857334525175698287e-13
1.81970085860998442513e+04	-7.68394320237358376337e-13
1.90546071796324758907e+04	-7.23724543950346706329e-13
1.99526231496887921821e+04	-6.79402317491789664836e-13
2.08929613085404125741e+04	-6.35867067473110025554e-13
2.18776162394955317723e+04	-5.93461526821592617810e-13
2.29086765276777259714e+04	-5.52447444101280616658e-13
2.39883291901948869054e+04	-5.13018854253044753765e-13
2.51188643150958087062e+04	-4.75313526104139641013e-13
2.63026799189538178325e+04	-4.39422739650322569268e-13
2.75422870333816463244e+04	-4.05399522976703042229e-13
2.88403150312660727650e+04	-3.73265719278699916436e-13
3.01995172040201614436e+04	-3.43017933946565482817e-13
3.16227766016837813368e+04	-3.14632601440476501713e-13
3.31131121482591261156e+04	-2.88070225888868810346e-13
3.46736850452531652991e+04	-2.63278986689213947788e-13
3.63078054770101225586e+04	-2.40197640419079109248e-13
3.80189396320561500033e+04	-2.18758164075089658886e-13
3.98107170553497344372e+04	-1.98887684528312049704e-13
4.16869383470335305901e+04	-1.80510278497932858766e-13
4.36515832240165618714e+04	-1.63548359834687684224e-13
4.57088189614875227562e+04	-1.47923815903564654195e-13
4.78630092322638301994e+04	-1.33558921759197235597e-13
5.01187233627271998557e+04	-1.20377073289918755696e-13
5.24807460249772921088e+04	-1.08303432435933337179e-13
5.49540873857624610537e+04	-9.72652704041586266352e-14
5.75439937337156661670e+04	-8.71923851642806607112e-14
6.02559586074358085170e+04	-7.80173111979401861672e-14
6.30957344480193351046e+04	-6.96755124012796960816e-14
6.60693448007595725358e+04	-6.21054830321178081546e-14
6.91830970918937091483e+04	-5.52487621917487106238e-14
7.24435960074990143767e+04	-4.90500952567752771278e-14
7.58577575029183499282e+04	-4.34571652860543790032e-14
7.94328234724280919181e+04	-3.84208242792448378676e-14
8.31763771102671307744e+04	-3.38948493174900456218e-14
8.70963589956080541015e+04	-2.98359242383381326589e-14
9.12010839355909265578e+04	-2.62035779464262164103e-14
9.54992586021436436567e+04	-2.29604388702466916188e-14
1.00000000000000000000e+05	-2.01027629990656655961e-14
